W	Pred
1.5	538.879
1.6	532.105
1.7	525.759
1.8	519.793
1.9	514.169
2	508.855
2.1	503.82
2.2	499.041
2.3	494.495
2.4	490.164
2.5	486.031
2.6	482.081
2.7	478.3
2.8	474.676
2.9	471.2
3	467.86
3.1	464.649
3.2	461.559
3.3	458.581
3.4	455.71
3.5	452.939
3.6	450.264
3.7	447.678
3.8	445.176
3.9	442.756
4	440.412
4.1	438.141
4.2	435.94
4.3	433.804
4.4	431.731
4.5	429.719
4.6	427.764
4.7	425.864
4.8	424.017
4.9	422.221
5	420.473
5.1	418.771
5.2	417.114
5.3	415.5
5.4	413.928
5.5	412.395
5.6	410.901
5.7	409.443
5.8	408.022
5.9	406.634
6	405.28
6.1	403.958
6.2	402.667
6.3	401.406
6.4	400.174
6.5	398.971
6.6	397.794
6.7	396.644
6.8	395.519
6.9	394.419
7	393.344
7.1	392.291
7.2	391.261
7.3	390.254
7.4	389.267
7.5	388.302
7.6	387.356
7.7	386.431
7.8	385.524
7.9	384.636
8	383.766
8.1	382.914
8.2	382.079
8.3	381.261
8.4	380.459
8.5	379.674
8.6	378.903
8.7	378.148
8.8	377.408
8.9	376.682
9	375.97
9.1	375.272
9.2	374.587
9.3	373.916
9.4	373.257
9.5	372.611
9.6	371.977
9.7	371.356
9.8	370.745
9.9	370.147
10	369.559
10.1	368.983
10.2	368.417
10.3	367.862
10.4	367.318
10.5	366.783
10.6	366.258
10.7	365.743
10.8	365.237
10.9	364.741
11	364.254
11.1	363.776
11.2	363.306
11.3	362.845
11.4	362.393
11.5	361.949
11.6	361.513
11.7	361.085
11.8	360.664
11.9	360.252
12	359.847
12.1	359.449
12.2	359.059
12.3	358.676
12.4	358.299
12.5	357.93
12.6	357.568
12.7	357.212
12.8	356.862
12.9	356.519
13	356.183
13.1	355.852
13.2	355.528
13.3	355.209
13.4	354.897
13.5	354.59
13.6	354.289
13.7	353.994
13.8	353.704
13.9	353.419
14	353.14
14.1	352.866
14.2	352.598
14.3	352.334
14.4	352.076
14.5	351.822
14.6	351.573
14.7	351.329
14.8	351.09
14.9	350.855
15	350.625
15.1	350.4
15.2	350.179
15.3	349.962
15.4	349.749
15.5	349.541
15.6	349.337
15.7	349.137
15.8	348.941
15.9	348.75
16	348.562
16.1	348.378
16.2	348.198
16.3	348.021
16.4	347.849
16.5	347.68
16.6	347.514
16.7	347.352
16.8	347.194
16.9	347.039
17	346.888
17.1	346.74
17.2	346.595
17.3	346.454
17.4	346.316
17.5	346.181
17.6	346.049
17.7	345.921
17.8	345.795
17.9	345.673
18	345.553
18.1	345.437
18.2	345.323
18.3	345.213
18.4	345.105
18.5	345
18.6	344.897
18.7	344.798
18.8	344.701
18.9	344.607
19	344.516
19.1	344.427
19.2	344.341
19.3	344.257
19.4	344.176
19.5	344.097
19.6	344.021
19.7	343.947
19.8	343.876
19.9	343.807
20	343.74
20.1	343.675
20.2	343.613
20.3	343.554
20.4	343.496
20.5	343.441
20.6	343.387
20.7	343.336
20.8	343.288
20.9	343.241
21	343.196
21.1	343.153
21.2	343.113
21.3	343.074
21.4	343.038
21.5	343.003
21.6	342.97
21.7	342.94
21.8	342.911
21.9	342.884
22	342.859
22.1	342.835
22.2	342.814
22.3	342.794
22.4	342.777
22.5	342.761
22.6	342.746
22.7	342.734
22.8	342.723
22.9	342.714
23	342.706
23.1	342.7
23.2	342.696
23.3	342.693
23.4	342.692
23.5	342.693
23.6	342.695
23.7	342.699
23.8	342.704
23.9	342.711
24	342.719
24.1	342.729
24.2	342.74
24.3	342.753
24.4	342.767
24.5	342.783
24.6	342.8
24.7	342.818
24.8	342.838
24.9	342.859
25	342.882
25.1	342.906
25.2	342.931
25.3	342.957
25.4	342.985
25.5	343.014
25.6	343.045
25.7	343.076
25.8	343.109
25.9	343.144
26	343.179
26.1	343.216
26.2	343.254
26.3	343.293
26.4	343.333
26.5	343.375
26.6	343.417
26.7	343.461
26.8	343.506
26.9	343.552
27	343.599
27.1	343.647
27.2	343.697
27.3	343.747
27.4	343.799
27.5	343.851
27.6	343.905
27.7	343.96
27.8	344.016
27.9	344.072
28	344.13
28.1	344.189
28.2	344.249
28.3	344.31
28.4	344.372
28.5	344.435
28.6	344.498
28.7	344.563
28.8	344.629
28.9	344.695
29	344.763
29.1	344.831
29.2	344.901
29.3	344.971
29.4	345.042
29.5	345.115
29.6	345.188
29.7	345.262
29.8	345.336
29.9	345.412
30	345.488
30.1	345.566
30.2	345.644
30.3	345.723
30.4	345.803
30.5	345.883
30.6	345.965
30.7	346.047
30.8	346.13
30.9	346.214
31	346.299
31.1	346.384
31.2	346.47
31.3	346.557
31.4	346.645
31.5	346.733
31.6	346.823
31.7	346.913
31.8	347.003
31.9	347.095
32	347.187
32.1	347.28
32.2	347.373
32.3	347.468
32.4	347.562
32.5	347.658
32.6	347.754
32.7	347.852
32.8	347.949
32.9	348.048
33	348.147
33.1	348.246
33.2	348.347
33.3	348.448
33.4	348.549
33.5	348.652
33.6	348.754
33.7	348.858
33.8	348.962
33.9	349.067
34	349.172
34.1	349.278
34.2	349.385
34.3	349.492
34.4	349.6
34.5	349.708
34.6	349.817
34.7	349.927
34.8	350.037
34.9	350.147
35	350.259
35.1	350.371
35.2	350.483
35.3	350.596
35.4	350.709
35.5	350.823
35.6	350.938
35.7	351.053
35.8	351.169
35.9	351.285
36	351.401
36.1	351.519
36.2	351.636
36.3	351.754
36.4	351.873
36.5	351.992
36.6	352.112
36.7	352.232
36.8	352.353
36.9	352.474
37	352.596
37.1	352.718
37.2	352.841
37.3	352.964
37.4	353.087
37.5	353.211
37.6	353.336
37.7	353.461
37.8	353.586
37.9	353.712
38	353.839
38.1	353.965
38.2	354.093
38.3	354.22
38.4	354.348
38.5	354.477
38.6	354.606
38.7	354.735
38.8	354.865
38.9	354.995
39	355.126
39.1	355.257
39.2	355.388
39.3	355.52
39.4	355.652
39.5	355.785
39.6	355.918
39.7	356.052
39.8	356.186
39.9	356.32
40	356.454
40.1	356.589
40.2	356.725
40.3	356.861
40.4	356.997
40.5	357.133
40.6	357.27
40.7	357.408
40.8	357.545
40.9	357.683
41	357.822
41.1	357.96
41.2	358.099
41.3	358.239
41.4	358.379
41.5	358.519
41.6	358.659
41.7	358.8
41.8	358.941
41.9	359.083
42	359.224
42.1	359.367
42.2	359.509
42.3	359.652
42.4	359.795
42.5	359.938
42.6	360.082
42.7	360.226
42.8	360.371
42.9	360.515
43	360.66
43.1	360.806
43.2	360.951
43.3	361.097
43.4	361.244
43.5	361.39
43.6	361.537
43.7	361.684
43.8	361.832
43.9	361.98
44	362.128
44.1	362.276
44.2	362.425
44.3	362.573
44.4	362.723
44.5	362.872
44.6	363.022
44.7	363.172
44.8	363.322
44.9	363.473
45	363.624
45.1	363.775
45.2	363.926
45.3	364.078
45.4	364.23
45.5	364.382
45.6	364.534
45.7	364.687
45.8	364.84
45.9	364.993
46	365.147
46.1	365.3
46.2	365.454
46.3	365.608
46.4	365.763
46.5	365.918
46.6	366.073
46.7	366.228
46.8	366.383
46.9	366.539
47	366.695
47.1	366.851
47.2	367.007
47.3	367.164
47.4	367.321
47.5	367.478
47.6	367.635
47.7	367.792
47.8	367.95
47.9	368.108
48	368.266
48.1	368.425
48.2	368.583
48.3	368.742
48.4	368.901
48.5	369.06
48.6	369.22
48.7	369.38
48.8	369.539
48.9	369.699
49	369.86
49.1	370.02
49.2	370.181
49.3	370.342
49.4	370.503
49.5	370.664
49.6	370.826
49.7	370.988
49.8	371.149
49.9	371.312
50	371.474
50.1	371.636
50.2	371.799
50.3	371.962
50.4	372.125
50.5	372.288
50.6	372.451
50.7	372.615
50.8	372.779
50.9	372.943
51	373.107
51.1	373.271
51.2	373.436
51.3	373.6
51.4	373.765
51.5	373.93
51.6	374.096
51.7	374.261
51.8	374.426
51.9	374.592
52	374.758
52.1	374.924
52.2	375.09
52.3	375.257
52.4	375.423
52.5	375.59
52.6	375.757
52.7	375.924
52.8	376.091
52.9	376.258
53	376.426
53.1	376.594
53.2	376.761
53.3	376.929
53.4	377.097
53.5	377.266
53.6	377.434
53.7	377.603
53.8	377.772
53.9	377.94
54	378.109
54.1	378.279
54.2	378.448
54.3	378.617
54.4	378.787
54.5	378.957
54.6	379.127
54.7	379.297
54.8	379.467
54.9	379.637
55	379.808
55.1	379.978
55.2	380.149
55.3	380.32
55.4	380.491
55.5	380.662
55.6	380.833
55.7	381.005
55.8	381.176
55.9	381.348
56	381.519
56.1	381.691
56.2	381.863
56.3	382.036
56.4	382.208
56.5	382.38
56.6	382.553
56.7	382.725
56.8	382.898
56.9	383.071
57	383.244
57.1	383.417
57.2	383.591
57.3	383.764
57.4	383.937
57.5	384.111
57.6	384.285
57.7	384.459
57.8	384.633
57.9	384.807
58	384.981
58.1	385.155
58.2	385.33
58.3	385.504
58.4	385.679
58.5	385.854
58.6	386.028
58.7	386.203
58.8	386.378
58.9	386.554
59	386.729
59.1	386.904
59.2	387.08
59.3	387.255
59.4	387.431
59.5	387.607
59.6	387.783
59.7	387.959
59.8	388.135
59.9	388.311
60	388.487
60.1	388.664
60.2	388.84
60.3	389.017
60.4	389.193
60.5	389.37
60.6	389.547
60.7	389.724
60.8	389.901
60.9	390.078
61	390.255
61.1	390.433
61.2	390.61
61.3	390.788
61.4	390.965
61.5	391.143
61.6	391.321
61.7	391.499
61.8	391.677
61.9	391.855
62	392.033
62.1	392.211
62.2	392.389
62.3	392.568
62.4	392.746
62.5	392.925
62.6	393.103
62.7	393.282
62.8	393.461
62.9	393.64
63	393.819
63.1	393.998
63.2	394.177
63.3	394.356
63.4	394.535
63.5	394.715
63.6	394.894
63.7	395.074
63.8	395.253
63.9	395.433
64	395.613
64.1	395.793
64.2	395.972
64.3	396.152
64.4	396.332
64.5	396.512
64.6	396.693
64.7	396.873
64.8	397.053
64.9	397.234
65	397.414
65.1	397.595
65.2	397.775
65.3	397.956
65.4	398.137
65.5	398.317
65.6	398.498
65.7	398.679
65.8	398.86
65.9	399.041
66	399.222
66.1	399.404
66.2	399.585
66.3	399.766
66.4	399.948
66.5	400.129
66.6	400.31
66.7	400.492
66.8	400.674
66.9	400.855
67	401.037
67.1	401.219
67.2	401.401
67.3	401.583
67.4	401.765
67.5	401.947
67.6	402.129
67.7	402.311
67.8	402.493
67.9	402.676
68	402.858
68.1	403.04
68.2	403.223
68.3	403.405
68.4	403.588
68.5	403.77
68.6	403.953
68.7	404.136
68.8	404.319
68.9	404.501
69	404.684
69.1	404.867
69.2	405.05
69.3	405.233
69.4	405.416
69.5	405.599
69.6	405.783
69.7	405.966
69.8	406.149
69.9	406.332
70	406.516
70.1	406.699
70.2	406.883
70.3	407.066
70.4	407.25
70.5	407.433
70.6	407.617
70.7	407.801
70.8	407.984
70.9	408.168
71	408.352
71.1	408.536
71.2	408.72
71.3	408.904
71.4	409.088
71.5	409.272
71.6	409.456
71.7	409.64
71.8	409.824
71.9	410.009
72	410.193
72.1	410.377
72.2	410.562
72.3	410.746
72.4	410.93
72.5	411.115
72.6	411.299
72.7	411.484
72.8	411.668
72.9	411.853
73	412.038
73.1	412.222
73.2	412.407
73.3	412.592
73.4	412.777
73.5	412.962
73.6	413.147
73.7	413.331
73.8	413.516
73.9	413.701
74	413.886
74.1	414.071
74.2	414.257
74.3	414.442
74.4	414.627
74.5	414.812
74.6	414.997
74.7	415.183
74.8	415.368
74.9	415.553
75	415.739
75.1	415.924
75.2	416.109
75.3	416.295
75.4	416.48
75.5	416.666
75.6	416.851
75.7	417.037
75.8	417.223
75.9	417.408
76	417.594
76.1	417.78
76.2	417.965
76.3	418.151
76.4	418.337
76.5	418.523
76.6	418.708
76.7	418.894
76.8	419.08
76.9	419.266
77	419.452
77.1	419.638
77.2	419.824
77.3	420.01
77.4	420.196
77.5	420.382
77.6	420.568
77.7	420.754
77.8	420.941
77.9	421.127
78	421.313
78.1	421.499
78.2	421.685
78.3	421.872
78.4	422.058
78.5	422.244
78.6	422.431
78.7	422.617
78.8	422.803
78.9	422.99
79	423.176
79.1	423.363
79.2	423.549
79.3	423.736
79.4	423.922
79.5	424.109
79.6	424.295
79.7	424.482
79.8	424.668
79.9	424.855
80	425.042
80.1	425.228
80.2	425.415
80.3	425.602
80.4	425.788
80.5	425.975
80.6	426.162
80.7	426.349
80.8	426.535
80.9	426.722
81	426.909
81.1	427.096
81.2	427.283
81.3	427.47
81.4	427.657
81.5	427.843
81.6	428.03
81.7	428.217
81.8	428.404
81.9	428.591
82	428.778
82.1	428.965
82.2	429.152
82.3	429.339
82.4	429.526
82.5	429.713
82.6	429.9
82.7	430.088
82.8	430.275
82.9	430.462
83	430.649
83.1	430.836
83.2	431.023
83.3	431.21
83.4	431.398
83.5	431.585
83.6	431.772
83.7	431.959
83.8	432.146
83.9	432.334
84	432.521
84.1	432.708
84.2	432.895
84.3	433.083
84.4	433.27
84.5	433.457
84.6	433.645
84.7	433.832
84.8	434.019
84.9	434.207
85	434.394
85.1	434.581
85.2	434.769
85.3	434.956
85.4	435.144
85.5	435.331
85.6	435.518
85.7	435.706
85.8	435.893
85.9	436.081
86	436.268
86.1	436.456
86.2	436.643
86.3	436.831
86.4	437.018
86.5	437.206
86.6	437.393
86.7	437.581
86.8	437.768
86.9	437.956
87	438.143
87.1	438.331
87.2	438.518
87.3	438.706
87.4	438.893
87.5	439.081
87.6	439.269
87.7	439.456
87.8	439.644
87.9	439.831
88	440.019
88.1	440.206
88.2	440.394
88.3	440.582
88.4	440.769
88.5	440.957
88.6	441.144
88.7	441.332
88.8	441.52
88.9	441.707
89	441.895
89.1	442.083
89.2	442.27
89.3	442.458
89.4	442.646
89.5	442.833
89.6	443.021
89.7	443.209
89.8	443.396
89.9	443.584
90	443.772
90.1	443.959
90.2	444.147
90.3	444.335
90.4	444.522
90.5	444.71
90.6	444.898
90.7	445.085
90.8	445.273
90.9	445.461
91	445.648
91.1	445.836
91.2	446.024
91.3	446.211
91.4	446.399
91.5	446.587
91.6	446.775
91.7	446.962
91.8	447.15
91.9	447.338
92	447.525
92.1	447.713
92.2	447.901
92.3	448.088
92.4	448.276
92.5	448.464
92.6	448.651
92.7	448.839
92.8	449.027
92.9	449.215
93	449.402
93.1	449.59
93.2	449.778
93.3	449.965
93.4	450.153
93.5	450.341
93.6	450.528
93.7	450.716
93.8	450.904
93.9	451.091
94	451.279
94.1	451.467
94.2	451.654
94.3	451.842
94.4	452.03
94.5	452.217
94.6	452.405
94.7	452.593
94.8	452.78
94.9	452.968
95	453.156
95.1	453.343
95.2	453.531
95.3	453.718
95.4	453.906
95.5	454.094
95.6	454.281
95.7	454.469
95.8	454.657
95.9	454.844
96	455.032
96.1	455.219
96.2	455.407
96.3	455.595
96.4	455.782
96.5	455.97
96.6	456.157
96.7	456.345
96.8	456.532
96.9	456.72
97	456.908
97.1	457.095
97.2	457.283
97.3	457.47
97.4	457.658
97.5	457.845
97.6	458.033
97.7	458.22
97.8	458.408
97.9	458.595
98	458.783
98.1	458.97
98.2	459.158
98.3	459.345
98.4	459.533
98.5	459.72
98.6	459.908
98.7	460.095
98.8	460.283
98.9	460.47
99	460.657
99.1	460.845
99.2	461.032
99.3	461.22
99.4	461.407
99.5	461.595
99.6	461.782
99.7	461.969
99.8	462.157
99.9	462.344
100	462.531
100.1	462.719
100.2	462.906
100.3	463.093
100.4	463.281
100.5	463.468
100.6	463.655
100.7	463.843
100.8	464.03
100.9	464.217
101	464.405
101.1	464.592
101.2	464.779
101.3	464.966
101.4	465.154
101.5	465.341
101.6	465.528
101.7	465.715
101.8	465.902
101.9	466.09
102	466.277
102.1	466.464
102.2	466.651
102.3	466.838
102.4	467.025
102.5	467.213
102.6	467.4
102.7	467.587
102.8	467.774
102.9	467.961
103	468.148
103.1	468.335
103.2	468.522
103.3	468.709
103.4	468.896
103.5	469.083
103.6	469.27
103.7	469.457
103.8	469.644
103.9	469.831
104	470.018
104.1	470.205
104.2	470.392
104.3	470.579
104.4	470.766
104.5	470.953
104.6	471.14
104.7	471.327
104.8	471.514
104.9	471.701
105	471.887
105.1	472.074
105.2	472.261
105.3	472.448
105.4	472.635
105.5	472.822
105.6	473.008
105.7	473.195
105.8	473.382
105.9	473.569
106	473.756
106.1	473.942
106.2	474.129
106.3	474.316
106.4	474.502
106.5	474.689
106.6	474.876
106.7	475.062
106.8	475.249
106.9	475.436
107	475.622
107.1	475.809
107.2	475.996
107.3	476.182
107.4	476.369
107.5	476.555
107.6	476.742
107.7	476.928
107.8	477.115
107.9	477.301
108	477.488
108.1	477.674
108.2	477.861
108.3	478.047
108.4	478.234
108.5	478.42
108.6	478.607
108.7	478.793
108.8	478.979
108.9	479.166
109	479.352
109.1	479.538
109.2	479.725
109.3	479.911
109.4	480.097
109.5	480.284
109.6	480.47
109.7	480.656
109.8	480.842
109.9	481.029
110	481.215
110.1	481.401
110.2	481.587
110.3	481.773
110.4	481.96
110.5	482.146
110.6	482.332
110.7	482.518
110.8	482.704
110.9	482.89
111	483.076
111.1	483.262
111.2	483.448
111.3	483.634
111.4	483.82
111.5	484.006
111.6	484.192
111.7	484.378
111.8	484.564
111.9	484.75
112	484.936
112.1	485.122
112.2	485.308
112.3	485.494
112.4	485.68
112.5	485.865
112.6	486.051
112.7	486.237
112.8	486.423
112.9	486.609
113	486.794
113.1	486.98
113.2	487.166
113.3	487.352
113.4	487.537
113.5	487.723
113.6	487.909
113.7	488.094
113.8	488.28
113.9	488.466
114	488.651
114.1	488.837
114.2	489.022
114.3	489.208
114.4	489.393
114.5	489.579
114.6	489.764
114.7	489.95
114.8	490.135
114.9	490.321
115	490.506
115.1	490.692
115.2	490.877
115.3	491.062
115.4	491.248
115.5	491.433
115.6	491.618
115.7	491.804
115.8	491.989
115.9	492.174
116	492.36
116.1	492.545
116.2	492.73
116.3	492.915
116.4	493.101
116.5	493.286
116.6	493.471
116.7	493.656
116.8	493.841
116.9	494.026
117	494.211
117.1	494.396
117.2	494.582
117.3	494.767
117.4	494.952
117.5	495.137
117.6	495.322
117.7	495.507
117.8	495.692
117.9	495.876
118	496.061
118.1	496.246
118.2	496.431
118.3	496.616
118.4	496.801
118.5	496.986
118.6	497.171
118.7	497.355
118.8	497.54
118.9	497.725
119	497.91
119.1	498.094
119.2	498.279
119.3	498.464
119.4	498.648
119.5	498.833
119.6	499.018
119.7	499.202
119.8	499.387
119.9	499.571
120	499.756
120.1	499.941
120.2	500.125
120.3	500.31
120.4	500.494
120.5	500.679
120.6	500.863
120.7	501.047
120.8	501.232
120.9	501.416
121	501.601
121.1	501.785
121.2	501.969
121.3	502.154
121.4	502.338
121.5	502.522
121.6	502.706
121.7	502.891
121.8	503.075
121.9	503.259
122	503.443
122.1	503.627
122.2	503.812
122.3	503.996
122.4	504.18
122.5	504.364
122.6	504.548
122.7	504.732
122.8	504.916
122.9	505.1
123	505.284
123.1	505.468
123.2	505.652
123.3	505.836
123.4	506.02
123.5	506.204
123.6	506.388
123.7	506.571
123.8	506.755
123.9	506.939
124	507.123
124.1	507.307
124.2	507.49
124.3	507.674
124.4	507.858
124.5	508.042
124.6	508.225
124.7	508.409
124.8	508.593
124.9	508.776
125	508.96
125.1	509.143
125.2	509.327
125.3	509.51
125.4	509.694
125.5	509.878
125.6	510.061
125.7	510.244
125.8	510.428
125.9	510.611
126	510.795
126.1	510.978
126.2	511.161
126.3	511.345
126.4	511.528
126.5	511.711
126.6	511.895
126.7	512.078
126.8	512.261
126.9	512.444
127	512.628
127.1	512.811
127.2	512.994
127.3	513.177
127.4	513.36
127.5	513.543
127.6	513.726
127.7	513.909
127.8	514.093
127.9	514.276
128	514.459
128.1	514.642
128.2	514.824
128.3	515.007
128.4	515.19
128.5	515.373
128.6	515.556
128.7	515.739
128.8	515.922
128.9	516.105
129	516.287
129.1	516.47
129.2	516.653
129.3	516.836
129.4	517.018
129.5	517.201
129.6	517.384
129.7	517.566
129.8	517.749
129.9	517.932
130	518.114
130.1	518.297
130.2	518.479
130.3	518.662
130.4	518.844
130.5	519.027
130.6	519.209
130.7	519.392
130.8	519.574
130.9	519.756
131	519.939
131.1	520.121
131.2	520.303
131.3	520.486
131.4	520.668
131.5	520.85
131.6	521.033
131.7	521.215
131.8	521.397
131.9	521.579
132	521.761
132.1	521.944
132.2	522.126
132.3	522.308
132.4	522.49
132.5	522.672
132.6	522.854
132.7	523.036
132.8	523.218
132.9	523.4
133	523.582
133.1	523.764
133.2	523.946
133.3	524.128
133.4	524.309
133.5	524.491
133.6	524.673
133.7	524.855
133.8	525.037
133.9	525.218
134	525.4
134.1	525.582
134.2	525.764
134.3	525.945
134.4	526.127
134.5	526.308
134.6	526.49
134.7	526.672
134.8	526.853
134.9	527.035
135	527.216
135.1	527.398
135.2	527.579
135.3	527.761
135.4	527.942
135.5	528.124
135.6	528.305
135.7	528.486
135.8	528.668
135.9	528.849
136	529.03
136.1	529.212
136.2	529.393
136.3	529.574
136.4	529.755
136.5	529.936
136.6	530.118
136.7	530.299
136.8	530.48
136.9	530.661
137	530.842
137.1	531.023
137.2	531.204
137.3	531.385
137.4	531.566
137.5	531.747
137.6	531.928
137.7	532.109
137.8	532.29
137.9	532.471
138	532.652
138.1	532.833
138.2	533.013
138.3	533.194
138.4	533.375
138.5	533.556
138.6	533.736
138.7	533.917
138.8	534.098
138.9	534.278
139	534.459
139.1	534.64
139.2	534.82
139.3	535.001
139.4	535.181
139.5	535.362
139.6	535.542
139.7	535.723
139.8	535.903
139.9	536.084
140	536.264
140.1	536.445
140.2	536.625
140.3	536.805
140.4	536.986
140.5	537.166
140.6	537.346
140.7	537.527
140.8	537.707
140.9	537.887
141	538.067
141.1	538.247
141.2	538.428
141.3	538.608
141.4	538.788
141.5	538.968
141.6	539.148
141.7	539.328
141.8	539.508
141.9	539.688
142	539.868
142.1	540.048
142.2	540.228
142.3	540.408
142.4	540.588
142.5	540.767
142.6	540.947
142.7	541.127
142.8	541.307
142.9	541.487
143	541.666
143.1	541.846
143.2	542.026
143.3	542.205
143.4	542.385
143.5	542.565
143.6	542.744
143.7	542.924
143.8	543.104
143.9	543.283
144	543.463
144.1	543.642
144.2	543.822
144.3	544.001
144.4	544.18
144.5	544.36
144.6	544.539
144.7	544.719
144.8	544.898
144.9	545.077
145	545.257
145.1	545.436
145.2	545.615
145.3	545.794
145.4	545.973
145.5	546.153
145.6	546.332
145.7	546.511
145.8	546.69
145.9	546.869
146	547.048
146.1	547.227
146.2	547.406
146.3	547.585
146.4	547.764
146.5	547.943
146.6	548.122
146.7	548.301
146.8	548.48
146.9	548.659
147	548.838
147.1	549.016
147.2	549.195
147.3	549.374
147.4	549.553
147.5	549.731
147.6	549.91
147.7	550.089
147.8	550.267
147.9	550.446
148	550.625
148.1	550.803
148.2	550.982
148.3	551.16
148.4	551.339
148.5	551.517
148.6	551.696
148.7	551.874
148.8	552.053
148.9	552.231
149	552.409
149.1	552.588
149.2	552.766
149.3	552.944
149.4	553.123
149.5	553.301
149.6	553.479
149.7	553.657
149.8	553.836
149.9	554.014
150	554.192
150.1	554.37
150.2	554.548
150.3	554.726
150.4	554.904
150.5	555.082
150.6	555.26
150.7	555.438
150.8	555.616
150.9	555.794
151	555.972
151.1	556.15
151.2	556.328
151.3	556.506
151.4	556.684
151.5	556.861
151.6	557.039
151.7	557.217
151.8	557.395
151.9	557.572
152	557.75
152.1	557.928
152.2	558.105
152.3	558.283
152.4	558.461
152.5	558.638
152.6	558.816
152.7	558.993
152.8	559.171
152.9	559.348
153	559.526
153.1	559.703
153.2	559.88
153.3	560.058
153.4	560.235
153.5	560.413
153.6	560.59
153.7	560.767
153.8	560.944
153.9	561.122
154	561.299
154.1	561.476
154.2	561.653
154.3	561.83
154.4	562.008
154.5	562.185
154.6	562.362
154.7	562.539
154.8	562.716
154.9	562.893
155	563.07
155.1	563.247
155.2	563.424
155.3	563.601
155.4	563.778
155.5	563.954
155.6	564.131
155.7	564.308
155.8	564.485
155.9	564.662
156	564.838
156.1	565.015
156.2	565.192
156.3	565.369
156.4	565.545
156.5	565.722
156.6	565.898
156.7	566.075
156.8	566.252
156.9	566.428
157	566.605
157.1	566.781
157.2	566.958
157.3	567.134
157.4	567.311
157.5	567.487
157.6	567.663
157.7	567.84
157.8	568.016
157.9	568.192
158	568.369
158.1	568.545
158.2	568.721
158.3	568.897
158.4	569.074
158.5	569.25
158.6	569.426
158.7	569.602
158.8	569.778
158.9	569.954
159	570.13
159.1	570.306
159.2	570.482
159.3	570.658
159.4	570.834
159.5	571.01
159.6	571.186
159.7	571.362
159.8	571.538
159.9	571.714
160	571.89
160.1	572.065
160.2	572.241
160.3	572.417
160.4	572.593
160.5	572.768
160.6	572.944
160.7	573.12
160.8	573.295
160.9	573.471
161	573.647
161.1	573.822
161.2	573.998
161.3	574.173
161.4	574.349
161.5	574.524
161.6	574.7
161.7	574.875
161.8	575.051
161.9	575.226
162	575.401
162.1	575.577
162.2	575.752
162.3	575.927
162.4	576.102
162.5	576.278
162.6	576.453
162.7	576.628
162.8	576.803
162.9	576.978
163	577.154
163.1	577.329
163.2	577.504
163.3	577.679
163.4	577.854
163.5	578.029
163.6	578.204
163.7	578.379
163.8	578.554
163.9	578.729
164	578.904
164.1	579.078
164.2	579.253
164.3	579.428
164.4	579.603
164.5	579.778
164.6	579.952
164.7	580.127
164.8	580.302
164.9	580.477
165	580.651
165.1	580.826
165.2	581
165.3	581.175
165.4	581.35
165.5	581.524
165.6	581.699
165.7	581.873
165.8	582.048
165.9	582.222
166	582.396
166.1	582.571
166.2	582.745
166.3	582.92
166.4	583.094
166.5	583.268
166.6	583.443
166.7	583.617
166.8	583.791
166.9	583.965
167	584.139
167.1	584.314
167.2	584.488
167.3	584.662
167.4	584.836
167.5	585.01
167.6	585.184
167.7	585.358
167.8	585.532
167.9	585.706
168	585.88
168.1	586.054
168.2	586.228
168.3	586.402
168.4	586.576
168.5	586.75
168.6	586.923
168.7	587.097
168.8	587.271
168.9	587.445
169	587.618
169.1	587.792
169.2	587.966
169.3	588.139
169.4	588.313
169.5	588.487
169.6	588.66
169.7	588.834
169.8	589.007
169.9	589.181
170	589.354
170.1	589.528
170.2	589.701
170.3	589.875
170.4	590.048
170.5	590.221
170.6	590.395
170.7	590.568
170.8	590.741
170.9	590.915
171	591.088
171.1	591.261
171.2	591.434
171.3	591.608
171.4	591.781
171.5	591.954
171.6	592.127
171.7	592.3
171.8	592.473
171.9	592.646
172	592.819
172.1	592.992
172.2	593.165
172.3	593.338
172.4	593.511
172.5	593.684
172.6	593.857
172.7	594.03
172.8	594.203
172.9	594.376
173	594.548
173.1	594.721
173.2	594.894
173.3	595.067
173.4	595.239
173.5	595.412
173.6	595.585
173.7	595.757
173.8	595.93
173.9	596.102
174	596.275
174.1	596.448
174.2	596.62
174.3	596.793
174.4	596.965
174.5	597.137
174.6	597.31
174.7	597.482
174.8	597.655
174.9	597.827
175	597.999
175.1	598.172
175.2	598.344
175.3	598.516
175.4	598.688
175.5	598.861
175.6	599.033
175.7	599.205
175.8	599.377
175.9	599.549
176	599.721
176.1	599.893
176.2	600.066
176.3	600.238
176.4	600.41
176.5	600.582
176.6	600.753
176.7	600.925
176.8	601.097
176.9	601.269
177	601.441
177.1	601.613
177.2	601.785
177.3	601.957
177.4	602.128
177.5	602.3
177.6	602.472
177.7	602.644
177.8	602.815
177.9	602.987
178	603.159
178.1	603.33
178.2	603.502
178.3	603.673
178.4	603.845
178.5	604.016
178.6	604.188
178.7	604.359
178.8	604.531
178.9	604.702
179	604.874
179.1	605.045
179.2	605.216
179.3	605.388
179.4	605.559
179.5	605.73
179.6	605.902
179.7	606.073
179.8	606.244
179.9	606.415
180	606.586
180.1	606.758
180.2	606.929
180.3	607.1
180.4	607.271
180.5	607.442
180.6	607.613
180.7	607.784
180.8	607.955
180.9	608.126
181	608.297
181.1	608.468
181.2	608.639
181.3	608.81
181.4	608.98
181.5	609.151
181.6	609.322
181.7	609.493
181.8	609.664
181.9	609.834
182	610.005
182.1	610.176
182.2	610.346
182.3	610.517
182.4	610.688
182.5	610.858
182.6	611.029
182.7	611.199
182.8	611.37
182.9	611.54
183	611.711
183.1	611.881
183.2	612.052
183.3	612.222
183.4	612.393
183.5	612.563
183.6	612.733
183.7	612.904
183.8	613.074
183.9	613.244
184	613.414
184.1	613.585
184.2	613.755
184.3	613.925
184.4	614.095
184.5	614.265
184.6	614.435
184.7	614.606
184.8	614.776
184.9	614.946
185	615.116
185.1	615.286
185.2	615.456
185.3	615.626
185.4	615.796
185.5	615.966
185.6	616.135
185.7	616.305
185.8	616.475
185.9	616.645
186	616.815
186.1	616.984
186.2	617.154
186.3	617.324
186.4	617.494
186.5	617.663
186.6	617.833
186.7	618.003
186.8	618.172
186.9	618.342
187	618.511
187.1	618.681
187.2	618.85
187.3	619.02
187.4	619.189
187.5	619.359
187.6	619.528
187.7	619.698
187.8	619.867
187.9	620.036
188	620.206
188.1	620.375
188.2	620.544
188.3	620.714
188.4	620.883
188.5	621.052
188.6	621.221
188.7	621.391
188.8	621.56
188.9	621.729
189	621.898
189.1	622.067
189.2	622.236
189.3	622.405
189.4	622.574
189.5	622.743
189.6	622.912
189.7	623.081
189.8	623.25
189.9	623.419
190	623.588
190.1	623.757
190.2	623.926
190.3	624.094
190.4	624.263
190.5	624.432
190.6	624.601
190.7	624.769
190.8	624.938
190.9	625.107
191	625.275
191.1	625.444
191.2	625.613
191.3	625.781
191.4	625.95
191.5	626.118
191.6	626.287
191.7	626.455
191.8	626.624
191.9	626.792
192	626.961
192.1	627.129
192.2	627.298
192.3	627.466
192.4	627.634
192.5	627.803
192.6	627.971
192.7	628.139
192.8	628.307
192.9	628.476
193	628.644
193.1	628.812
193.2	628.98
193.3	629.148
193.4	629.316
193.5	629.485
193.6	629.653
193.7	629.821
193.8	629.989
193.9	630.157
194	630.325
194.1	630.493
194.2	630.661
194.3	630.829
194.4	630.996
194.5	631.164
194.6	631.332
194.7	631.5
194.8	631.668
194.9	631.836
195	632.003
195.1	632.171
195.2	632.339
195.3	632.506
195.4	632.674
195.5	632.842
195.6	633.009
195.7	633.177
195.8	633.345
195.9	633.512
196	633.68
196.1	633.847
196.2	634.015
196.3	634.182
196.4	634.35
196.5	634.517
196.6	634.684
196.7	634.852
196.8	635.019
196.9	635.186
197	635.354
197.1	635.521
197.2	635.688
197.3	635.855
197.4	636.023
197.5	636.19
197.6	636.357
197.7	636.524
197.8	636.691
197.9	636.858
198	637.026
198.1	637.193
198.2	637.36
198.3	637.527
198.4	637.694
198.5	637.861
198.6	638.028
198.7	638.195
198.8	638.361
198.9	638.528
199	638.695
199.1	638.862
199.2	639.029
199.3	639.196
199.4	639.362
199.5	639.529
199.6	639.696
199.7	639.863
199.8	640.029
199.9	640.196
200	640.363
200.1	640.529
200.2	640.696
200.3	640.862
200.4	641.029
200.5	641.195
200.6	641.362
200.7	641.528
200.8	641.695
200.9	641.861
201	642.028
201.1	642.194
201.2	642.36
201.3	642.527
201.4	642.693
201.5	642.859
201.6	643.026
201.7	643.192
201.8	643.358
201.9	643.524
202	643.691
202.1	643.857
202.2	644.023
202.3	644.189
202.4	644.355
202.5	644.521
202.6	644.687
202.7	644.853
202.8	645.019
202.9	645.185
203	645.351
203.1	645.517
203.2	645.683
203.3	645.849
203.4	646.015
203.5	646.181
203.6	646.347
203.7	646.513
203.8	646.678
203.9	646.844
204	647.01
204.1	647.176
204.2	647.341
204.3	647.507
204.4	647.673
204.5	647.838
204.6	648.004
204.7	648.17
204.8	648.335
204.9	648.501
205	648.666
205.1	648.832
205.2	648.997
205.3	649.163
205.4	649.328
205.5	649.494
205.6	649.659
205.7	649.824
205.8	649.99
205.9	650.155
206	650.32
206.1	650.486
206.2	650.651
206.3	650.816
206.4	650.981
206.5	651.147
206.6	651.312
206.7	651.477
206.8	651.642
206.9	651.807
207	651.972
207.1	652.137
207.2	652.302
207.3	652.467
207.4	652.632
207.5	652.797
207.6	652.962
207.7	653.127
207.8	653.292
207.9	653.457
208	653.622
208.1	653.787
208.2	653.952
208.3	654.117
208.4	654.281
208.5	654.446
208.6	654.611
208.7	654.776
208.8	654.94
208.9	655.105
209	655.27
209.1	655.434
209.2	655.599
209.3	655.763
209.4	655.928
209.5	656.093
209.6	656.257
209.7	656.422
209.8	656.586
209.9	656.751
210	656.915
210.1	657.079
210.2	657.244
210.3	657.408
210.4	657.573
210.5	657.737
210.6	657.901
210.7	658.065
210.8	658.23
210.9	658.394
211	658.558
211.1	658.722
211.2	658.887
211.3	659.051
211.4	659.215
211.5	659.379
211.6	659.543
211.7	659.707
211.8	659.871
211.9	660.035
212	660.199
212.1	660.363
212.2	660.527
212.3	660.691
212.4	660.855
212.5	661.019
212.6	661.183
212.7	661.347
212.8	661.511
212.9	661.674
213	661.838
213.1	662.002
213.2	662.166
213.3	662.329
213.4	662.493
213.5	662.657
213.6	662.82
213.7	662.984
213.8	663.148
213.9	663.311
214	663.475
214.1	663.638
214.2	663.802
214.3	663.966
214.4	664.129
214.5	664.292
214.6	664.456
214.7	664.619
214.8	664.783
214.9	664.946
215	665.11
215.1	665.273
215.2	665.436
215.3	665.599
215.4	665.763
215.5	665.926
215.6	666.089
215.7	666.252
215.8	666.416
215.9	666.579
216	666.742
216.1	666.905
216.2	667.068
216.3	667.231
216.4	667.394
216.5	667.557
216.6	667.72
216.7	667.883
216.8	668.046
216.9	668.209
217	668.372
217.1	668.535
217.2	668.698
217.3	668.861
217.4	669.024
217.5	669.187
217.6	669.349
217.7	669.512
217.8	669.675
217.9	669.838
218	670
218.1	670.163
218.2	670.326
218.3	670.488
218.4	670.651
218.5	670.814
218.6	670.976
218.7	671.139
218.8	671.301
218.9	671.464
219	671.626
219.1	671.789
219.2	671.951
219.3	672.114
219.4	672.276
219.5	672.439
219.6	672.601
219.7	672.763
219.8	672.926
219.9	673.088
220	673.25
220.1	673.413
220.2	673.575
220.3	673.737
220.4	673.899
220.5	674.062
220.6	674.224
220.7	674.386
220.8	674.548
220.9	674.71
221	674.872
221.1	675.034
221.2	675.196
221.3	675.358
221.4	675.52
221.5	675.682
221.6	675.844
221.7	676.006
221.8	676.168
221.9	676.33
222	676.492
222.1	676.654
222.2	676.816
222.3	676.977
222.4	677.139
222.5	677.301
222.6	677.463
222.7	677.624
222.8	677.786
222.9	677.948
223	678.11
223.1	678.271
223.2	678.433
223.3	678.594
223.4	678.756
223.5	678.918
223.6	679.079
223.7	679.241
223.8	679.402
223.9	679.564
224	679.725
224.1	679.886
224.2	680.048
224.3	680.209
224.4	680.371
224.5	680.532
224.6	680.693
224.7	680.855
224.8	681.016
224.9	681.177
225	681.338
225.1	681.5
225.2	681.661
225.3	681.822
225.4	681.983
225.5	682.144
225.6	682.306
225.7	682.467
225.8	682.628
225.9	682.789
226	682.95
226.1	683.111
226.2	683.272
226.3	683.433
226.4	683.594
226.5	683.755
226.6	683.916
226.7	684.076
226.8	684.237
226.9	684.398
227	684.559
227.1	684.72
227.2	684.881
227.3	685.041
227.4	685.202
227.5	685.363
227.6	685.524
227.7	685.684
227.8	685.845
227.9	686.006
228	686.166
228.1	686.327
228.2	686.487
228.3	686.648
228.4	686.808
228.5	686.969
228.6	687.129
228.7	687.29
228.8	687.45
228.9	687.611
229	687.771
229.1	687.932
229.2	688.092
229.3	688.252
229.4	688.413
229.5	688.573
229.6	688.733
229.7	688.894
229.8	689.054
229.9	689.214
230	689.374
230.1	689.535
230.2	689.695
230.3	689.855
230.4	690.015
230.5	690.175
230.6	690.335
230.7	690.495
230.8	690.655
230.9	690.815
231	690.975
231.1	691.135
231.2	691.295
231.3	691.455
231.4	691.615
231.5	691.775
231.6	691.935
231.7	692.095
231.8	692.255
231.9	692.414
232	692.574
232.1	692.734
232.2	692.894
232.3	693.053
232.4	693.213
232.5	693.373
232.6	693.533
232.7	693.692
232.8	693.852
232.9	694.011
233	694.171
233.1	694.331
233.2	694.49
233.3	694.65
233.4	694.809
233.5	694.969
233.6	695.128
233.7	695.288
233.8	695.447
233.9	695.607
234	695.766
234.1	695.925
234.2	696.085
234.3	696.244
234.4	696.403
234.5	696.563
234.6	696.722
234.7	696.881
234.8	697.04
234.9	697.2
235	697.359
235.1	697.518
235.2	697.677
235.3	697.836
235.4	697.995
235.5	698.154
235.6	698.313
235.7	698.472
235.8	698.631
235.9	698.79
236	698.949
236.1	699.108
236.2	699.267
236.3	699.426
236.4	699.585
236.5	699.744
236.6	699.903
236.7	700.062
236.8	700.221
236.9	700.379
237	700.538
237.1	700.697
237.2	700.856
237.3	701.014
237.4	701.173
237.5	701.332
237.6	701.49
237.7	701.649
237.8	701.808
237.9	701.966
238	702.125
238.1	702.284
238.2	702.442
238.3	702.601
238.4	702.759
238.5	702.918
238.6	703.076
238.7	703.234
238.8	703.393
238.9	703.551
239	703.71
239.1	703.868
239.2	704.026
239.3	704.185
239.4	704.343
239.5	704.501
239.6	704.66
239.7	704.818
239.8	704.976
239.9	705.134
240	705.292
240.1	705.451
240.2	705.609
240.3	705.767
240.4	705.925
240.5	706.083
240.6	706.241
240.7	706.399
240.8	706.557
240.9	706.715
241	706.873
241.1	707.031
241.2	707.189
241.3	707.347
241.4	707.505
241.5	707.663
241.6	707.821
241.7	707.978
241.8	708.136
241.9	708.294
242	708.452
242.1	708.61
242.2	708.767
242.3	708.925
242.4	709.083
242.5	709.24
242.6	709.398
242.7	709.556
242.8	709.713
242.9	709.871
243	710.029
243.1	710.186
243.2	710.344
243.3	710.501
243.4	710.659
243.5	710.816
243.6	710.974
243.7	711.131
243.8	711.288
243.9	711.446
244	711.603
244.1	711.761
244.2	711.918
244.3	712.075
244.4	712.233
244.5	712.39
244.6	712.547
244.7	712.704
244.8	712.862
244.9	713.019
245	713.176
245.1	713.333
245.2	713.49
245.3	713.647
245.4	713.805
245.5	713.962
245.6	714.119
245.7	714.276
245.8	714.433
245.9	714.59
246	714.747
246.1	714.904
246.2	715.061
246.3	715.218
246.4	715.375
246.5	715.531
246.6	715.688
246.7	715.845
246.8	716.002
246.9	716.159
247	716.316
247.1	716.472
247.2	716.629
247.3	716.786
247.4	716.943
247.5	717.099
247.6	717.256
247.7	717.413
247.8	717.569
247.9	717.726
248	717.882
248.1	718.039
248.2	718.196
248.3	718.352
248.4	718.509
248.5	718.665
248.6	718.822
248.7	718.978
248.8	719.135
248.9	719.291
249	719.447
249.1	719.604
249.2	719.76
249.3	719.916
249.4	720.073
249.5	720.229
249.6	720.385
249.7	720.542
249.8	720.698
249.9	720.854
250	721.01
250.1	721.167
250.2	721.323
250.3	721.479
250.4	721.635
250.5	721.791
250.6	721.947
250.7	722.103
250.8	722.259
250.9	722.415
251	722.571
251.1	722.727
251.2	722.883
251.3	723.039
251.4	723.195
251.5	723.351
251.6	723.507
251.7	723.663
251.8	723.819
251.9	723.975
252	724.13
252.1	724.286
252.2	724.442
252.3	724.598
252.4	724.754
252.5	724.909
252.6	725.065
252.7	725.221
252.8	725.376
252.9	725.532
253	725.688
253.1	725.843
253.2	725.999
253.3	726.154
253.4	726.31
253.5	726.465
253.6	726.621
253.7	726.776
253.8	726.932
253.9	727.087
254	727.243
254.1	727.398
254.2	727.554
254.3	727.709
254.4	727.864
254.5	728.02
254.6	728.175
254.7	728.33
254.8	728.486
254.9	728.641
255	728.796
255.1	728.951
255.2	729.107
255.3	729.262
255.4	729.417
255.5	729.572
255.6	729.727
255.7	729.882
255.8	730.037
255.9	730.192
256	730.347
256.1	730.502
256.2	730.658
256.3	730.813
256.4	730.967
256.5	731.122
256.6	731.277
256.7	731.432
256.8	731.587
256.9	731.742
257	731.897
257.1	732.052
257.2	732.207
257.3	732.361
257.4	732.516
257.5	732.671
257.6	732.826
257.7	732.98
257.8	733.135
257.9	733.29
258	733.445
258.1	733.599
258.2	733.754
258.3	733.908
258.4	734.063
258.5	734.218
258.6	734.372
258.7	734.527
258.8	734.681
258.9	734.836
259	734.99
259.1	735.145
259.2	735.299
259.3	735.454
259.4	735.608
259.5	735.762
259.6	735.917
259.7	736.071
259.8	736.225
259.9	736.38
260	736.534
260.1	736.688
260.2	736.842
260.3	736.997
260.4	737.151
260.5	737.305
260.6	737.459
260.7	737.613
260.8	737.768
260.9	737.922
261	738.076
261.1	738.23
261.2	738.384
261.3	738.538
261.4	738.692
261.5	738.846
261.6	739
261.7	739.154
261.8	739.308
261.9	739.462
262	739.616
262.1	739.77
262.2	739.924
262.3	740.077
262.4	740.231
262.5	740.385
262.6	740.539
262.7	740.693
262.8	740.847
262.9	741
263	741.154
263.1	741.308
263.2	741.461
263.3	741.615
263.4	741.769
263.5	741.922
263.6	742.076
263.7	742.23
263.8	742.383
263.9	742.537
264	742.69
264.1	742.844
264.2	742.997
264.3	743.151
264.4	743.304
264.5	743.458
264.6	743.611
264.7	743.765
264.8	743.918
264.9	744.071
265	744.225
265.1	744.378
265.2	744.531
265.3	744.685
265.4	744.838
265.5	744.991
265.6	745.144
265.7	745.298
265.8	745.451
265.9	745.604
266	745.757
266.1	745.91
266.2	746.063
266.3	746.217
266.4	746.37
266.5	746.523
266.6	746.676
266.7	746.829
266.8	746.982
266.9	747.135
267	747.288
267.1	747.441
267.2	747.594
267.3	747.747
267.4	747.9
267.5	748.053
267.6	748.205
267.7	748.358
267.8	748.511
267.9	748.664
268	748.817
268.1	748.969
268.2	749.122
268.3	749.275
268.4	749.428
268.5	749.58
268.6	749.733
268.7	749.886
268.8	750.038
268.9	750.191
269	750.344
269.1	750.496
269.2	750.649
269.3	750.801
269.4	750.954
269.5	751.107
269.6	751.259
269.7	751.412
269.8	751.564
269.9	751.716
270	751.869
270.1	752.021
270.2	752.174
270.3	752.326
270.4	752.478
270.5	752.631
270.6	752.783
270.7	752.935
270.8	753.088
270.9	753.24
271	753.392
271.1	753.544
271.2	753.697
271.3	753.849
271.4	754.001
271.5	754.153
271.6	754.305
271.7	754.457
271.8	754.61
271.9	754.762
272	754.914
272.1	755.066
272.2	755.218
272.3	755.37
272.4	755.522
272.5	755.674
272.6	755.826
272.7	755.978
272.8	756.13
272.9	756.281
273	756.433
273.1	756.585
273.2	756.737
273.3	756.889
273.4	757.041
273.5	757.193
273.6	757.344
273.7	757.496
273.8	757.648
273.9	757.8
274	757.951
274.1	758.103
274.2	758.255
274.3	758.406
274.4	758.558
274.5	758.709
274.6	758.861
274.7	759.013
274.8	759.164
274.9	759.316
275	759.467
275.1	759.619
275.2	759.77
275.3	759.922
275.4	760.073
275.5	760.225
275.6	760.376
275.7	760.527
275.8	760.679
275.9	760.83
276	760.982
276.1	761.133
276.2	761.284
276.3	761.435
276.4	761.587
276.5	761.738
276.6	761.889
276.7	762.04
276.8	762.192
276.9	762.343
277	762.494
277.1	762.645
277.2	762.796
277.3	762.947
277.4	763.098
277.5	763.25
277.6	763.401
277.7	763.552
277.8	763.703
277.9	763.854
278	764.005
278.1	764.156
278.2	764.307
278.3	764.458
278.4	764.608
278.5	764.759
278.6	764.91
278.7	765.061
278.8	765.212
278.9	765.363
279	765.514
279.1	765.664
279.2	765.815
279.3	765.966
279.4	766.117
279.5	766.267
279.6	766.418
279.7	766.569
279.8	766.719
279.9	766.87
280	767.021
280.1	767.171
280.2	767.322
280.3	767.472
280.4	767.623
280.5	767.773
280.6	767.924
280.7	768.075
280.8	768.225
280.9	768.375
281	768.526
281.1	768.676
281.2	768.827
281.3	768.977
281.4	769.128
281.5	769.278
281.6	769.428
281.7	769.579
281.8	769.729
281.9	769.879
282	770.029
282.1	770.18
282.2	770.33
282.3	770.48
282.4	770.63
282.5	770.781
282.6	770.931
282.7	771.081
282.8	771.231
282.9	771.381
283	771.531
283.1	771.681
283.2	771.831
283.3	771.981
283.4	772.131
283.5	772.281
283.6	772.431
283.7	772.581
283.8	772.731
283.9	772.881
284	773.031
284.1	773.181
284.2	773.331
284.3	773.481
284.4	773.631
284.5	773.781
284.6	773.93
284.7	774.08
284.8	774.23
284.9	774.38
285	774.529
285.1	774.679
285.2	774.829
285.3	774.979
285.4	775.128
285.5	775.278
285.6	775.428
285.7	775.577
285.8	775.727
285.9	775.876
286	776.026
286.1	776.176
286.2	776.325
286.3	776.475
286.4	776.624
286.5	776.774
286.6	776.923
286.7	777.072
286.8	777.222
286.9	777.371
287	777.521
287.1	777.67
287.2	777.819
287.3	777.969
287.4	778.118
287.5	778.267
287.6	778.417
287.7	778.566
287.8	778.715
287.9	778.865
288	779.014
288.1	779.163
288.2	779.312
288.3	779.461
288.4	779.61
288.5	779.76
288.6	779.909
288.7	780.058
288.8	780.207
288.9	780.356
289	780.505
289.1	780.654
289.2	780.803
289.3	780.952
289.4	781.101
289.5	781.25
289.6	781.399
289.7	781.548
289.8	781.697
289.9	781.846
290	781.995
290.1	782.143
290.2	782.292
290.3	782.441
290.4	782.59
290.5	782.739
290.6	782.887
290.7	783.036
290.8	783.185
290.9	783.334
291	783.482
291.1	783.631
291.2	783.78
291.3	783.928
291.4	784.077
291.5	784.226
291.6	784.374
291.7	784.523
291.8	784.671
291.9	784.82
292	784.968
292.1	785.117
292.2	785.266
292.3	785.414
292.4	785.562
292.5	785.711
292.6	785.859
292.7	786.008
292.8	786.156
292.9	786.305
293	786.453
293.1	786.601
293.2	786.75
293.3	786.898
293.4	787.046
293.5	787.194
293.6	787.343
293.7	787.491
293.8	787.639
293.9	787.787
294	787.936
294.1	788.084
294.2	788.232
294.3	788.38
294.4	788.528
294.5	788.676
294.6	788.824
294.7	788.972
294.8	789.12
294.9	789.268
295	789.417
295.1	789.565
295.2	789.713
295.3	789.86
295.4	790.008
295.5	790.156
295.6	790.304
295.7	790.452
295.8	790.6
295.9	790.748
296	790.896
296.1	791.044
296.2	791.191
296.3	791.339
296.4	791.487
296.5	791.635
296.6	791.783
296.7	791.93
296.8	792.078
296.9	792.226
297	792.373
297.1	792.521
297.2	792.669
297.3	792.816
297.4	792.964
297.5	793.112
297.6	793.259
297.7	793.407
297.8	793.554
297.9	793.702
298	793.849
298.1	793.997
298.2	794.144
298.3	794.292
298.4	794.439
298.5	794.587
298.6	794.734
298.7	794.881
298.8	795.029
298.9	795.176
299	795.323
299.1	795.471
299.2	795.618
299.3	795.765
299.4	795.913
299.5	796.06
299.6	796.207
299.7	796.354
299.8	796.502
299.9	796.649
300	796.796
