W	Pred
1.5	473.325
1.6	457.338
1.7	443.526
1.8	431.501
1.9	420.964
2	411.674
2.1	403.442
2.2	396.112
2.3	389.558
2.4	383.675
2.5	378.376
2.6	373.587
2.7	369.248
2.8	365.306
2.9	361.716
3	358.439
3.1	355.442
3.2	352.697
3.3	350.178
3.4	347.863
3.5	345.732
3.6	343.769
3.7	341.959
3.8	340.288
3.9	338.743
4	337.315
4.1	335.994
4.2	334.77
4.3	333.638
4.4	332.588
4.5	331.615
4.6	330.714
4.7	329.878
4.8	329.104
4.9	328.387
5	327.723
5.1	327.108
5.2	326.539
5.3	326.013
5.4	325.527
5.5	325.079
5.6	324.666
5.7	324.286
5.8	323.936
5.9	323.616
6	323.323
6.1	323.056
6.2	322.813
6.3	322.593
6.4	322.394
6.5	322.216
6.6	322.056
6.7	321.915
6.8	321.79
6.9	321.682
7	321.589
7.1	321.51
7.2	321.445
7.3	321.393
7.4	321.353
7.5	321.325
7.6	321.308
7.7	321.302
7.8	321.305
7.9	321.318
8	321.34
8.1	321.37
8.2	321.408
8.3	321.454
8.4	321.508
8.5	321.568
8.6	321.635
8.7	321.709
8.8	321.788
8.9	321.873
9	321.964
9.1	322.06
9.2	322.161
9.3	322.266
9.4	322.376
9.5	322.49
9.6	322.609
9.7	322.731
9.8	322.857
9.9	322.987
10	323.12
10.1	323.256
10.2	323.396
10.3	323.538
10.4	323.683
10.5	323.831
10.6	323.981
10.7	324.134
10.8	324.289
10.9	324.446
11	324.606
11.1	324.767
11.2	324.93
11.3	325.095
11.4	325.262
11.5	325.431
11.6	325.601
11.7	325.773
11.8	325.946
11.9	326.12
12	326.296
12.1	326.473
12.2	326.651
12.3	326.83
12.4	327.01
12.5	327.191
12.6	327.373
12.7	327.556
12.8	327.74
12.9	327.925
13	328.111
13.1	328.297
13.2	328.484
13.3	328.671
13.4	328.859
13.5	329.048
13.6	329.237
13.7	329.427
13.8	329.617
13.9	329.807
14	329.998
14.1	330.189
14.2	330.381
14.3	330.573
14.4	330.765
14.5	330.958
14.6	331.151
14.7	331.344
14.8	331.537
14.9	331.73
15	331.924
15.1	332.117
15.2	332.311
15.3	332.505
15.4	332.699
15.5	332.893
15.6	333.087
15.7	333.281
15.8	333.475
15.9	333.669
16	333.863
16.1	334.057
16.2	334.251
16.3	334.445
16.4	334.639
16.5	334.833
16.6	335.027
16.7	335.22
16.8	335.414
16.9	335.607
17	335.801
17.1	335.994
17.2	336.187
17.3	336.38
17.4	336.573
17.5	336.765
17.6	336.958
17.7	337.15
17.8	337.342
17.9	337.534
18	337.725
18.1	337.917
18.2	338.108
18.3	338.299
18.4	338.49
18.5	338.681
18.6	338.871
18.7	339.061
18.8	339.251
18.9	339.44
19	339.63
19.1	339.819
19.2	340.008
19.3	340.196
19.4	340.385
19.5	340.573
19.6	340.76
19.7	340.948
19.8	341.135
19.9	341.322
20	341.509
20.1	341.695
20.2	341.881
20.3	342.067
20.4	342.252
20.5	342.437
20.6	342.622
20.7	342.807
20.8	342.991
20.9	343.175
21	343.359
21.1	343.542
21.2	343.725
21.3	343.908
21.4	344.09
21.5	344.272
21.6	344.454
21.7	344.635
21.8	344.816
21.9	344.997
22	345.178
22.1	345.358
22.2	345.538
22.3	345.717
22.4	345.896
22.5	346.075
22.6	346.254
22.7	346.432
22.8	346.61
22.9	346.787
23	346.964
23.1	347.141
23.2	347.318
23.3	347.494
23.4	347.67
23.5	347.846
23.6	348.021
23.7	348.196
23.8	348.37
23.9	348.544
24	348.718
24.1	348.892
24.2	349.065
24.3	349.238
24.4	349.411
24.5	349.583
24.6	349.755
24.7	349.927
24.8	350.098
24.9	350.269
25	350.439
25.1	350.61
25.2	350.78
25.3	350.949
25.4	351.119
25.5	351.288
25.6	351.456
25.7	351.625
25.8	351.793
25.9	351.96
26	352.128
26.1	352.295
26.2	352.461
26.3	352.628
26.4	352.794
26.5	352.96
26.6	353.125
26.7	353.29
26.8	353.455
26.9	353.619
27	353.784
27.1	353.947
27.2	354.111
27.3	354.274
27.4	354.437
27.5	354.6
27.6	354.762
27.7	354.924
27.8	355.085
27.9	355.247
28	355.408
28.1	355.568
28.2	355.729
28.3	355.889
28.4	356.049
28.5	356.208
28.6	356.367
28.7	356.526
28.8	356.685
28.9	356.843
29	357.001
29.1	357.158
29.2	357.316
29.3	357.473
29.4	357.629
29.5	357.786
29.6	357.942
29.7	358.098
29.8	358.253
29.9	358.408
30	358.563
30.1	358.718
30.2	358.872
30.3	359.026
30.4	359.18
30.5	359.334
30.6	359.487
30.7	359.64
30.8	359.792
30.9	359.945
31	360.097
31.1	360.248
31.2	360.4
31.3	360.551
31.4	360.702
31.5	360.852
31.6	361.003
31.7	361.153
31.8	361.302
31.9	361.452
32	361.601
32.1	361.75
32.2	361.898
32.3	362.047
32.4	362.195
32.5	362.343
32.6	362.49
32.7	362.637
32.8	362.784
32.9	362.931
33	363.077
33.1	363.224
33.2	363.37
33.3	363.515
33.4	363.66
33.5	363.806
33.6	363.95
33.7	364.095
33.8	364.239
33.9	364.383
34	364.527
34.1	364.671
34.2	364.814
34.3	364.957
34.4	365.099
34.5	365.242
34.6	365.384
34.7	365.526
34.8	365.668
34.9	365.809
35	365.95
35.1	366.091
35.2	366.232
35.3	366.372
35.4	366.513
35.5	366.653
35.6	366.792
35.7	366.932
35.8	367.071
35.9	367.21
36	367.348
36.1	367.487
36.2	367.625
36.3	367.763
36.4	367.901
36.5	368.038
36.6	368.175
36.7	368.312
36.8	368.449
36.9	368.586
37	368.722
37.1	368.858
37.2	368.994
37.3	369.129
37.4	369.265
37.5	369.4
37.6	369.534
37.7	369.669
37.8	369.803
37.9	369.938
38	370.072
38.1	370.205
38.2	370.339
38.3	370.472
38.4	370.605
38.5	370.738
38.6	370.87
38.7	371.003
38.8	371.135
38.9	371.267
39	371.398
39.1	371.53
39.2	371.661
39.3	371.792
39.4	371.923
39.5	372.053
39.6	372.183
39.7	372.314
39.8	372.443
39.9	372.573
40	372.703
40.1	372.832
40.2	372.961
40.3	373.09
40.4	373.218
40.5	373.347
40.6	373.475
40.7	373.603
40.8	373.73
40.9	373.858
41	373.985
41.1	374.112
41.2	374.239
41.3	374.366
41.4	374.493
41.5	374.619
41.6	374.745
41.7	374.871
41.8	374.996
41.9	375.122
42	375.247
42.1	375.372
42.2	375.497
42.3	375.622
42.4	375.746
42.5	375.871
42.6	375.995
42.7	376.118
42.8	376.242
42.9	376.366
43	376.489
43.1	376.612
43.2	376.735
43.3	376.857
43.4	376.98
43.5	377.102
43.6	377.224
43.7	377.346
43.8	377.468
43.9	377.59
44	377.711
44.1	377.832
44.2	377.953
44.3	378.074
44.4	378.194
44.5	378.315
44.6	378.435
44.7	378.555
44.8	378.675
44.9	378.794
45	378.914
45.1	379.033
45.2	379.152
45.3	379.271
45.4	379.39
45.5	379.508
45.6	379.627
45.7	379.745
45.8	379.863
45.9	379.981
46	380.098
46.1	380.216
46.2	380.333
46.3	380.45
46.4	380.567
46.5	380.684
46.6	380.801
46.7	380.917
46.8	381.033
46.9	381.149
47	381.265
47.1	381.381
47.2	381.496
47.3	381.612
47.4	381.727
47.5	381.842
47.6	381.957
47.7	382.072
47.8	382.186
47.9	382.3
48	382.415
48.1	382.529
48.2	382.642
48.3	382.756
48.4	382.87
48.5	382.983
48.6	383.096
48.7	383.209
48.8	383.322
48.9	383.435
49	383.547
49.1	383.659
49.2	383.772
49.3	383.884
49.4	383.996
49.5	384.107
49.6	384.219
49.7	384.33
49.8	384.441
49.9	384.552
50	384.663
50.1	384.774
50.2	384.885
50.3	384.995
50.4	385.105
50.5	385.215
50.6	385.325
50.7	385.435
50.8	385.545
50.9	385.654
51	385.764
51.1	385.873
51.2	385.982
51.3	386.091
51.4	386.2
51.5	386.308
51.6	386.417
51.7	386.525
51.8	386.633
51.9	386.741
52	386.849
52.1	386.956
52.2	387.064
52.3	387.171
52.4	387.278
52.5	387.386
52.6	387.492
52.7	387.599
52.8	387.706
52.9	387.812
53	387.919
53.1	388.025
53.2	388.131
53.3	388.237
53.4	388.343
53.5	388.448
53.6	388.554
53.7	388.659
53.8	388.764
53.9	388.869
54	388.974
54.1	389.079
54.2	389.184
54.3	389.288
54.4	389.392
54.5	389.497
54.6	389.601
54.7	389.705
54.8	389.808
54.9	389.912
55	390.016
55.1	390.119
55.2	390.222
55.3	390.325
55.4	390.428
55.5	390.531
55.6	390.634
55.7	390.736
55.8	390.839
55.9	390.941
56	391.043
56.1	391.145
56.2	391.247
56.3	391.349
56.4	391.45
56.5	391.552
56.6	391.653
56.7	391.754
56.8	391.856
56.9	391.957
57	392.057
57.1	392.158
57.2	392.259
57.3	392.359
57.4	392.459
57.5	392.56
57.6	392.66
57.7	392.76
57.8	392.859
57.9	392.959
58	393.059
58.1	393.158
58.2	393.257
58.3	393.356
58.4	393.455
58.5	393.554
58.6	393.653
58.7	393.752
58.8	393.85
58.9	393.949
59	394.047
59.1	394.145
59.2	394.243
59.3	394.341
59.4	394.439
59.5	394.537
59.6	394.634
59.7	394.732
59.8	394.829
59.9	394.926
60	395.023
60.1	395.12
60.2	395.217
60.3	395.314
60.4	395.41
60.5	395.507
60.6	395.603
60.7	395.699
60.8	395.796
60.9	395.892
61	395.987
61.1	396.083
61.2	396.179
61.3	396.274
61.4	396.37
61.5	396.465
61.6	396.56
61.7	396.655
61.8	396.75
61.9	396.845
62	396.94
62.1	397.034
62.2	397.129
62.3	397.223
62.4	397.318
62.5	397.412
62.6	397.506
62.7	397.6
62.8	397.694
62.9	397.787
63	397.881
63.1	397.974
63.2	398.068
63.3	398.161
63.4	398.254
63.5	398.347
63.6	398.44
63.7	398.533
63.8	398.626
63.9	398.718
64	398.811
64.1	398.903
64.2	398.995
64.3	399.088
64.4	399.18
64.5	399.272
64.6	399.363
64.7	399.455
64.8	399.547
64.9	399.638
65	399.73
65.1	399.821
65.2	399.912
65.3	400.003
65.4	400.094
65.5	400.185
65.6	400.276
65.7	400.367
65.8	400.457
65.9	400.548
66	400.638
66.1	400.728
66.2	400.819
66.3	400.909
66.4	400.999
66.5	401.089
66.6	401.178
66.7	401.268
66.8	401.357
66.9	401.447
67	401.536
67.1	401.626
67.2	401.715
67.3	401.804
67.4	401.893
67.5	401.982
67.6	402.07
67.7	402.159
67.8	402.247
67.9	402.336
68	402.424
68.1	402.513
68.2	402.601
68.3	402.689
68.4	402.777
68.5	402.865
68.6	402.952
68.7	403.04
68.8	403.128
68.9	403.215
69	403.302
69.1	403.39
69.2	403.477
69.3	403.564
69.4	403.651
69.5	403.738
69.6	403.825
69.7	403.911
69.8	403.998
69.9	404.084
70	404.171
70.1	404.257
70.2	404.343
70.3	404.43
70.4	404.516
70.5	404.602
70.6	404.687
70.7	404.773
70.8	404.859
70.9	404.945
71	405.03
71.1	405.115
71.2	405.201
71.3	405.286
71.4	405.371
71.5	405.456
71.6	405.541
71.7	405.626
71.8	405.711
71.9	405.795
72	405.88
72.1	405.964
72.2	406.049
72.3	406.133
72.4	406.217
72.5	406.302
72.6	406.386
72.7	406.47
72.8	406.553
72.9	406.637
73	406.721
73.1	406.804
73.2	406.888
73.3	406.971
73.4	407.055
73.5	407.138
73.6	407.221
73.7	407.304
73.8	407.387
73.9	407.47
74	407.553
74.1	407.636
74.2	407.718
74.3	407.801
74.4	407.883
74.5	407.966
74.6	408.048
74.7	408.13
74.8	408.213
74.9	408.295
75	408.377
75.1	408.458
75.2	408.54
75.3	408.622
75.4	408.704
75.5	408.785
75.6	408.867
75.7	408.948
75.8	409.029
75.9	409.111
76	409.192
76.1	409.273
76.2	409.354
76.3	409.435
76.4	409.515
76.5	409.596
76.6	409.677
76.7	409.757
76.8	409.838
76.9	409.918
77	409.999
77.1	410.079
77.2	410.159
77.3	410.239
77.4	410.319
77.5	410.399
77.6	410.479
77.7	410.559
77.8	410.638
77.9	410.718
78	410.797
78.1	410.877
78.2	410.956
78.3	411.036
78.4	411.115
78.5	411.194
78.6	411.273
78.7	411.352
78.8	411.431
78.9	411.51
79	411.588
79.1	411.667
79.2	411.746
79.3	411.824
79.4	411.903
79.5	411.981
79.6	412.059
79.7	412.138
79.8	412.216
79.9	412.294
80	412.372
80.1	412.45
80.2	412.528
80.3	412.605
80.4	412.683
80.5	412.761
80.6	412.838
80.7	412.916
80.8	412.993
80.9	413.07
81	413.148
81.1	413.225
81.2	413.302
81.3	413.379
81.4	413.456
81.5	413.533
81.6	413.609
81.7	413.686
81.8	413.763
81.9	413.839
82	413.916
82.1	413.992
82.2	414.069
82.3	414.145
82.4	414.221
82.5	414.297
82.6	414.373
82.7	414.449
82.8	414.525
82.9	414.601
83	414.677
83.1	414.753
83.2	414.828
83.3	414.904
83.4	414.979
83.5	415.055
83.6	415.13
83.7	415.205
83.8	415.281
83.9	415.356
84	415.431
84.1	415.506
84.2	415.581
84.3	415.656
84.4	415.731
84.5	415.805
84.6	415.88
84.7	415.955
84.8	416.029
84.9	416.104
85	416.178
85.1	416.252
85.2	416.326
85.3	416.401
85.4	416.475
85.5	416.549
85.6	416.623
85.7	416.697
85.8	416.771
85.9	416.844
86	416.918
86.1	416.992
86.2	417.065
86.3	417.139
86.4	417.212
86.5	417.286
86.6	417.359
86.7	417.432
86.8	417.505
86.9	417.579
87	417.652
87.1	417.725
87.2	417.797
87.3	417.87
87.4	417.943
87.5	418.016
87.6	418.088
87.7	418.161
87.8	418.234
87.9	418.306
88	418.378
88.1	418.451
88.2	418.523
88.3	418.595
88.4	418.667
88.5	418.74
88.6	418.812
88.7	418.883
88.8	418.955
88.9	419.027
89	419.099
89.1	419.171
89.2	419.242
89.3	419.314
89.4	419.385
89.5	419.457
89.6	419.528
89.7	419.6
89.8	419.671
89.9	419.742
90	419.813
90.1	419.884
90.2	419.955
90.3	420.026
90.4	420.097
90.5	420.168
90.6	420.239
90.7	420.309
90.8	420.38
90.9	420.451
91	420.521
91.1	420.592
91.2	420.662
91.3	420.732
91.4	420.803
91.5	420.873
91.6	420.943
91.7	421.013
91.8	421.083
91.9	421.153
92	421.223
92.1	421.293
92.2	421.363
92.3	421.432
92.4	421.502
92.5	421.572
92.6	421.641
92.7	421.711
92.8	421.78
92.9	421.85
93	421.919
93.1	421.988
93.2	422.057
93.3	422.126
93.4	422.196
93.5	422.265
93.6	422.334
93.7	422.402
93.8	422.471
93.9	422.54
94	422.609
94.1	422.678
94.2	422.746
94.3	422.815
94.4	422.883
94.5	422.952
94.6	423.02
94.7	423.088
94.8	423.157
94.9	423.225
95	423.293
95.1	423.361
95.2	423.429
95.3	423.497
95.4	423.565
95.5	423.633
95.6	423.701
95.7	423.769
95.8	423.836
95.9	423.904
96	423.972
96.1	424.039
96.2	424.107
96.3	424.174
96.4	424.242
96.5	424.309
96.6	424.376
96.7	424.443
96.8	424.511
96.9	424.578
97	424.645
97.1	424.712
97.2	424.779
97.3	424.846
97.4	424.913
97.5	424.979
97.6	425.046
97.7	425.113
97.8	425.179
97.9	425.246
98	425.312
98.1	425.379
98.2	425.445
98.3	425.512
98.4	425.578
98.5	425.644
98.6	425.71
98.7	425.777
98.8	425.843
98.9	425.909
99	425.975
99.1	426.041
99.2	426.106
99.3	426.172
99.4	426.238
99.5	426.304
99.6	426.369
99.7	426.435
99.8	426.501
99.9	426.566
100	426.632
100.1	426.697
100.2	426.762
100.3	426.828
100.4	426.893
100.5	426.958
100.6	427.023
100.7	427.088
100.8	427.153
100.9	427.218
101	427.283
101.1	427.348
101.2	427.413
101.3	427.478
101.4	427.543
101.5	427.607
101.6	427.672
101.7	427.737
101.8	427.801
101.9	427.866
102	427.93
102.1	427.994
102.2	428.059
102.3	428.123
102.4	428.187
102.5	428.251
102.6	428.316
102.7	428.38
102.8	428.444
102.9	428.508
103	428.572
103.1	428.636
103.2	428.699
103.3	428.763
103.4	428.827
103.5	428.891
103.6	428.954
103.7	429.018
103.8	429.081
103.9	429.145
104	429.208
104.1	429.272
104.2	429.335
104.3	429.398
104.4	429.462
104.5	429.525
104.6	429.588
104.7	429.651
104.8	429.714
104.9	429.777
105	429.84
105.1	429.903
105.2	429.966
105.3	430.029
105.4	430.092
105.5	430.154
105.6	430.217
105.7	430.28
105.8	430.342
105.9	430.405
106	430.467
106.1	430.53
106.2	430.592
106.3	430.655
106.4	430.717
106.5	430.779
106.6	430.841
106.7	430.904
106.8	430.966
106.9	431.028
107	431.09
107.1	431.152
107.2	431.214
107.3	431.276
107.4	431.338
107.5	431.399
107.6	431.461
107.7	431.523
107.8	431.584
107.9	431.646
108	431.708
108.1	431.769
108.2	431.831
108.3	431.892
108.4	431.953
108.5	432.015
108.6	432.076
108.7	432.137
108.8	432.199
108.9	432.26
109	432.321
109.1	432.382
109.2	432.443
109.3	432.504
109.4	432.565
109.5	432.626
109.6	432.687
109.7	432.748
109.8	432.808
109.9	432.869
110	432.93
110.1	432.99
110.2	433.051
110.3	433.111
110.4	433.172
110.5	433.232
110.6	433.293
110.7	433.353
110.8	433.414
110.9	433.474
111	433.534
111.1	433.594
111.2	433.654
111.3	433.715
111.4	433.775
111.5	433.835
111.6	433.895
111.7	433.955
111.8	434.014
111.9	434.074
112	434.134
112.1	434.194
112.2	434.254
112.3	434.313
112.4	434.373
112.5	434.433
112.6	434.492
112.7	434.552
112.8	434.611
112.9	434.671
113	434.73
113.1	434.789
113.2	434.849
113.3	434.908
113.4	434.967
113.5	435.026
113.6	435.085
113.7	435.145
113.8	435.204
113.9	435.263
114	435.322
114.1	435.38
114.2	435.439
114.3	435.498
114.4	435.557
114.5	435.616
114.6	435.675
114.7	435.733
114.8	435.792
114.9	435.85
115	435.909
115.1	435.968
115.2	436.026
115.3	436.084
115.4	436.143
115.5	436.201
115.6	436.26
115.7	436.318
115.8	436.376
115.9	436.434
116	436.492
116.1	436.551
116.2	436.609
116.3	436.667
116.4	436.725
116.5	436.783
116.6	436.84
116.7	436.898
116.8	436.956
116.9	437.014
117	437.072
117.1	437.129
117.2	437.187
117.3	437.245
117.4	437.302
117.5	437.36
117.6	437.417
117.7	437.475
117.8	437.532
117.9	437.59
118	437.647
118.1	437.705
118.2	437.762
118.3	437.819
118.4	437.876
118.5	437.933
118.6	437.991
118.7	438.048
118.8	438.105
118.9	438.162
119	438.219
119.1	438.276
119.2	438.333
119.3	438.389
119.4	438.446
119.5	438.503
119.6	438.56
119.7	438.616
119.8	438.673
119.9	438.73
120	438.786
120.1	438.843
120.2	438.899
120.3	438.956
120.4	439.012
120.5	439.069
120.6	439.125
120.7	439.181
120.8	439.238
120.9	439.294
121	439.35
121.1	439.406
121.2	439.463
121.3	439.519
121.4	439.575
121.5	439.631
121.6	439.687
121.7	439.743
121.8	439.799
121.9	439.855
122	439.91
122.1	439.966
122.2	440.022
122.3	440.078
122.4	440.133
122.5	440.189
122.6	440.245
122.7	440.3
122.8	440.356
122.9	440.411
123	440.467
123.1	440.522
123.2	440.578
123.3	440.633
123.4	440.688
123.5	440.744
123.6	440.799
123.7	440.854
123.8	440.909
123.9	440.965
124	441.02
124.1	441.075
124.2	441.13
124.3	441.185
124.4	441.24
124.5	441.295
124.6	441.35
124.7	441.405
124.8	441.459
124.9	441.514
125	441.569
125.1	441.624
125.2	441.678
125.3	441.733
125.4	441.788
125.5	441.842
125.6	441.897
125.7	441.951
125.8	442.006
125.9	442.06
126	442.115
126.1	442.169
126.2	442.224
126.3	442.278
126.4	442.332
126.5	442.386
126.6	442.441
126.7	442.495
126.8	442.549
126.9	442.603
127	442.657
127.1	442.711
127.2	442.765
127.3	442.819
127.4	442.873
127.5	442.927
127.6	442.981
127.7	443.035
127.8	443.088
127.9	443.142
128	443.196
128.1	443.25
128.2	443.303
128.3	443.357
128.4	443.411
128.5	443.464
128.6	443.518
128.7	443.571
128.8	443.625
128.9	443.678
129	443.731
129.1	443.785
129.2	443.838
129.3	443.891
129.4	443.945
129.5	443.998
129.6	444.051
129.7	444.104
129.8	444.157
129.9	444.211
130	444.264
130.1	444.317
130.2	444.37
130.3	444.423
130.4	444.475
130.5	444.528
130.6	444.581
130.7	444.634
130.8	444.687
130.9	444.74
131	444.792
131.1	444.845
131.2	444.898
131.3	444.95
131.4	445.003
131.5	445.056
131.6	445.108
131.7	445.161
131.8	445.213
131.9	445.266
132	445.318
132.1	445.37
132.2	445.423
132.3	445.475
132.4	445.527
132.5	445.58
132.6	445.632
132.7	445.684
132.8	445.736
132.9	445.788
133	445.84
133.1	445.892
133.2	445.945
133.3	445.997
133.4	446.048
133.5	446.1
133.6	446.152
133.7	446.204
133.8	446.256
133.9	446.308
134	446.36
134.1	446.411
134.2	446.463
134.3	446.515
134.4	446.566
134.5	446.618
134.6	446.67
134.7	446.721
134.8	446.773
134.9	446.824
135	446.876
135.1	446.927
135.2	446.979
135.3	447.03
135.4	447.081
135.5	447.133
135.6	447.184
135.7	447.235
135.8	447.286
135.9	447.338
136	447.389
136.1	447.44
136.2	447.491
136.3	447.542
136.4	447.593
136.5	447.644
136.6	447.695
136.7	447.746
136.8	447.797
136.9	447.848
137	447.899
137.1	447.95
137.2	448
137.3	448.051
137.4	448.102
137.5	448.153
137.6	448.203
137.7	448.254
137.8	448.305
137.9	448.355
138	448.406
138.1	448.456
138.2	448.507
138.3	448.557
138.4	448.608
138.5	448.658
138.6	448.709
138.7	448.759
138.8	448.809
138.9	448.86
139	448.91
139.1	448.96
139.2	449.01
139.3	449.06
139.4	449.111
139.5	449.161
139.6	449.211
139.7	449.261
139.8	449.311
139.9	449.361
140	449.411
140.1	449.461
140.2	449.511
140.3	449.561
140.4	449.611
140.5	449.66
140.6	449.71
140.7	449.76
140.8	449.81
140.9	449.859
141	449.909
141.1	449.959
141.2	450.008
141.3	450.058
141.4	450.108
141.5	450.157
141.6	450.207
141.7	450.256
141.8	450.306
141.9	450.355
142	450.404
142.1	450.454
142.2	450.503
142.3	450.553
142.4	450.602
142.5	450.651
142.6	450.7
142.7	450.75
142.8	450.799
142.9	450.848
143	450.897
143.1	450.946
143.2	450.995
143.3	451.044
143.4	451.093
143.5	451.142
143.6	451.191
143.7	451.24
143.8	451.289
143.9	451.338
144	451.387
144.1	451.436
144.2	451.484
144.3	451.533
144.4	451.582
144.5	451.631
144.6	451.679
144.7	451.728
144.8	451.777
144.9	451.825
145	451.874
145.1	451.922
145.2	451.971
145.3	452.019
145.4	452.068
145.5	452.116
145.6	452.165
145.7	452.213
145.8	452.261
145.9	452.31
146	452.358
146.1	452.406
146.2	452.455
146.3	452.503
146.4	452.551
146.5	452.599
146.6	452.647
146.7	452.695
146.8	452.744
146.9	452.792
147	452.84
147.1	452.888
147.2	452.936
147.3	452.984
147.4	453.032
147.5	453.079
147.6	453.127
147.7	453.175
147.8	453.223
147.9	453.271
148	453.319
148.1	453.366
148.2	453.414
148.3	453.462
148.4	453.509
148.5	453.557
148.6	453.605
148.7	453.652
148.8	453.7
148.9	453.747
149	453.795
149.1	453.842
149.2	453.89
149.3	453.937
149.4	453.985
149.5	454.032
149.6	454.079
149.7	454.127
149.8	454.174
149.9	454.221
150	454.269
150.1	454.316
150.2	454.363
150.3	454.41
150.4	454.457
150.5	454.505
150.6	454.552
150.7	454.599
150.8	454.646
150.9	454.693
151	454.74
151.1	454.787
151.2	454.834
151.3	454.881
151.4	454.928
151.5	454.974
151.6	455.021
151.7	455.068
151.8	455.115
151.9	455.162
152	455.208
152.1	455.255
152.2	455.302
152.3	455.349
152.4	455.395
152.5	455.442
152.6	455.488
152.7	455.535
152.8	455.582
152.9	455.628
153	455.675
153.1	455.721
153.2	455.768
153.3	455.814
153.4	455.86
153.5	455.907
153.6	455.953
153.7	455.999
153.8	456.046
153.9	456.092
154	456.138
154.1	456.185
154.2	456.231
154.3	456.277
154.4	456.323
154.5	456.369
154.6	456.415
154.7	456.461
154.8	456.508
154.9	456.554
155	456.6
155.1	456.646
155.2	456.692
155.3	456.737
155.4	456.783
155.5	456.829
155.6	456.875
155.7	456.921
155.8	456.967
155.9	457.013
156	457.058
156.1	457.104
156.2	457.15
156.3	457.196
156.4	457.241
156.5	457.287
156.6	457.333
156.7	457.378
156.8	457.424
156.9	457.469
157	457.515
157.1	457.56
157.2	457.606
157.3	457.651
157.4	457.697
157.5	457.742
157.6	457.788
157.7	457.833
157.8	457.878
157.9	457.924
158	457.969
158.1	458.014
158.2	458.059
158.3	458.105
158.4	458.15
158.5	458.195
158.6	458.24
158.7	458.285
158.8	458.331
158.9	458.376
159	458.421
159.1	458.466
159.2	458.511
159.3	458.556
159.4	458.601
159.5	458.646
159.6	458.691
159.7	458.736
159.8	458.78
159.9	458.825
160	458.87
160.1	458.915
160.2	458.96
160.3	459.004
160.4	459.049
160.5	459.094
160.6	459.139
160.7	459.183
160.8	459.228
160.9	459.273
161	459.317
161.1	459.362
161.2	459.406
161.3	459.451
161.4	459.495
161.5	459.54
161.6	459.584
161.7	459.629
161.8	459.673
161.9	459.718
162	459.762
162.1	459.807
162.2	459.851
162.3	459.895
162.4	459.939
162.5	459.984
162.6	460.028
162.7	460.072
162.8	460.116
162.9	460.161
163	460.205
163.1	460.249
163.2	460.293
163.3	460.337
163.4	460.381
163.5	460.425
163.6	460.469
163.7	460.513
163.8	460.557
163.9	460.601
164	460.645
164.1	460.689
164.2	460.733
164.3	460.777
164.4	460.821
164.5	460.865
164.6	460.909
164.7	460.952
164.8	460.996
164.9	461.04
165	461.084
165.1	461.127
165.2	461.171
165.3	461.215
165.4	461.258
165.5	461.302
165.6	461.345
165.7	461.389
165.8	461.433
165.9	461.476
166	461.52
166.1	461.563
166.2	461.607
166.3	461.65
166.4	461.694
166.5	461.737
166.6	461.78
166.7	461.824
166.8	461.867
166.9	461.91
167	461.954
167.1	461.997
167.2	462.04
167.3	462.083
167.4	462.127
167.5	462.17
167.6	462.213
167.7	462.256
167.8	462.299
167.9	462.342
168	462.385
168.1	462.429
168.2	462.472
168.3	462.515
168.4	462.558
168.5	462.601
168.6	462.644
168.7	462.687
168.8	462.729
168.9	462.772
169	462.815
169.1	462.858
169.2	462.901
169.3	462.944
169.4	462.987
169.5	463.029
169.6	463.072
169.7	463.115
169.8	463.158
169.9	463.2
170	463.243
170.1	463.286
170.2	463.328
170.3	463.371
170.4	463.413
170.5	463.456
170.6	463.499
170.7	463.541
170.8	463.584
170.9	463.626
171	463.669
171.1	463.711
171.2	463.753
171.3	463.796
171.4	463.838
171.5	463.881
171.6	463.923
171.7	463.965
171.8	464.008
171.9	464.05
172	464.092
172.1	464.134
172.2	464.177
172.3	464.219
172.4	464.261
172.5	464.303
172.6	464.345
172.7	464.388
172.8	464.43
172.9	464.472
173	464.514
173.1	464.556
173.2	464.598
173.3	464.64
173.4	464.682
173.5	464.724
173.6	464.766
173.7	464.808
173.8	464.85
173.9	464.892
174	464.933
174.1	464.975
174.2	465.017
174.3	465.059
174.4	465.101
174.5	465.142
174.6	465.184
174.7	465.226
174.8	465.268
174.9	465.309
175	465.351
175.1	465.393
175.2	465.434
175.3	465.476
175.4	465.518
175.5	465.559
175.6	465.601
175.7	465.642
175.8	465.684
175.9	465.725
176	465.767
176.1	465.808
176.2	465.85
176.3	465.891
176.4	465.933
176.5	465.974
176.6	466.015
176.7	466.057
176.8	466.098
176.9	466.139
177	466.181
177.1	466.222
177.2	466.263
177.3	466.304
177.4	466.346
177.5	466.387
177.6	466.428
177.7	466.469
177.8	466.51
177.9	466.551
178	466.592
178.1	466.634
178.2	466.675
178.3	466.716
178.4	466.757
178.5	466.798
178.6	466.839
178.7	466.88
178.8	466.921
178.9	466.962
179	467.002
179.1	467.043
179.2	467.084
179.3	467.125
179.4	467.166
179.5	467.207
179.6	467.248
179.7	467.288
179.8	467.329
179.9	467.37
180	467.411
180.1	467.451
180.2	467.492
180.3	467.533
180.4	467.573
180.5	467.614
180.6	467.655
180.7	467.695
180.8	467.736
180.9	467.776
181	467.817
181.1	467.857
181.2	467.898
181.3	467.938
181.4	467.979
181.5	468.019
181.6	468.06
181.7	468.1
181.8	468.14
181.9	468.181
182	468.221
182.1	468.262
182.2	468.302
182.3	468.342
182.4	468.382
182.5	468.423
182.6	468.463
182.7	468.503
182.8	468.543
182.9	468.584
183	468.624
183.1	468.664
183.2	468.704
183.3	468.744
183.4	468.784
183.5	468.824
183.6	468.865
183.7	468.905
183.8	468.945
183.9	468.985
184	469.025
184.1	469.065
184.2	469.105
184.3	469.145
184.4	469.184
184.5	469.224
184.6	469.264
184.7	469.304
184.8	469.344
184.9	469.384
185	469.424
185.1	469.464
185.2	469.503
185.3	469.543
185.4	469.583
185.5	469.623
185.6	469.662
185.7	469.702
185.8	469.742
185.9	469.781
186	469.821
186.1	469.861
186.2	469.9
186.3	469.94
186.4	469.979
186.5	470.019
186.6	470.058
186.7	470.098
186.8	470.138
186.9	470.177
187	470.217
187.1	470.256
187.2	470.295
187.3	470.335
187.4	470.374
187.5	470.414
187.6	470.453
187.7	470.492
187.8	470.532
187.9	470.571
188	470.61
188.1	470.65
188.2	470.689
188.3	470.728
188.4	470.767
188.5	470.807
188.6	470.846
188.7	470.885
188.8	470.924
188.9	470.963
189	471.002
189.1	471.042
189.2	471.081
189.3	471.12
189.4	471.159
189.5	471.198
189.6	471.237
189.7	471.276
189.8	471.315
189.9	471.354
190	471.393
190.1	471.432
190.2	471.471
190.3	471.51
190.4	471.548
190.5	471.587
190.6	471.626
190.7	471.665
190.8	471.704
190.9	471.743
191	471.781
191.1	471.82
191.2	471.859
191.3	471.898
191.4	471.936
191.5	471.975
191.6	472.014
191.7	472.053
191.8	472.091
191.9	472.13
192	472.169
192.1	472.207
192.2	472.246
192.3	472.284
192.4	472.323
192.5	472.361
192.6	472.4
192.7	472.438
192.8	472.477
192.9	472.515
193	472.554
193.1	472.592
193.2	472.631
193.3	472.669
193.4	472.708
193.5	472.746
193.6	472.784
193.7	472.823
193.8	472.861
193.9	472.899
194	472.938
194.1	472.976
194.2	473.014
194.3	473.052
194.4	473.091
194.5	473.129
194.6	473.167
194.7	473.205
194.8	473.244
194.9	473.282
195	473.32
195.1	473.358
195.2	473.396
195.3	473.434
195.4	473.472
195.5	473.51
195.6	473.548
195.7	473.586
195.8	473.624
195.9	473.662
196	473.7
196.1	473.738
196.2	473.776
196.3	473.814
196.4	473.852
196.5	473.89
196.6	473.928
196.7	473.966
196.8	474.004
196.9	474.041
197	474.079
197.1	474.117
197.2	474.155
197.3	474.193
197.4	474.23
197.5	474.268
197.6	474.306
197.7	474.344
197.8	474.381
197.9	474.419
198	474.457
198.1	474.494
198.2	474.532
198.3	474.57
198.4	474.607
198.5	474.645
198.6	474.682
198.7	474.72
198.8	474.757
198.9	474.795
199	474.832
199.1	474.87
199.2	474.907
199.3	474.945
199.4	474.982
199.5	475.02
199.6	475.057
199.7	475.095
199.8	475.132
199.9	475.169
200	475.207
200.1	475.244
200.2	475.281
200.3	475.319
200.4	475.356
200.5	475.393
200.6	475.431
200.7	475.468
200.8	475.505
200.9	475.542
201	475.579
201.1	475.617
201.2	475.654
201.3	475.691
201.4	475.728
201.5	475.765
201.6	475.802
201.7	475.839
201.8	475.877
201.9	475.914
202	475.951
202.1	475.988
202.2	476.025
202.3	476.062
202.4	476.099
202.5	476.136
202.6	476.173
202.7	476.21
202.8	476.247
202.9	476.283
203	476.32
203.1	476.357
203.2	476.394
203.3	476.431
203.4	476.468
203.5	476.505
203.6	476.541
203.7	476.578
203.8	476.615
203.9	476.652
204	476.689
204.1	476.725
204.2	476.762
204.3	476.799
204.4	476.835
204.5	476.872
204.6	476.909
204.7	476.945
204.8	476.982
204.9	477.019
205	477.055
205.1	477.092
205.2	477.128
205.3	477.165
205.4	477.202
205.5	477.238
205.6	477.275
205.7	477.311
205.8	477.348
205.9	477.384
206	477.421
206.1	477.457
206.2	477.493
206.3	477.53
206.4	477.566
206.5	477.603
206.6	477.639
206.7	477.675
206.8	477.712
206.9	477.748
207	477.784
207.1	477.821
207.2	477.857
207.3	477.893
207.4	477.929
207.5	477.966
207.6	478.002
207.7	478.038
207.8	478.074
207.9	478.111
208	478.147
208.1	478.183
208.2	478.219
208.3	478.255
208.4	478.291
208.5	478.327
208.6	478.363
208.7	478.4
208.8	478.436
208.9	478.472
209	478.508
209.1	478.544
209.2	478.58
209.3	478.616
209.4	478.652
209.5	478.688
209.6	478.724
209.7	478.759
209.8	478.795
209.9	478.831
210	478.867
210.1	478.903
210.2	478.939
210.3	478.975
210.4	479.011
210.5	479.046
210.6	479.082
210.7	479.118
210.8	479.154
210.9	479.19
211	479.225
211.1	479.261
211.2	479.297
211.3	479.332
211.4	479.368
211.5	479.404
211.6	479.439
211.7	479.475
211.8	479.511
211.9	479.546
212	479.582
212.1	479.618
212.2	479.653
212.3	479.689
212.4	479.724
212.5	479.76
212.6	479.795
212.7	479.831
212.8	479.866
212.9	479.902
213	479.937
213.1	479.973
213.2	480.008
213.3	480.044
213.4	480.079
213.5	480.115
213.6	480.15
213.7	480.185
213.8	480.221
213.9	480.256
214	480.291
214.1	480.327
214.2	480.362
214.3	480.397
214.4	480.433
214.5	480.468
214.6	480.503
214.7	480.538
214.8	480.574
214.9	480.609
215	480.644
215.1	480.679
215.2	480.714
215.3	480.749
215.4	480.785
215.5	480.82
215.6	480.855
215.7	480.89
215.8	480.925
215.9	480.96
216	480.995
216.1	481.03
216.2	481.065
216.3	481.1
216.4	481.135
216.5	481.17
216.6	481.205
216.7	481.24
216.8	481.275
216.9	481.31
217	481.345
217.1	481.38
217.2	481.415
217.3	481.45
217.4	481.485
217.5	481.52
217.6	481.554
217.7	481.589
217.8	481.624
217.9	481.659
218	481.694
218.1	481.728
218.2	481.763
218.3	481.798
218.4	481.833
218.5	481.868
218.6	481.902
218.7	481.937
218.8	481.972
218.9	482.006
219	482.041
219.1	482.076
219.2	482.11
219.3	482.145
219.4	482.18
219.5	482.214
219.6	482.249
219.7	482.283
219.8	482.318
219.9	482.352
220	482.387
220.1	482.422
220.2	482.456
220.3	482.491
220.4	482.525
220.5	482.559
220.6	482.594
220.7	482.628
220.8	482.663
220.9	482.697
221	482.732
221.1	482.766
221.2	482.8
221.3	482.835
221.4	482.869
221.5	482.904
221.6	482.938
221.7	482.972
221.8	483.007
221.9	483.041
222	483.075
222.1	483.109
222.2	483.144
222.3	483.178
222.4	483.212
222.5	483.246
222.6	483.281
222.7	483.315
222.8	483.349
222.9	483.383
223	483.417
223.1	483.451
223.2	483.485
223.3	483.52
223.4	483.554
223.5	483.588
223.6	483.622
223.7	483.656
223.8	483.69
223.9	483.724
224	483.758
224.1	483.792
224.2	483.826
224.3	483.86
224.4	483.894
224.5	483.928
224.6	483.962
224.7	483.996
224.8	484.03
224.9	484.064
225	484.098
225.1	484.132
225.2	484.165
225.3	484.199
225.4	484.233
225.5	484.267
225.6	484.301
225.7	484.335
225.8	484.369
225.9	484.402
226	484.436
226.1	484.47
226.2	484.504
226.3	484.537
226.4	484.571
226.5	484.605
226.6	484.639
226.7	484.672
226.8	484.706
226.9	484.74
227	484.773
227.1	484.807
227.2	484.841
227.3	484.874
227.4	484.908
227.5	484.941
227.6	484.975
227.7	485.009
227.8	485.042
227.9	485.076
228	485.109
228.1	485.143
228.2	485.176
228.3	485.21
228.4	485.243
228.5	485.277
228.6	485.31
228.7	485.344
228.8	485.377
228.9	485.41
229	485.444
229.1	485.477
229.2	485.511
229.3	485.544
229.4	485.577
229.5	485.611
229.6	485.644
229.7	485.677
229.8	485.711
229.9	485.744
230	485.777
230.1	485.811
230.2	485.844
230.3	485.877
230.4	485.91
230.5	485.944
230.6	485.977
230.7	486.01
230.8	486.043
230.9	486.077
231	486.11
231.1	486.143
231.2	486.176
231.3	486.209
231.4	486.242
231.5	486.275
231.6	486.309
231.7	486.342
231.8	486.375
231.9	486.408
232	486.441
232.1	486.474
232.2	486.507
232.3	486.54
232.4	486.573
232.5	486.606
232.6	486.639
232.7	486.672
232.8	486.705
232.9	486.738
233	486.771
233.1	486.804
233.2	486.837
233.3	486.87
233.4	486.902
233.5	486.935
233.6	486.968
233.7	487.001
233.8	487.034
233.9	487.067
234	487.1
234.1	487.132
234.2	487.165
234.3	487.198
234.4	487.231
234.5	487.264
234.6	487.296
234.7	487.329
234.8	487.362
234.9	487.395
235	487.427
235.1	487.46
235.2	487.493
235.3	487.525
235.4	487.558
235.5	487.591
235.6	487.623
235.7	487.656
235.8	487.689
235.9	487.721
236	487.754
236.1	487.786
236.2	487.819
236.3	487.851
236.4	487.884
236.5	487.917
236.6	487.949
236.7	487.982
236.8	488.014
236.9	488.047
237	488.079
237.1	488.112
237.2	488.144
237.3	488.177
237.4	488.209
237.5	488.241
237.6	488.274
237.7	488.306
237.8	488.339
237.9	488.371
238	488.403
238.1	488.436
238.2	488.468
238.3	488.5
238.4	488.533
238.5	488.565
238.6	488.597
238.7	488.63
238.8	488.662
238.9	488.694
239	488.726
239.1	488.759
239.2	488.791
239.3	488.823
239.4	488.855
239.5	488.888
239.6	488.92
239.7	488.952
239.8	488.984
239.9	489.016
240	489.048
240.1	489.081
240.2	489.113
240.3	489.145
240.4	489.177
240.5	489.209
240.6	489.241
240.7	489.273
240.8	489.305
240.9	489.337
241	489.369
241.1	489.401
241.2	489.433
241.3	489.465
241.4	489.497
241.5	489.529
241.6	489.561
241.7	489.593
241.8	489.625
241.9	489.657
242	489.689
242.1	489.721
242.2	489.753
242.3	489.785
242.4	489.817
242.5	489.849
242.6	489.88
242.7	489.912
242.8	489.944
242.9	489.976
243	490.008
243.1	490.04
243.2	490.071
243.3	490.103
243.4	490.135
243.5	490.167
243.6	490.198
243.7	490.23
243.8	490.262
243.9	490.294
244	490.325
244.1	490.357
244.2	490.389
244.3	490.42
244.4	490.452
244.5	490.484
244.6	490.515
244.7	490.547
244.8	490.579
244.9	490.61
245	490.642
245.1	490.674
245.2	490.705
245.3	490.737
245.4	490.768
245.5	490.8
245.6	490.831
245.7	490.863
245.8	490.894
245.9	490.926
246	490.957
246.1	490.989
246.2	491.02
246.3	491.052
246.4	491.083
246.5	491.115
246.6	491.146
246.7	491.178
246.8	491.209
246.9	491.24
247	491.272
247.1	491.303
247.2	491.335
247.3	491.366
247.4	491.397
247.5	491.429
247.6	491.46
247.7	491.491
247.8	491.523
247.9	491.554
248	491.585
248.1	491.616
248.2	491.648
248.3	491.679
248.4	491.71
248.5	491.742
248.6	491.773
248.7	491.804
248.8	491.835
248.9	491.866
249	491.898
249.1	491.929
249.2	491.96
249.3	491.991
249.4	492.022
249.5	492.053
249.6	492.084
249.7	492.116
249.8	492.147
249.9	492.178
250	492.209
250.1	492.24
250.2	492.271
250.3	492.302
250.4	492.333
250.5	492.364
250.6	492.395
250.7	492.426
250.8	492.457
250.9	492.488
251	492.519
251.1	492.55
251.2	492.581
251.3	492.612
251.4	492.643
251.5	492.674
251.6	492.705
251.7	492.736
251.8	492.767
251.9	492.797
252	492.828
252.1	492.859
252.2	492.89
252.3	492.921
252.4	492.952
252.5	492.983
252.6	493.013
252.7	493.044
252.8	493.075
252.9	493.106
253	493.137
253.1	493.167
253.2	493.198
253.3	493.229
253.4	493.26
253.5	493.29
253.6	493.321
253.7	493.352
253.8	493.382
253.9	493.413
254	493.444
254.1	493.474
254.2	493.505
254.3	493.536
254.4	493.566
254.5	493.597
254.6	493.628
254.7	493.658
254.8	493.689
254.9	493.719
255	493.75
255.1	493.781
255.2	493.811
255.3	493.842
255.4	493.872
255.5	493.903
255.6	493.933
255.7	493.964
255.8	493.994
255.9	494.025
256	494.055
256.1	494.086
256.2	494.116
256.3	494.147
256.4	494.177
256.5	494.208
256.6	494.238
256.7	494.268
256.8	494.299
256.9	494.329
257	494.36
257.1	494.39
257.2	494.42
257.3	494.451
257.4	494.481
257.5	494.511
257.6	494.542
257.7	494.572
257.8	494.602
257.9	494.633
258	494.663
258.1	494.693
258.2	494.723
258.3	494.754
258.4	494.784
258.5	494.814
258.6	494.844
258.7	494.875
258.8	494.905
258.9	494.935
259	494.965
259.1	494.995
259.2	495.025
259.3	495.056
259.4	495.086
259.5	495.116
259.6	495.146
259.7	495.176
259.8	495.206
259.9	495.236
260	495.266
260.1	495.297
260.2	495.327
260.3	495.357
260.4	495.387
260.5	495.417
260.6	495.447
260.7	495.477
260.8	495.507
260.9	495.537
261	495.567
261.1	495.597
261.2	495.627
261.3	495.657
261.4	495.687
261.5	495.717
261.6	495.747
261.7	495.777
261.8	495.807
261.9	495.836
262	495.866
262.1	495.896
262.2	495.926
262.3	495.956
262.4	495.986
262.5	496.016
262.6	496.046
262.7	496.075
262.8	496.105
262.9	496.135
263	496.165
263.1	496.195
263.2	496.224
263.3	496.254
263.4	496.284
263.5	496.314
263.6	496.343
263.7	496.373
263.8	496.403
263.9	496.433
264	496.462
264.1	496.492
264.2	496.522
264.3	496.551
264.4	496.581
264.5	496.611
264.6	496.64
264.7	496.67
264.8	496.7
264.9	496.729
265	496.759
265.1	496.789
265.2	496.818
265.3	496.848
265.4	496.877
265.5	496.907
265.6	496.937
265.7	496.966
265.8	496.996
265.9	497.025
266	497.055
266.1	497.084
266.2	497.114
266.3	497.143
266.4	497.173
266.5	497.202
266.6	497.232
266.7	497.261
266.8	497.291
266.9	497.32
267	497.35
267.1	497.379
267.2	497.408
267.3	497.438
267.4	497.467
267.5	497.497
267.6	497.526
267.7	497.555
267.8	497.585
267.9	497.614
268	497.643
268.1	497.673
268.2	497.702
268.3	497.731
268.4	497.761
268.5	497.79
268.6	497.819
268.7	497.849
268.8	497.878
268.9	497.907
269	497.936
269.1	497.966
269.2	497.995
269.3	498.024
269.4	498.053
269.5	498.082
269.6	498.112
269.7	498.141
269.8	498.17
269.9	498.199
270	498.228
270.1	498.258
270.2	498.287
270.3	498.316
270.4	498.345
270.5	498.374
270.6	498.403
270.7	498.432
270.8	498.461
270.9	498.491
271	498.52
271.1	498.549
271.2	498.578
271.3	498.607
271.4	498.636
271.5	498.665
271.6	498.694
271.7	498.723
271.8	498.752
271.9	498.781
272	498.81
272.1	498.839
272.2	498.868
272.3	498.897
272.4	498.926
272.5	498.955
272.6	498.984
272.7	499.013
272.8	499.041
272.9	499.07
273	499.099
273.1	499.128
273.2	499.157
273.3	499.186
273.4	499.215
273.5	499.244
273.6	499.273
273.7	499.301
273.8	499.33
273.9	499.359
274	499.388
274.1	499.417
274.2	499.445
274.3	499.474
274.4	499.503
274.5	499.532
274.6	499.561
274.7	499.589
274.8	499.618
274.9	499.647
275	499.675
275.1	499.704
275.2	499.733
275.3	499.762
275.4	499.79
275.5	499.819
275.6	499.848
275.7	499.876
275.8	499.905
275.9	499.934
276	499.962
276.1	499.991
276.2	500.02
276.3	500.048
276.4	500.077
276.5	500.105
276.6	500.134
276.7	500.163
276.8	500.191
276.9	500.22
277	500.248
277.1	500.277
277.2	500.305
277.3	500.334
277.4	500.362
277.5	500.391
277.6	500.419
277.7	500.448
277.8	500.476
277.9	500.505
278	500.533
278.1	500.562
278.2	500.59
278.3	500.619
278.4	500.647
278.5	500.676
278.6	500.704
278.7	500.732
278.8	500.761
278.9	500.789
279	500.818
279.1	500.846
279.2	500.874
279.3	500.903
279.4	500.931
279.5	500.959
279.6	500.988
279.7	501.016
279.8	501.044
279.9	501.073
280	501.101
280.1	501.129
280.2	501.157
280.3	501.186
280.4	501.214
280.5	501.242
280.6	501.271
280.7	501.299
280.8	501.327
280.9	501.355
281	501.383
281.1	501.412
281.2	501.44
281.3	501.468
281.4	501.496
281.5	501.524
281.6	501.553
281.7	501.581
281.8	501.609
281.9	501.637
282	501.665
282.1	501.693
282.2	501.721
282.3	501.75
282.4	501.778
282.5	501.806
282.6	501.834
282.7	501.862
282.8	501.89
282.9	501.918
283	501.946
283.1	501.974
283.2	502.002
283.3	502.03
283.4	502.058
283.5	502.086
283.6	502.114
283.7	502.142
283.8	502.17
283.9	502.198
284	502.226
284.1	502.254
284.2	502.282
284.3	502.31
284.4	502.338
284.5	502.366
284.6	502.394
284.7	502.422
284.8	502.45
284.9	502.478
285	502.505
285.1	502.533
285.2	502.561
285.3	502.589
285.4	502.617
285.5	502.645
285.6	502.673
285.7	502.7
285.8	502.728
285.9	502.756
286	502.784
286.1	502.812
286.2	502.839
286.3	502.867
286.4	502.895
286.5	502.923
286.6	502.951
286.7	502.978
286.8	503.006
286.9	503.034
287	503.062
287.1	503.089
287.2	503.117
287.3	503.145
287.4	503.172
287.5	503.2
287.6	503.228
287.7	503.255
287.8	503.283
287.9	503.311
288	503.338
288.1	503.366
288.2	503.394
288.3	503.421
288.4	503.449
288.5	503.477
288.6	503.504
288.7	503.532
288.8	503.559
288.9	503.587
289	503.614
289.1	503.642
289.2	503.67
289.3	503.697
289.4	503.725
289.5	503.752
289.6	503.78
289.7	503.807
289.8	503.835
289.9	503.862
290	503.89
290.1	503.917
290.2	503.945
290.3	503.972
290.4	504
290.5	504.027
290.6	504.054
290.7	504.082
290.8	504.109
290.9	504.137
291	504.164
291.1	504.192
291.2	504.219
291.3	504.246
291.4	504.274
291.5	504.301
291.6	504.328
291.7	504.356
291.8	504.383
291.9	504.411
292	504.438
292.1	504.465
292.2	504.493
292.3	504.52
292.4	504.547
292.5	504.574
292.6	504.602
292.7	504.629
292.8	504.656
292.9	504.684
293	504.711
293.1	504.738
293.2	504.765
293.3	504.793
293.4	504.82
293.5	504.847
293.6	504.874
293.7	504.901
293.8	504.929
293.9	504.956
294	504.983
294.1	505.01
294.2	505.037
294.3	505.064
294.4	505.092
294.5	505.119
294.6	505.146
294.7	505.173
294.8	505.2
294.9	505.227
295	505.254
295.1	505.281
295.2	505.309
295.3	505.336
295.4	505.363
295.5	505.39
295.6	505.417
295.7	505.444
295.8	505.471
295.9	505.498
296	505.525
296.1	505.552
296.2	505.579
296.3	505.606
296.4	505.633
296.5	505.66
296.6	505.687
296.7	505.714
296.8	505.741
296.9	505.768
297	505.795
297.1	505.822
297.2	505.849
297.3	505.876
297.4	505.903
297.5	505.929
297.6	505.956
297.7	505.983
297.8	506.01
297.9	506.037
298	506.064
298.1	506.091
298.2	506.118
298.3	506.145
298.4	506.171
298.5	506.198
298.6	506.225
298.7	506.252
298.8	506.279
298.9	506.305
299	506.332
299.1	506.359
299.2	506.386
299.3	506.413
299.4	506.439
299.5	506.466
299.6	506.493
299.7	506.52
299.8	506.546
299.9	506.573
300	506.6
