W	Pred
1.5	398.187
1.6	394.987
1.7	392.063
1.8	389.378
1.9	386.903
2	384.613
2.1	382.488
2.2	380.51
2.3	378.665
2.4	376.938
2.5	375.32
2.6	373.8
2.7	372.37
2.8	371.022
2.9	369.75
3	368.547
3.1	367.408
3.2	366.329
3.3	365.305
3.4	364.332
3.5	363.407
3.6	362.527
3.7	361.689
3.8	360.889
3.9	360.126
4	359.398
4.1	358.703
4.2	358.038
4.3	357.402
4.4	356.793
4.5	356.21
4.6	355.651
4.7	355.116
4.8	354.603
4.9	354.111
5	353.639
5.1	353.185
5.2	352.75
5.3	352.332
5.4	351.931
5.5	351.545
5.6	351.174
5.7	350.818
5.8	350.475
5.9	350.146
6	349.829
6.1	349.524
6.2	349.231
6.3	348.949
6.4	348.678
6.5	348.418
6.6	348.167
6.7	347.926
6.8	347.694
6.9	347.47
7	347.256
7.1	347.049
7.2	346.851
7.3	346.66
7.4	346.477
7.5	346.301
7.6	346.132
7.7	345.969
7.8	345.813
7.9	345.664
8	345.52
8.1	345.382
8.2	345.25
8.3	345.123
8.4	345.002
8.5	344.886
8.6	344.775
8.7	344.669
8.8	344.567
8.9	344.47
9	344.378
9.1	344.29
9.2	344.206
9.3	344.126
9.4	344.05
9.5	343.978
9.6	343.91
9.7	343.846
9.8	343.784
9.9	343.727
10	343.673
10.1	343.622
10.2	343.574
10.3	343.529
10.4	343.488
10.5	343.449
10.6	343.413
10.7	343.38
10.8	343.35
10.9	343.322
11	343.297
11.1	343.275
11.2	343.255
11.3	343.237
11.4	343.222
11.5	343.209
11.6	343.199
11.7	343.19
11.8	343.184
11.9	343.179
12	343.177
12.1	343.177
12.2	343.178
12.3	343.182
12.4	343.188
12.5	343.195
12.6	343.204
12.7	343.215
12.8	343.227
12.9	343.241
13	343.257
13.1	343.274
13.2	343.293
13.3	343.314
13.4	343.336
13.5	343.359
13.6	343.384
13.7	343.41
13.8	343.438
13.9	343.467
14	343.497
14.1	343.528
14.2	343.561
14.3	343.595
14.4	343.63
14.5	343.667
14.6	343.704
14.7	343.743
14.8	343.783
14.9	343.824
15	343.866
15.1	343.909
15.2	343.953
15.3	343.998
15.4	344.044
15.5	344.091
15.6	344.139
15.7	344.188
15.8	344.237
15.9	344.288
16	344.34
16.1	344.392
16.2	344.445
16.3	344.499
16.4	344.554
16.5	344.61
16.6	344.667
16.7	344.724
16.8	344.782
16.9	344.841
17	344.9
17.1	344.96
17.2	345.021
17.3	345.083
17.4	345.145
17.5	345.208
17.6	345.272
17.7	345.336
17.8	345.401
17.9	345.466
18	345.532
18.1	345.599
18.2	345.666
18.3	345.734
18.4	345.803
18.5	345.872
18.6	345.941
18.7	346.011
18.8	346.082
18.9	346.153
19	346.224
19.1	346.296
19.2	346.369
19.3	346.442
19.4	346.516
19.5	346.59
19.6	346.664
19.7	346.739
19.8	346.814
19.9	346.89
20	346.966
20.1	347.043
20.2	347.12
20.3	347.197
20.4	347.275
20.5	347.353
20.6	347.432
20.7	347.511
20.8	347.59
20.9	347.67
21	347.75
21.1	347.831
21.2	347.911
21.3	347.992
21.4	348.074
21.5	348.156
21.6	348.238
21.7	348.32
21.8	348.403
21.9	348.486
22	348.569
22.1	348.653
22.2	348.737
22.3	348.821
22.4	348.906
22.5	348.99
22.6	349.075
22.7	349.161
22.8	349.246
22.9	349.332
23	349.418
23.1	349.505
23.2	349.591
23.3	349.678
23.4	349.765
23.5	349.853
23.6	349.94
23.7	350.028
23.8	350.116
23.9	350.204
24	350.292
24.1	350.381
24.2	350.47
24.3	350.559
24.4	350.648
24.5	350.738
24.6	350.827
24.7	350.917
24.8	351.007
24.9	351.098
25	351.188
25.1	351.278
25.2	351.369
25.3	351.46
25.4	351.551
25.5	351.643
25.6	351.734
25.7	351.826
25.8	351.917
25.9	352.009
26	352.101
26.1	352.193
26.2	352.286
26.3	352.378
26.4	352.471
26.5	352.564
26.6	352.657
26.7	352.75
26.8	352.843
26.9	352.936
27	353.03
27.1	353.123
27.2	353.217
27.3	353.311
27.4	353.405
27.5	353.499
27.6	353.593
27.7	353.687
27.8	353.782
27.9	353.876
28	353.971
28.1	354.066
28.2	354.16
28.3	354.255
28.4	354.35
28.5	354.446
28.6	354.541
28.7	354.636
28.8	354.732
28.9	354.827
29	354.923
29.1	355.018
29.2	355.114
29.3	355.21
29.4	355.306
29.5	355.402
29.6	355.498
29.7	355.594
29.8	355.69
29.9	355.787
30	355.883
30.1	355.98
30.2	356.076
30.3	356.173
30.4	356.269
30.5	356.366
30.6	356.463
30.7	356.56
30.8	356.657
30.9	356.754
31	356.851
31.1	356.948
31.2	357.045
31.3	357.142
31.4	357.24
31.5	357.337
31.6	357.434
31.7	357.532
31.8	357.629
31.9	357.727
32	357.825
32.1	357.922
32.2	358.02
32.3	358.118
32.4	358.215
32.5	358.313
32.6	358.411
32.7	358.509
32.8	358.607
32.9	358.705
33	358.803
33.1	358.901
33.2	358.999
33.3	359.097
33.4	359.195
33.5	359.293
33.6	359.392
33.7	359.49
33.8	359.588
33.9	359.686
34	359.785
34.1	359.883
34.2	359.981
34.3	360.08
34.4	360.178
34.5	360.277
34.6	360.375
34.7	360.474
34.8	360.572
34.9	360.671
35	360.769
35.1	360.868
35.2	360.967
35.3	361.065
35.4	361.164
35.5	361.262
35.6	361.361
35.7	361.46
35.8	361.558
35.9	361.657
36	361.756
36.1	361.855
36.2	361.953
36.3	362.052
36.4	362.151
36.5	362.25
36.6	362.348
36.7	362.447
36.8	362.546
36.9	362.645
37	362.744
37.1	362.843
37.2	362.941
37.3	363.04
37.4	363.139
37.5	363.238
37.6	363.337
37.7	363.436
37.8	363.534
37.9	363.633
38	363.732
38.1	363.831
38.2	363.93
38.3	364.029
38.4	364.128
38.5	364.226
38.6	364.325
38.7	364.424
38.8	364.523
38.9	364.622
39	364.721
39.1	364.82
39.2	364.918
39.3	365.017
39.4	365.116
39.5	365.215
39.6	365.314
39.7	365.412
39.8	365.511
39.9	365.61
40	365.709
40.1	365.808
40.2	365.906
40.3	366.005
40.4	366.104
40.5	366.203
40.6	366.301
40.7	366.4
40.8	366.499
40.9	366.597
41	366.696
41.1	366.795
41.2	366.893
41.3	366.992
41.4	367.091
41.5	367.189
41.6	367.288
41.7	367.387
41.8	367.485
41.9	367.584
42	367.682
42.1	367.781
42.2	367.879
42.3	367.978
42.4	368.076
42.5	368.175
42.6	368.273
42.7	368.372
42.8	368.47
42.9	368.569
43	368.667
43.1	368.765
43.2	368.864
43.3	368.962
43.4	369.06
43.5	369.159
43.6	369.257
43.7	369.355
43.8	369.453
43.9	369.552
44	369.65
44.1	369.748
44.2	369.846
44.3	369.944
44.4	370.042
44.5	370.14
44.6	370.238
44.7	370.336
44.8	370.434
44.9	370.532
45	370.63
45.1	370.728
45.2	370.826
45.3	370.924
45.4	371.022
45.5	371.12
45.6	371.218
45.7	371.316
45.8	371.413
45.9	371.511
46	371.609
46.1	371.707
46.2	371.804
46.3	371.902
46.4	372
46.5	372.097
46.6	372.195
46.7	372.292
46.8	372.39
46.9	372.487
47	372.585
47.1	372.682
47.2	372.78
47.3	372.877
47.4	372.975
47.5	373.072
47.6	373.169
47.7	373.267
47.8	373.364
47.9	373.461
48	373.558
48.1	373.655
48.2	373.753
48.3	373.85
48.4	373.947
48.5	374.044
48.6	374.141
48.7	374.238
48.8	374.335
48.9	374.432
49	374.529
49.1	374.626
49.2	374.722
49.3	374.819
49.4	374.916
49.5	375.013
49.6	375.11
49.7	375.206
49.8	375.303
49.9	375.4
50	375.496
50.1	375.593
50.2	375.689
50.3	375.786
50.4	375.882
50.5	375.979
50.6	376.075
50.7	376.172
50.8	376.268
50.9	376.364
51	376.461
51.1	376.557
51.2	376.653
51.3	376.749
51.4	376.846
51.5	376.942
51.6	377.038
51.7	377.134
51.8	377.23
51.9	377.326
52	377.422
52.1	377.518
52.2	377.614
52.3	377.71
52.4	377.806
52.5	377.901
52.6	377.997
52.7	378.093
52.8	378.189
52.9	378.284
53	378.38
53.1	378.476
53.2	378.571
53.3	378.667
53.4	378.762
53.5	378.858
53.6	378.953
53.7	379.049
53.8	379.144
53.9	379.239
54	379.335
54.1	379.43
54.2	379.525
54.3	379.62
54.4	379.716
54.5	379.811
54.6	379.906
54.7	380.001
54.8	380.096
54.9	380.191
55	380.286
55.1	380.381
55.2	380.476
55.3	380.571
55.4	380.665
55.5	380.76
55.6	380.855
55.7	380.95
55.8	381.044
55.9	381.139
56	381.234
56.1	381.328
56.2	381.423
56.3	381.517
56.4	381.612
56.5	381.706
56.6	381.801
56.7	381.895
56.8	381.989
56.9	382.084
57	382.178
57.1	382.272
57.2	382.366
57.3	382.461
57.4	382.555
57.5	382.649
57.6	382.743
57.7	382.837
57.8	382.931
57.9	383.025
58	383.119
58.1	383.213
58.2	383.306
58.3	383.4
58.4	383.494
58.5	383.588
58.6	383.681
58.7	383.775
58.8	383.869
58.9	383.962
59	384.056
59.1	384.149
59.2	384.243
59.3	384.336
59.4	384.43
59.5	384.523
59.6	384.616
59.7	384.71
59.8	384.803
59.9	384.896
60	384.989
60.1	385.082
60.2	385.175
60.3	385.268
60.4	385.362
60.5	385.455
60.6	385.547
60.7	385.64
60.8	385.733
60.9	385.826
61	385.919
61.1	386.012
61.2	386.104
61.3	386.197
61.4	386.29
61.5	386.382
61.6	386.475
61.7	386.568
61.8	386.66
61.9	386.753
62	386.845
62.1	386.938
62.2	387.03
62.3	387.122
62.4	387.215
62.5	387.307
62.6	387.399
62.7	387.491
62.8	387.583
62.9	387.675
63	387.768
63.1	387.86
63.2	387.952
63.3	388.044
63.4	388.135
63.5	388.227
63.6	388.319
63.7	388.411
63.8	388.503
63.9	388.595
64	388.686
64.1	388.778
64.2	388.87
64.3	388.961
64.4	389.053
64.5	389.144
64.6	389.236
64.7	389.327
64.8	389.419
64.9	389.51
65	389.601
65.1	389.693
65.2	389.784
65.3	389.875
65.4	389.966
65.5	390.057
65.6	390.149
65.7	390.24
65.8	390.331
65.9	390.422
66	390.513
66.1	390.604
66.2	390.695
66.3	390.785
66.4	390.876
66.5	390.967
66.6	391.058
66.7	391.148
66.8	391.239
66.9	391.33
67	391.42
67.1	391.511
67.2	391.601
67.3	391.692
67.4	391.782
67.5	391.873
67.6	391.963
67.7	392.054
67.8	392.144
67.9	392.234
68	392.324
68.1	392.415
68.2	392.505
68.3	392.595
68.4	392.685
68.5	392.775
68.6	392.865
68.7	392.955
68.8	393.045
68.9	393.135
69	393.225
69.1	393.314
69.2	393.404
69.3	393.494
69.4	393.584
69.5	393.673
69.6	393.763
69.7	393.853
69.8	393.942
69.9	394.032
70	394.121
70.1	394.211
70.2	394.3
70.3	394.39
70.4	394.479
70.5	394.568
70.6	394.657
70.7	394.747
70.8	394.836
70.9	394.925
71	395.014
71.1	395.103
71.2	395.192
71.3	395.281
71.4	395.37
71.5	395.459
71.6	395.548
71.7	395.637
71.8	395.726
71.9	395.815
72	395.903
72.1	395.992
72.2	396.081
72.3	396.17
72.4	396.258
72.5	396.347
72.6	396.435
72.7	396.524
72.8	396.612
72.9	396.701
73	396.789
73.1	396.878
73.2	396.966
73.3	397.054
73.4	397.142
73.5	397.231
73.6	397.319
73.7	397.407
73.8	397.495
73.9	397.583
74	397.671
74.1	397.759
74.2	397.847
74.3	397.935
74.4	398.023
74.5	398.111
74.6	398.199
74.7	398.286
74.8	398.374
74.9	398.462
75	398.55
75.1	398.637
75.2	398.725
75.3	398.812
75.4	398.9
75.5	398.988
75.6	399.075
75.7	399.162
75.8	399.25
75.9	399.337
76	399.424
76.1	399.512
76.2	399.599
76.3	399.686
76.4	399.773
76.5	399.861
76.6	399.948
76.7	400.035
76.8	400.122
76.9	400.209
77	400.296
77.1	400.383
77.2	400.47
77.3	400.556
77.4	400.643
77.5	400.73
77.6	400.817
77.7	400.904
77.8	400.99
77.9	401.077
78	401.164
78.1	401.25
78.2	401.337
78.3	401.423
78.4	401.51
78.5	401.596
78.6	401.682
78.7	401.769
78.8	401.855
78.9	401.941
79	402.028
79.1	402.114
79.2	402.2
79.3	402.286
79.4	402.372
79.5	402.459
79.6	402.545
79.7	402.631
79.8	402.717
79.9	402.803
80	402.888
80.1	402.974
80.2	403.06
80.3	403.146
80.4	403.232
80.5	403.318
80.6	403.403
80.7	403.489
80.8	403.575
80.9	403.66
81	403.746
81.1	403.831
81.2	403.917
81.3	404.002
81.4	404.088
81.5	404.173
81.6	404.258
81.7	404.344
81.8	404.429
81.9	404.514
82	404.599
82.1	404.685
82.2	404.77
82.3	404.855
82.4	404.94
82.5	405.025
82.6	405.11
82.7	405.195
82.8	405.28
82.9	405.365
83	405.45
83.1	405.535
83.2	405.619
83.3	405.704
83.4	405.789
83.5	405.874
83.6	405.958
83.7	406.043
83.8	406.128
83.9	406.212
84	406.297
84.1	406.381
84.2	406.466
84.3	406.55
84.4	406.635
84.5	406.719
84.6	406.803
84.7	406.888
84.8	406.972
84.9	407.056
85	407.14
85.1	407.224
85.2	407.309
85.3	407.393
85.4	407.477
85.5	407.561
85.6	407.645
85.7	407.729
85.8	407.813
85.9	407.897
86	407.981
86.1	408.064
86.2	408.148
86.3	408.232
86.4	408.316
86.5	408.399
86.6	408.483
86.7	408.567
86.8	408.65
86.9	408.734
87	408.817
87.1	408.901
87.2	408.984
87.3	409.068
87.4	409.151
87.5	409.235
87.6	409.318
87.7	409.401
87.8	409.484
87.9	409.568
88	409.651
88.1	409.734
88.2	409.817
88.3	409.9
88.4	409.983
88.5	410.066
88.6	410.149
88.7	410.232
88.8	410.315
88.9	410.398
89	410.481
89.1	410.564
89.2	410.647
89.3	410.73
89.4	410.812
89.5	410.895
89.6	410.978
89.7	411.06
89.8	411.143
89.9	411.226
90	411.308
90.1	411.391
90.2	411.473
90.3	411.556
90.4	411.638
90.5	411.721
90.6	411.803
90.7	411.885
90.8	411.967
90.9	412.05
91	412.132
91.1	412.214
91.2	412.296
91.3	412.378
91.4	412.461
91.5	412.543
91.6	412.625
91.7	412.707
91.8	412.789
91.9	412.871
92	412.953
92.1	413.034
92.2	413.116
92.3	413.198
92.4	413.28
92.5	413.362
92.6	413.443
92.7	413.525
92.8	413.607
92.9	413.688
93	413.77
93.1	413.852
93.2	413.933
93.3	414.015
93.4	414.096
93.5	414.177
93.6	414.259
93.7	414.34
93.8	414.422
93.9	414.503
94	414.584
94.1	414.665
94.2	414.747
94.3	414.828
94.4	414.909
94.5	414.99
94.6	415.071
94.7	415.152
94.8	415.233
94.9	415.314
95	415.395
95.1	415.476
95.2	415.557
95.3	415.638
95.4	415.719
95.5	415.8
95.6	415.88
95.7	415.961
95.8	416.042
95.9	416.123
96	416.203
96.1	416.284
96.2	416.364
96.3	416.445
96.4	416.526
96.5	416.606
96.6	416.687
96.7	416.767
96.8	416.847
96.9	416.928
97	417.008
97.1	417.089
97.2	417.169
97.3	417.249
97.4	417.329
97.5	417.409
97.6	417.49
97.7	417.57
97.8	417.65
97.9	417.73
98	417.81
98.1	417.89
98.2	417.97
98.3	418.05
98.4	418.13
98.5	418.21
98.6	418.29
98.7	418.37
98.8	418.449
98.9	418.529
99	418.609
99.1	418.689
99.2	418.768
99.3	418.848
99.4	418.928
99.5	419.007
99.6	419.087
99.7	419.166
99.8	419.246
99.9	419.325
100	419.405
100.1	419.484
100.2	419.563
100.3	419.643
100.4	419.722
100.5	419.801
100.6	419.881
100.7	419.96
100.8	420.039
100.9	420.118
101	420.198
101.1	420.277
101.2	420.356
101.3	420.435
101.4	420.514
101.5	420.593
101.6	420.672
101.7	420.751
101.8	420.83
101.9	420.909
102	420.987
102.1	421.066
102.2	421.145
102.3	421.224
102.4	421.303
102.5	421.381
102.6	421.46
102.7	421.539
102.8	421.617
102.9	421.696
103	421.774
103.1	421.853
103.2	421.931
103.3	422.01
103.4	422.088
103.5	422.167
103.6	422.245
103.7	422.323
103.8	422.402
103.9	422.48
104	422.558
104.1	422.637
104.2	422.715
104.3	422.793
104.4	422.871
104.5	422.949
104.6	423.027
104.7	423.106
104.8	423.184
104.9	423.262
105	423.34
105.1	423.418
105.2	423.495
105.3	423.573
105.4	423.651
105.5	423.729
105.6	423.807
105.7	423.885
105.8	423.962
105.9	424.04
106	424.118
106.1	424.196
106.2	424.273
106.3	424.351
106.4	424.428
106.5	424.506
106.6	424.583
106.7	424.661
106.8	424.738
106.9	424.816
107	424.893
107.1	424.971
107.2	425.048
107.3	425.125
107.4	425.203
107.5	425.28
107.6	425.357
107.7	425.434
107.8	425.512
107.9	425.589
108	425.666
108.1	425.743
108.2	425.82
108.3	425.897
108.4	425.974
108.5	426.051
108.6	426.128
108.7	426.205
108.8	426.282
108.9	426.359
109	426.436
109.1	426.513
109.2	426.59
109.3	426.666
109.4	426.743
109.5	426.82
109.6	426.896
109.7	426.973
109.8	427.05
109.9	427.126
110	427.203
110.1	427.28
110.2	427.356
110.3	427.433
110.4	427.509
110.5	427.586
110.6	427.662
110.7	427.738
110.8	427.815
110.9	427.891
111	427.967
111.1	428.044
111.2	428.12
111.3	428.196
111.4	428.272
111.5	428.349
111.6	428.425
111.7	428.501
111.8	428.577
111.9	428.653
112	428.729
112.1	428.805
112.2	428.881
112.3	428.957
112.4	429.033
112.5	429.109
112.6	429.185
112.7	429.261
112.8	429.336
112.9	429.412
113	429.488
113.1	429.564
113.2	429.639
113.3	429.715
113.4	429.791
113.5	429.866
113.6	429.942
113.7	430.018
113.8	430.093
113.9	430.169
114	430.244
114.1	430.32
114.2	430.395
114.3	430.471
114.4	430.546
114.5	430.621
114.6	430.697
114.7	430.772
114.8	430.847
114.9	430.923
115	430.998
115.1	431.073
115.2	431.148
115.3	431.223
115.4	431.299
115.5	431.374
115.6	431.449
115.7	431.524
115.8	431.599
115.9	431.674
116	431.749
116.1	431.824
116.2	431.899
116.3	431.974
116.4	432.049
116.5	432.123
116.6	432.198
116.7	432.273
116.8	432.348
116.9	432.423
117	432.497
117.1	432.572
117.2	432.647
117.3	432.721
117.4	432.796
117.5	432.871
117.6	432.945
117.7	433.02
117.8	433.094
117.9	433.169
118	433.243
118.1	433.318
118.2	433.392
118.3	433.466
118.4	433.541
118.5	433.615
118.6	433.689
118.7	433.764
118.8	433.838
118.9	433.912
119	433.986
119.1	434.061
119.2	434.135
119.3	434.209
119.4	434.283
119.5	434.357
119.6	434.431
119.7	434.505
119.8	434.579
119.9	434.653
120	434.727
120.1	434.801
120.2	434.875
120.3	434.949
120.4	435.023
120.5	435.096
120.6	435.17
120.7	435.244
120.8	435.318
120.9	435.392
121	435.465
121.1	435.539
121.2	435.613
121.3	435.686
121.4	435.76
121.5	435.833
121.6	435.907
121.7	435.981
121.8	436.054
121.9	436.128
122	436.201
122.1	436.274
122.2	436.348
122.3	436.421
122.4	436.495
122.5	436.568
122.6	436.641
122.7	436.714
122.8	436.788
122.9	436.861
123	436.934
123.1	437.007
123.2	437.081
123.3	437.154
123.4	437.227
123.5	437.3
123.6	437.373
123.7	437.446
123.8	437.519
123.9	437.592
124	437.665
124.1	437.738
124.2	437.811
124.3	437.884
124.4	437.957
124.5	438.029
124.6	438.102
124.7	438.175
124.8	438.248
124.9	438.321
125	438.393
125.1	438.466
125.2	438.539
125.3	438.611
125.4	438.684
125.5	438.756
125.6	438.829
125.7	438.902
125.8	438.974
125.9	439.047
126	439.119
126.1	439.192
126.2	439.264
126.3	439.336
126.4	439.409
126.5	439.481
126.6	439.554
126.7	439.626
126.8	439.698
126.9	439.77
127	439.843
127.1	439.915
127.2	439.987
127.3	440.059
127.4	440.131
127.5	440.203
127.6	440.276
127.7	440.348
127.8	440.42
127.9	440.492
128	440.564
128.1	440.636
128.2	440.708
128.3	440.78
128.4	440.852
128.5	440.923
128.6	440.995
128.7	441.067
128.8	441.139
128.9	441.211
129	441.283
129.1	441.354
129.2	441.426
129.3	441.498
129.4	441.569
129.5	441.641
129.6	441.713
129.7	441.784
129.8	441.856
129.9	441.927
130	441.999
130.1	442.07
130.2	442.142
130.3	442.213
130.4	442.285
130.5	442.356
130.6	442.428
130.7	442.499
130.8	442.57
130.9	442.642
131	442.713
131.1	442.784
131.2	442.856
131.3	442.927
131.4	442.998
131.5	443.069
131.6	443.14
131.7	443.212
131.8	443.283
131.9	443.354
132	443.425
132.1	443.496
132.2	443.567
132.3	443.638
132.4	443.709
132.5	443.78
132.6	443.851
132.7	443.922
132.8	443.993
132.9	444.063
133	444.134
133.1	444.205
133.2	444.276
133.3	444.347
133.4	444.417
133.5	444.488
133.6	444.559
133.7	444.63
133.8	444.7
133.9	444.771
134	444.842
134.1	444.912
134.2	444.983
134.3	445.053
134.4	445.124
134.5	445.194
134.6	445.265
134.7	445.335
134.8	445.406
134.9	445.476
135	445.547
135.1	445.617
135.2	445.687
135.3	445.758
135.4	445.828
135.5	445.898
135.6	445.968
135.7	446.039
135.8	446.109
135.9	446.179
136	446.249
136.1	446.319
136.2	446.39
136.3	446.46
136.4	446.53
136.5	446.6
136.6	446.67
136.7	446.74
136.8	446.81
136.9	446.88
137	446.95
137.1	447.02
137.2	447.09
137.3	447.16
137.4	447.229
137.5	447.299
137.6	447.369
137.7	447.439
137.8	447.509
137.9	447.578
138	447.648
138.1	447.718
138.2	447.788
138.3	447.857
138.4	447.927
138.5	447.997
138.6	448.066
138.7	448.136
138.8	448.205
138.9	448.275
139	448.344
139.1	448.414
139.2	448.483
139.3	448.553
139.4	448.622
139.5	448.692
139.6	448.761
139.7	448.83
139.8	448.9
139.9	448.969
140	449.038
140.1	449.108
140.2	449.177
140.3	449.246
140.4	449.315
140.5	449.385
140.6	449.454
140.7	449.523
140.8	449.592
140.9	449.661
141	449.73
141.1	449.799
141.2	449.868
141.3	449.937
141.4	450.006
141.5	450.075
141.6	450.144
141.7	450.213
141.8	450.282
141.9	450.351
142	450.42
142.1	450.489
142.2	450.558
142.3	450.626
142.4	450.695
142.5	450.764
142.6	450.833
142.7	450.901
142.8	450.97
142.9	451.039
143	451.108
143.1	451.176
143.2	451.245
143.3	451.313
143.4	451.382
143.5	451.451
143.6	451.519
143.7	451.588
143.8	451.656
143.9	451.725
144	451.793
144.1	451.862
144.2	451.93
144.3	451.998
144.4	452.067
144.5	452.135
144.6	452.203
144.7	452.272
144.8	452.34
144.9	452.408
145	452.477
145.1	452.545
145.2	452.613
145.3	452.681
145.4	452.749
145.5	452.817
145.6	452.886
145.7	452.954
145.8	453.022
145.9	453.09
146	453.158
146.1	453.226
146.2	453.294
146.3	453.362
146.4	453.43
146.5	453.498
146.6	453.566
146.7	453.634
146.8	453.702
146.9	453.769
147	453.837
147.1	453.905
147.2	453.973
147.3	454.041
147.4	454.108
147.5	454.176
147.6	454.244
147.7	454.312
147.8	454.379
147.9	454.447
148	454.515
148.1	454.582
148.2	454.65
148.3	454.717
148.4	454.785
148.5	454.852
148.6	454.92
148.7	454.987
148.8	455.055
148.9	455.122
149	455.19
149.1	455.257
149.2	455.325
149.3	455.392
149.4	455.459
149.5	455.527
149.6	455.594
149.7	455.661
149.8	455.729
149.9	455.796
150	455.863
150.1	455.93
150.2	455.998
150.3	456.065
150.4	456.132
150.5	456.199
150.6	456.266
150.7	456.333
150.8	456.4
150.9	456.467
151	456.534
151.1	456.601
151.2	456.668
151.3	456.735
151.4	456.802
151.5	456.869
151.6	456.936
151.7	457.003
151.8	457.07
151.9	457.137
152	457.204
152.1	457.271
152.2	457.337
152.3	457.404
152.4	457.471
152.5	457.538
152.6	457.604
152.7	457.671
152.8	457.738
152.9	457.804
153	457.871
153.1	457.938
153.2	458.004
153.3	458.071
153.4	458.138
153.5	458.204
153.6	458.271
153.7	458.337
153.8	458.404
153.9	458.47
154	458.537
154.1	458.603
154.2	458.669
154.3	458.736
154.4	458.802
154.5	458.869
154.6	458.935
154.7	459.001
154.8	459.067
154.9	459.134
155	459.2
155.1	459.266
155.2	459.333
155.3	459.399
155.4	459.465
155.5	459.531
155.6	459.597
155.7	459.663
155.8	459.729
155.9	459.796
156	459.862
156.1	459.928
156.2	459.994
156.3	460.06
156.4	460.126
156.5	460.192
156.6	460.258
156.7	460.324
156.8	460.39
156.9	460.455
157	460.521
157.1	460.587
157.2	460.653
157.3	460.719
157.4	460.785
157.5	460.85
157.6	460.916
157.7	460.982
157.8	461.048
157.9	461.113
158	461.179
158.1	461.245
158.2	461.31
158.3	461.376
158.4	461.442
158.5	461.507
158.6	461.573
158.7	461.638
158.8	461.704
158.9	461.77
159	461.835
159.1	461.901
159.2	461.966
159.3	462.031
159.4	462.097
159.5	462.162
159.6	462.228
159.7	462.293
159.8	462.358
159.9	462.424
160	462.489
160.1	462.554
160.2	462.62
160.3	462.685
160.4	462.75
160.5	462.815
160.6	462.881
160.7	462.946
160.8	463.011
160.9	463.076
161	463.141
161.1	463.206
161.2	463.272
161.3	463.337
161.4	463.402
161.5	463.467
161.6	463.532
161.7	463.597
161.8	463.662
161.9	463.727
162	463.792
162.1	463.857
162.2	463.922
162.3	463.987
162.4	464.051
162.5	464.116
162.6	464.181
162.7	464.246
162.8	464.311
162.9	464.376
163	464.44
163.1	464.505
163.2	464.57
163.3	464.635
163.4	464.699
163.5	464.764
163.6	464.829
163.7	464.893
163.8	464.958
163.9	465.022
164	465.087
164.1	465.152
164.2	465.216
164.3	465.281
164.4	465.345
164.5	465.41
164.6	465.474
164.7	465.539
164.8	465.603
164.9	465.668
165	465.732
165.1	465.796
165.2	465.861
165.3	465.925
165.4	465.99
165.5	466.054
165.6	466.118
165.7	466.182
165.8	466.247
165.9	466.311
166	466.375
166.1	466.439
166.2	466.504
166.3	466.568
166.4	466.632
166.5	466.696
166.6	466.76
166.7	466.824
166.8	466.889
166.9	466.953
167	467.017
167.1	467.081
167.2	467.145
167.3	467.209
167.4	467.273
167.5	467.337
167.6	467.401
167.7	467.465
167.8	467.529
167.9	467.593
168	467.656
168.1	467.72
168.2	467.784
168.3	467.848
168.4	467.912
168.5	467.976
168.6	468.039
168.7	468.103
168.8	468.167
168.9	468.231
169	468.294
169.1	468.358
169.2	468.422
169.3	468.485
169.4	468.549
169.5	468.613
169.6	468.676
169.7	468.74
169.8	468.803
169.9	468.867
170	468.931
170.1	468.994
170.2	469.058
170.3	469.121
170.4	469.185
170.5	469.248
170.6	469.311
170.7	469.375
170.8	469.438
170.9	469.502
171	469.565
171.1	469.628
171.2	469.692
171.3	469.755
171.4	469.818
171.5	469.882
171.6	469.945
171.7	470.008
171.8	470.071
171.9	470.135
172	470.198
172.1	470.261
172.2	470.324
172.3	470.387
172.4	470.45
172.5	470.514
172.6	470.577
172.7	470.64
172.8	470.703
172.9	470.766
173	470.829
173.1	470.892
173.2	470.955
173.3	471.018
173.4	471.081
173.5	471.144
173.6	471.207
173.7	471.27
173.8	471.333
173.9	471.395
174	471.458
174.1	471.521
174.2	471.584
174.3	471.647
174.4	471.71
174.5	471.772
174.6	471.835
174.7	471.898
174.8	471.961
174.9	472.023
175	472.086
175.1	472.149
175.2	472.211
175.3	472.274
175.4	472.337
175.5	472.399
175.6	472.462
175.7	472.525
175.8	472.587
175.9	472.65
176	472.712
176.1	472.775
176.2	472.837
176.3	472.9
176.4	472.962
176.5	473.025
176.6	473.087
176.7	473.149
176.8	473.212
176.9	473.274
177	473.337
177.1	473.399
177.2	473.461
177.3	473.524
177.4	473.586
177.5	473.648
177.6	473.71
177.7	473.773
177.8	473.835
177.9	473.897
178	473.959
178.1	474.022
178.2	474.084
178.3	474.146
178.4	474.208
178.5	474.27
178.6	474.332
178.7	474.394
178.8	474.456
178.9	474.519
179	474.581
179.1	474.643
179.2	474.705
179.3	474.767
179.4	474.829
179.5	474.891
179.6	474.953
179.7	475.014
179.8	475.076
179.9	475.138
180	475.2
180.1	475.262
180.2	475.324
180.3	475.386
180.4	475.448
180.5	475.509
180.6	475.571
180.7	475.633
180.8	475.695
180.9	475.756
181	475.818
181.1	475.88
181.2	475.941
181.3	476.003
181.4	476.065
181.5	476.126
181.6	476.188
181.7	476.25
181.8	476.311
181.9	476.373
182	476.434
182.1	476.496
182.2	476.558
182.3	476.619
182.4	476.681
182.5	476.742
182.6	476.804
182.7	476.865
182.8	476.926
182.9	476.988
183	477.049
183.1	477.111
183.2	477.172
183.3	477.233
183.4	477.295
183.5	477.356
183.6	477.417
183.7	477.479
183.8	477.54
183.9	477.601
184	477.662
184.1	477.724
184.2	477.785
184.3	477.846
184.4	477.907
184.5	477.968
184.6	478.03
184.7	478.091
184.8	478.152
184.9	478.213
185	478.274
185.1	478.335
185.2	478.396
185.3	478.457
185.4	478.518
185.5	478.579
185.6	478.64
185.7	478.701
185.8	478.762
185.9	478.823
186	478.884
186.1	478.945
186.2	479.006
186.3	479.067
186.4	479.128
186.5	479.189
186.6	479.25
186.7	479.31
186.8	479.371
186.9	479.432
187	479.493
187.1	479.554
187.2	479.614
187.3	479.675
187.4	479.736
187.5	479.796
187.6	479.857
187.7	479.918
187.8	479.979
187.9	480.039
188	480.1
188.1	480.16
188.2	480.221
188.3	480.282
188.4	480.342
188.5	480.403
188.6	480.463
188.7	480.524
188.8	480.584
188.9	480.645
189	480.705
189.1	480.766
189.2	480.826
189.3	480.887
189.4	480.947
189.5	481.007
189.6	481.068
189.7	481.128
189.8	481.189
189.9	481.249
190	481.309
190.1	481.37
190.2	481.43
190.3	481.49
190.4	481.55
190.5	481.611
190.6	481.671
190.7	481.731
190.8	481.791
190.9	481.852
191	481.912
191.1	481.972
191.2	482.032
191.3	482.092
191.4	482.152
191.5	482.212
191.6	482.273
191.7	482.333
191.8	482.393
191.9	482.453
192	482.513
192.1	482.573
192.2	482.633
192.3	482.693
192.4	482.753
192.5	482.813
192.6	482.873
192.7	482.933
192.8	482.993
192.9	483.052
193	483.112
193.1	483.172
193.2	483.232
193.3	483.292
193.4	483.352
193.5	483.412
193.6	483.471
193.7	483.531
193.8	483.591
193.9	483.651
194	483.71
194.1	483.77
194.2	483.83
194.3	483.89
194.4	483.949
194.5	484.009
194.6	484.069
194.7	484.128
194.8	484.188
194.9	484.247
195	484.307
195.1	484.367
195.2	484.426
195.3	484.486
195.4	484.545
195.5	484.605
195.6	484.664
195.7	484.724
195.8	484.783
195.9	484.843
196	484.902
196.1	484.962
196.2	485.021
196.3	485.08
196.4	485.14
196.5	485.199
196.6	485.259
196.7	485.318
196.8	485.377
196.9	485.437
197	485.496
197.1	485.555
197.2	485.614
197.3	485.674
197.4	485.733
197.5	485.792
197.6	485.851
197.7	485.911
197.8	485.97
197.9	486.029
198	486.088
198.1	486.147
198.2	486.206
198.3	486.265
198.4	486.325
198.5	486.384
198.6	486.443
198.7	486.502
198.8	486.561
198.9	486.62
199	486.679
199.1	486.738
199.2	486.797
199.3	486.856
199.4	486.915
199.5	486.974
199.6	487.033
199.7	487.092
199.8	487.151
199.9	487.209
200	487.268
200.1	487.327
200.2	487.386
200.3	487.445
200.4	487.504
200.5	487.563
200.6	487.621
200.7	487.68
200.8	487.739
200.9	487.798
201	487.856
201.1	487.915
201.2	487.974
201.3	488.032
201.4	488.091
201.5	488.15
201.6	488.208
201.7	488.267
201.8	488.326
201.9	488.384
202	488.443
202.1	488.502
202.2	488.56
202.3	488.619
202.4	488.677
202.5	488.736
202.6	488.794
202.7	488.853
202.8	488.911
202.9	488.97
203	489.028
203.1	489.087
203.2	489.145
203.3	489.203
203.4	489.262
203.5	489.32
203.6	489.379
203.7	489.437
203.8	489.495
203.9	489.554
204	489.612
204.1	489.67
204.2	489.729
204.3	489.787
204.4	489.845
204.5	489.903
204.6	489.962
204.7	490.02
204.8	490.078
204.9	490.136
205	490.194
205.1	490.253
205.2	490.311
205.3	490.369
205.4	490.427
205.5	490.485
205.6	490.543
205.7	490.601
205.8	490.659
205.9	490.718
206	490.776
206.1	490.834
206.2	490.892
206.3	490.95
206.4	491.008
206.5	491.066
206.6	491.124
206.7	491.182
206.8	491.239
206.9	491.297
207	491.355
207.1	491.413
207.2	491.471
207.3	491.529
207.4	491.587
207.5	491.645
207.6	491.703
207.7	491.76
207.8	491.818
207.9	491.876
208	491.934
208.1	491.991
208.2	492.049
208.3	492.107
208.4	492.165
208.5	492.222
208.6	492.28
208.7	492.338
208.8	492.395
208.9	492.453
209	492.511
209.1	492.568
209.2	492.626
209.3	492.684
209.4	492.741
209.5	492.799
209.6	492.856
209.7	492.914
209.8	492.971
209.9	493.029
210	493.086
210.1	493.144
210.2	493.201
210.3	493.259
210.4	493.316
210.5	493.374
210.6	493.431
210.7	493.489
210.8	493.546
210.9	493.604
211	493.661
211.1	493.718
211.2	493.776
211.3	493.833
211.4	493.89
211.5	493.948
211.6	494.005
211.7	494.062
211.8	494.119
211.9	494.177
212	494.234
212.1	494.291
212.2	494.348
212.3	494.406
212.4	494.463
212.5	494.52
212.6	494.577
212.7	494.634
212.8	494.692
212.9	494.749
213	494.806
213.1	494.863
213.2	494.92
213.3	494.977
213.4	495.034
213.5	495.091
213.6	495.148
213.7	495.205
213.8	495.262
213.9	495.319
214	495.376
214.1	495.433
214.2	495.49
214.3	495.547
214.4	495.604
214.5	495.661
214.6	495.718
214.7	495.775
214.8	495.832
214.9	495.889
215	495.945
215.1	496.002
215.2	496.059
215.3	496.116
215.4	496.173
215.5	496.23
215.6	496.286
215.7	496.343
215.8	496.4
215.9	496.457
216	496.513
216.1	496.57
216.2	496.627
216.3	496.683
216.4	496.74
216.5	496.797
216.6	496.853
216.7	496.91
216.8	496.967
216.9	497.023
217	497.08
217.1	497.137
217.2	497.193
217.3	497.25
217.4	497.306
217.5	497.363
217.6	497.419
217.7	497.476
217.8	497.532
217.9	497.589
218	497.645
218.1	497.702
218.2	497.758
218.3	497.815
218.4	497.871
218.5	497.927
218.6	497.984
218.7	498.04
218.8	498.097
218.9	498.153
219	498.209
219.1	498.266
219.2	498.322
219.3	498.378
219.4	498.435
219.5	498.491
219.6	498.547
219.7	498.604
219.8	498.66
219.9	498.716
220	498.772
220.1	498.828
220.2	498.885
220.3	498.941
220.4	498.997
220.5	499.053
220.6	499.109
220.7	499.165
220.8	499.222
220.9	499.278
221	499.334
221.1	499.39
221.2	499.446
221.3	499.502
221.4	499.558
221.5	499.614
221.6	499.67
221.7	499.726
221.8	499.782
221.9	499.838
222	499.894
222.1	499.95
222.2	500.006
222.3	500.062
222.4	500.118
222.5	500.174
222.6	500.23
222.7	500.286
222.8	500.342
222.9	500.397
223	500.453
223.1	500.509
223.2	500.565
223.3	500.621
223.4	500.677
223.5	500.732
223.6	500.788
223.7	500.844
223.8	500.9
223.9	500.955
224	501.011
224.1	501.067
224.2	501.123
224.3	501.178
224.4	501.234
224.5	501.29
224.6	501.345
224.7	501.401
224.8	501.457
224.9	501.512
225	501.568
225.1	501.623
225.2	501.679
225.3	501.735
225.4	501.79
225.5	501.846
225.6	501.901
225.7	501.957
225.8	502.012
225.9	502.068
226	502.123
226.1	502.179
226.2	502.234
226.3	502.29
226.4	502.345
226.5	502.401
226.6	502.456
226.7	502.511
226.8	502.567
226.9	502.622
227	502.678
227.1	502.733
227.2	502.788
227.3	502.844
227.4	502.899
227.5	502.954
227.6	503.01
227.7	503.065
227.8	503.12
227.9	503.175
228	503.231
228.1	503.286
228.2	503.341
228.3	503.396
228.4	503.451
228.5	503.507
228.6	503.562
228.7	503.617
228.8	503.672
228.9	503.727
229	503.782
229.1	503.838
229.2	503.893
229.3	503.948
229.4	504.003
229.5	504.058
229.6	504.113
229.7	504.168
229.8	504.223
229.9	504.278
230	504.333
230.1	504.388
230.2	504.443
230.3	504.498
230.4	504.553
230.5	504.608
230.6	504.663
230.7	504.718
230.8	504.773
230.9	504.828
231	504.883
231.1	504.938
231.2	504.992
231.3	505.047
231.4	505.102
231.5	505.157
231.6	505.212
231.7	505.267
231.8	505.321
231.9	505.376
232	505.431
232.1	505.486
232.2	505.541
232.3	505.595
232.4	505.65
232.5	505.705
232.6	505.759
232.7	505.814
232.8	505.869
232.9	505.923
233	505.978
233.1	506.033
233.2	506.087
233.3	506.142
233.4	506.197
233.5	506.251
233.6	506.306
233.7	506.36
233.8	506.415
233.9	506.47
234	506.524
234.1	506.579
234.2	506.633
234.3	506.688
234.4	506.742
234.5	506.797
234.6	506.851
234.7	506.906
234.8	506.96
234.9	507.015
235	507.069
235.1	507.123
235.2	507.178
235.3	507.232
235.4	507.287
235.5	507.341
235.6	507.395
235.7	507.45
235.8	507.504
235.9	507.558
236	507.613
236.1	507.667
236.2	507.721
236.3	507.776
236.4	507.83
236.5	507.884
236.6	507.938
236.7	507.993
236.8	508.047
236.9	508.101
237	508.155
237.1	508.209
237.2	508.264
237.3	508.318
237.4	508.372
237.5	508.426
237.6	508.48
237.7	508.534
237.8	508.589
237.9	508.643
238	508.697
238.1	508.751
238.2	508.805
238.3	508.859
238.4	508.913
238.5	508.967
238.6	509.021
238.7	509.075
238.8	509.129
238.9	509.183
239	509.237
239.1	509.291
239.2	509.345
239.3	509.399
239.4	509.453
239.5	509.507
239.6	509.561
239.7	509.615
239.8	509.668
239.9	509.722
240	509.776
240.1	509.83
240.2	509.884
240.3	509.938
240.4	509.992
240.5	510.045
240.6	510.099
240.7	510.153
240.8	510.207
240.9	510.261
241	510.314
241.1	510.368
241.2	510.422
241.3	510.476
241.4	510.529
241.5	510.583
241.6	510.637
241.7	510.69
241.8	510.744
241.9	510.798
242	510.851
242.1	510.905
242.2	510.959
242.3	511.012
242.4	511.066
242.5	511.119
242.6	511.173
242.7	511.226
242.8	511.28
242.9	511.334
243	511.387
243.1	511.441
243.2	511.494
243.3	511.548
243.4	511.601
243.5	511.655
243.6	511.708
243.7	511.762
243.8	511.815
243.9	511.868
244	511.922
244.1	511.975
244.2	512.029
244.3	512.082
244.4	512.136
244.5	512.189
244.6	512.242
244.7	512.296
244.8	512.349
244.9	512.402
245	512.456
245.1	512.509
245.2	512.562
245.3	512.615
245.4	512.669
245.5	512.722
245.6	512.775
245.7	512.829
245.8	512.882
245.9	512.935
246	512.988
246.1	513.041
246.2	513.095
246.3	513.148
246.4	513.201
246.5	513.254
246.6	513.307
246.7	513.36
246.8	513.413
246.9	513.467
247	513.52
247.1	513.573
247.2	513.626
247.3	513.679
247.4	513.732
247.5	513.785
247.6	513.838
247.7	513.891
247.8	513.944
247.9	513.997
248	514.05
248.1	514.103
248.2	514.156
248.3	514.209
248.4	514.262
248.5	514.315
248.6	514.368
248.7	514.421
248.8	514.474
248.9	514.527
249	514.58
249.1	514.632
249.2	514.685
249.3	514.738
249.4	514.791
249.5	514.844
249.6	514.897
249.7	514.949
249.8	515.002
249.9	515.055
250	515.108
250.1	515.161
250.2	515.213
250.3	515.266
250.4	515.319
250.5	515.372
250.6	515.424
250.7	515.477
250.8	515.53
250.9	515.582
251	515.635
251.1	515.688
251.2	515.74
251.3	515.793
251.4	515.846
251.5	515.898
251.6	515.951
251.7	516.004
251.8	516.056
251.9	516.109
252	516.161
252.1	516.214
252.2	516.266
252.3	516.319
252.4	516.371
252.5	516.424
252.6	516.477
252.7	516.529
252.8	516.581
252.9	516.634
253	516.686
253.1	516.739
253.2	516.791
253.3	516.844
253.4	516.896
253.5	516.949
253.6	517.001
253.7	517.053
253.8	517.106
253.9	517.158
254	517.211
254.1	517.263
254.2	517.315
254.3	517.368
254.4	517.42
254.5	517.472
254.6	517.525
254.7	517.577
254.8	517.629
254.9	517.681
255	517.734
255.1	517.786
255.2	517.838
255.3	517.89
255.4	517.943
255.5	517.995
255.6	518.047
255.7	518.099
255.8	518.151
255.9	518.204
256	518.256
256.1	518.308
256.2	518.36
256.3	518.412
256.4	518.464
256.5	518.516
256.6	518.568
256.7	518.621
256.8	518.673
256.9	518.725
257	518.777
257.1	518.829
257.2	518.881
257.3	518.933
257.4	518.985
257.5	519.037
257.6	519.089
257.7	519.141
257.8	519.193
257.9	519.245
258	519.297
258.1	519.349
258.2	519.401
258.3	519.453
258.4	519.504
258.5	519.556
258.6	519.608
258.7	519.66
258.8	519.712
258.9	519.764
259	519.816
259.1	519.868
259.2	519.919
259.3	519.971
259.4	520.023
259.5	520.075
259.6	520.127
259.7	520.178
259.8	520.23
259.9	520.282
260	520.334
260.1	520.386
260.2	520.437
260.3	520.489
260.4	520.541
260.5	520.592
260.6	520.644
260.7	520.696
260.8	520.747
260.9	520.799
261	520.851
261.1	520.902
261.2	520.954
261.3	521.006
261.4	521.057
261.5	521.109
261.6	521.16
261.7	521.212
261.8	521.264
261.9	521.315
262	521.367
262.1	521.418
262.2	521.47
262.3	521.521
262.4	521.573
262.5	521.624
262.6	521.676
262.7	521.727
262.8	521.779
262.9	521.83
263	521.882
263.1	521.933
263.2	521.985
263.3	522.036
263.4	522.087
263.5	522.139
263.6	522.19
263.7	522.242
263.8	522.293
263.9	522.344
264	522.396
264.1	522.447
264.2	522.498
264.3	522.55
264.4	522.601
264.5	522.652
264.6	522.704
264.7	522.755
264.8	522.806
264.9	522.858
265	522.909
265.1	522.96
265.2	523.011
265.3	523.063
265.4	523.114
265.5	523.165
265.6	523.216
265.7	523.267
265.8	523.319
265.9	523.37
266	523.421
266.1	523.472
266.2	523.523
266.3	523.574
266.4	523.625
266.5	523.677
266.6	523.728
266.7	523.779
266.8	523.83
266.9	523.881
267	523.932
267.1	523.983
267.2	524.034
267.3	524.085
267.4	524.136
267.5	524.187
267.6	524.238
267.7	524.289
267.8	524.34
267.9	524.391
268	524.442
268.1	524.493
268.2	524.544
268.3	524.595
268.4	524.646
268.5	524.697
268.6	524.748
268.7	524.799
268.8	524.849
268.9	524.9
269	524.951
269.1	525.002
269.2	525.053
269.3	525.104
269.4	525.155
269.5	525.205
269.6	525.256
269.7	525.307
269.8	525.358
269.9	525.409
270	525.459
270.1	525.51
270.2	525.561
270.3	525.612
270.4	525.662
270.5	525.713
270.6	525.764
270.7	525.815
270.8	525.865
270.9	525.916
271	525.967
271.1	526.017
271.2	526.068
271.3	526.119
271.4	526.169
271.5	526.22
271.6	526.271
271.7	526.321
271.8	526.372
271.9	526.422
272	526.473
272.1	526.524
272.2	526.574
272.3	526.625
272.4	526.675
272.5	526.726
272.6	526.776
272.7	526.827
272.8	526.877
272.9	526.928
273	526.978
273.1	527.029
273.2	527.079
273.3	527.13
273.4	527.18
273.5	527.231
273.6	527.281
273.7	527.331
273.8	527.382
273.9	527.432
274	527.483
274.1	527.533
274.2	527.583
274.3	527.634
274.4	527.684
274.5	527.735
274.6	527.785
274.7	527.835
274.8	527.886
274.9	527.936
275	527.986
275.1	528.036
275.2	528.087
275.3	528.137
275.4	528.187
275.5	528.238
275.6	528.288
275.7	528.338
275.8	528.388
275.9	528.438
276	528.489
276.1	528.539
276.2	528.589
276.3	528.639
276.4	528.689
276.5	528.74
276.6	528.79
276.7	528.84
276.8	528.89
276.9	528.94
277	528.99
277.1	529.04
277.2	529.091
277.3	529.141
277.4	529.191
277.5	529.241
277.6	529.291
277.7	529.341
277.8	529.391
277.9	529.441
278	529.491
278.1	529.541
278.2	529.591
278.3	529.641
278.4	529.691
278.5	529.741
278.6	529.791
278.7	529.841
278.8	529.891
278.9	529.941
279	529.991
279.1	530.041
279.2	530.091
279.3	530.141
279.4	530.19
279.5	530.24
279.6	530.29
279.7	530.34
279.8	530.39
279.9	530.44
280	530.49
280.1	530.539
280.2	530.589
280.3	530.639
280.4	530.689
280.5	530.739
280.6	530.789
280.7	530.838
280.8	530.888
280.9	530.938
281	530.988
281.1	531.037
281.2	531.087
281.3	531.137
281.4	531.187
281.5	531.236
281.6	531.286
281.7	531.336
281.8	531.385
281.9	531.435
282	531.485
282.1	531.534
282.2	531.584
282.3	531.634
282.4	531.683
282.5	531.733
282.6	531.782
282.7	531.832
282.8	531.882
282.9	531.931
283	531.981
283.1	532.03
283.2	532.08
283.3	532.13
283.4	532.179
283.5	532.229
283.6	532.278
283.7	532.328
283.8	532.377
283.9	532.427
284	532.476
284.1	532.526
284.2	532.575
284.3	532.624
284.4	532.674
284.5	532.723
284.6	532.773
284.7	532.822
284.8	532.872
284.9	532.921
285	532.97
285.1	533.02
285.2	533.069
285.3	533.119
285.4	533.168
285.5	533.217
285.6	533.267
285.7	533.316
285.8	533.365
285.9	533.415
286	533.464
286.1	533.513
286.2	533.563
286.3	533.612
286.4	533.661
286.5	533.71
286.6	533.76
286.7	533.809
286.8	533.858
286.9	533.907
287	533.957
287.1	534.006
287.2	534.055
287.3	534.104
287.4	534.153
287.5	534.203
287.6	534.252
287.7	534.301
287.8	534.35
287.9	534.399
288	534.448
288.1	534.497
288.2	534.547
288.3	534.596
288.4	534.645
288.5	534.694
288.6	534.743
288.7	534.792
288.8	534.841
288.9	534.89
289	534.939
289.1	534.988
289.2	535.037
289.3	535.086
289.4	535.135
289.5	535.184
289.6	535.233
289.7	535.282
289.8	535.331
289.9	535.38
290	535.429
290.1	535.478
290.2	535.527
290.3	535.576
290.4	535.625
290.5	535.674
290.6	535.723
290.7	535.772
290.8	535.82
290.9	535.869
291	535.918
291.1	535.967
291.2	536.016
291.3	536.065
291.4	536.114
291.5	536.162
291.6	536.211
291.7	536.26
291.8	536.309
291.9	536.358
292	536.406
292.1	536.455
292.2	536.504
292.3	536.553
292.4	536.602
292.5	536.65
292.6	536.699
292.7	536.748
292.8	536.796
292.9	536.845
293	536.894
293.1	536.943
293.2	536.991
293.3	537.04
293.4	537.089
293.5	537.137
293.6	537.186
293.7	537.235
293.8	537.283
293.9	537.332
294	537.38
294.1	537.429
294.2	537.478
294.3	537.526
294.4	537.575
294.5	537.623
294.6	537.672
294.7	537.72
294.8	537.769
294.9	537.818
295	537.866
295.1	537.915
295.2	537.963
295.3	538.012
295.4	538.06
295.5	538.109
295.6	538.157
295.7	538.206
295.8	538.254
295.9	538.302
296	538.351
296.1	538.399
296.2	538.448
296.3	538.496
296.4	538.545
296.5	538.593
296.6	538.641
296.7	538.69
296.8	538.738
296.9	538.787
297	538.835
297.1	538.883
297.2	538.932
297.3	538.98
297.4	539.028
297.5	539.077
297.6	539.125
297.7	539.173
297.8	539.222
297.9	539.27
298	539.318
298.1	539.366
298.2	539.415
298.3	539.463
298.4	539.511
298.5	539.559
298.6	539.608
298.7	539.656
298.8	539.704
298.9	539.752
299	539.8
299.1	539.849
299.2	539.897
299.3	539.945
299.4	539.993
299.5	540.041
299.6	540.089
299.7	540.138
299.8	540.186
299.9	540.234
300	540.282
