W	Pred
1.5	519.618
1.6	510.002
1.7	501.139
1.8	492.936
1.9	485.316
2	478.213
2.1	471.572
2.2	465.346
2.3	459.495
2.4	453.984
2.5	448.783
2.6	443.864
2.7	439.204
2.8	434.783
2.9	430.582
3	426.585
3.1	422.776
3.2	419.142
3.3	415.672
3.4	412.355
3.5	409.18
3.6	406.14
3.7	403.224
3.8	400.427
3.9	397.741
4	395.16
4.1	392.678
4.2	390.29
4.3	387.99
4.4	385.775
4.5	383.64
4.6	381.58
4.7	379.593
4.8	377.674
4.9	375.821
5	374.03
5.1	372.3
5.2	370.626
5.3	369.007
5.4	367.44
5.5	365.923
5.6	364.454
5.7	363.032
5.8	361.653
5.9	360.317
6	359.022
6.1	357.766
6.2	356.548
6.3	355.366
6.4	354.219
6.5	353.106
6.6	352.026
6.7	350.977
6.8	349.959
6.9	348.97
7	348.009
7.1	347.076
7.2	346.169
7.3	345.288
7.4	344.432
7.5	343.6
7.6	342.791
7.7	342.005
7.8	341.241
7.9	340.498
8	339.775
8.1	339.073
8.2	338.39
8.3	337.726
8.4	337.08
8.5	336.452
8.6	335.842
8.7	335.248
8.8	334.671
8.9	334.11
9	333.564
9.1	333.033
9.2	332.517
9.3	332.015
9.4	331.528
9.5	331.054
9.6	330.593
9.7	330.145
9.8	329.71
9.9	329.287
10	328.876
10.1	328.477
10.2	328.089
10.3	327.712
10.4	327.346
10.5	326.991
10.6	326.646
10.7	326.312
10.8	325.987
10.9	325.672
11	325.367
11.1	325.071
11.2	324.784
11.3	324.505
11.4	324.236
11.5	323.975
11.6	323.722
11.7	323.478
11.8	323.241
11.9	323.012
12	322.791
12.1	322.577
12.2	322.371
12.3	322.171
12.4	321.979
12.5	321.794
12.6	321.615
12.7	321.443
12.8	321.278
12.9	321.118
13	320.965
13.1	320.819
13.2	320.678
13.3	320.543
13.4	320.414
13.5	320.29
13.6	320.172
13.7	320.06
13.8	319.953
13.9	319.851
14	319.754
14.1	319.662
14.2	319.575
14.3	319.493
14.4	319.416
14.5	319.344
14.6	319.276
14.7	319.213
14.8	319.154
14.9	319.1
15	319.05
15.1	319.004
15.2	318.962
15.3	318.925
15.4	318.891
15.5	318.862
15.6	318.836
15.7	318.814
15.8	318.796
15.9	318.781
16	318.771
16.1	318.763
16.2	318.76
16.3	318.759
16.4	318.762
16.5	318.769
16.6	318.779
16.7	318.792
16.8	318.808
16.9	318.827
17	318.85
17.1	318.875
17.2	318.904
17.3	318.935
17.4	318.969
17.5	319.006
17.6	319.046
17.7	319.089
17.8	319.135
17.9	319.183
18	319.234
18.1	319.287
18.2	319.343
18.3	319.402
18.4	319.463
18.5	319.526
18.6	319.592
18.7	319.66
18.8	319.731
18.9	319.804
19	319.879
19.1	319.957
19.2	320.036
19.3	320.118
19.4	320.202
19.5	320.288
19.6	320.377
19.7	320.467
19.8	320.559
19.9	320.654
20	320.75
20.1	320.848
20.2	320.948
20.3	321.05
20.4	321.154
20.5	321.26
20.6	321.368
20.7	321.477
20.8	321.588
20.9	321.701
21	321.816
21.1	321.932
21.2	322.05
21.3	322.17
21.4	322.291
21.5	322.414
21.6	322.539
21.7	322.665
21.8	322.792
21.9	322.921
22	323.052
22.1	323.184
22.2	323.318
22.3	323.453
22.4	323.589
22.5	323.727
22.6	323.866
22.7	324.007
22.8	324.149
22.9	324.292
23	324.437
23.1	324.583
23.2	324.73
23.3	324.878
23.4	325.028
23.5	325.179
23.6	325.331
23.7	325.485
23.8	325.639
23.9	325.795
24	325.952
24.1	326.11
24.2	326.27
24.3	326.43
24.4	326.591
24.5	326.754
24.6	326.918
24.7	327.082
24.8	327.248
24.9	327.415
25	327.583
25.1	327.751
25.2	327.921
25.3	328.092
25.4	328.264
25.5	328.437
25.6	328.61
25.7	328.785
25.8	328.961
25.9	329.137
26	329.315
26.1	329.493
26.2	329.672
26.3	329.852
26.4	330.033
26.5	330.215
26.6	330.398
26.7	330.581
26.8	330.766
26.9	330.951
27	331.137
27.1	331.323
27.2	331.511
27.3	331.699
27.4	331.888
27.5	332.078
27.6	332.269
27.7	332.46
27.8	332.652
27.9	332.845
28	333.039
28.1	333.233
28.2	333.428
28.3	333.623
28.4	333.82
28.5	334.017
28.6	334.214
28.7	334.413
28.8	334.612
28.9	334.811
29	335.011
29.1	335.212
29.2	335.414
29.3	335.616
29.4	335.819
29.5	336.022
29.6	336.226
29.7	336.43
29.8	336.636
29.9	336.841
30	337.047
30.1	337.254
30.2	337.462
30.3	337.67
30.4	337.878
30.5	338.087
30.6	338.297
30.7	338.507
30.8	338.717
30.9	338.928
31	339.14
31.1	339.352
31.2	339.565
31.3	339.778
31.4	339.991
31.5	340.205
31.6	340.42
31.7	340.635
31.8	340.85
31.9	341.066
32	341.283
32.1	341.5
32.2	341.717
32.3	341.935
32.4	342.153
32.5	342.371
32.6	342.59
32.7	342.81
32.8	343.03
32.9	343.25
33	343.471
33.1	343.692
33.2	343.913
33.3	344.135
33.4	344.357
33.5	344.58
33.6	344.803
33.7	345.026
33.8	345.25
33.9	345.474
34	345.699
34.1	345.923
34.2	346.149
34.3	346.374
34.4	346.6
34.5	346.826
34.6	347.053
34.7	347.28
34.8	347.507
34.9	347.735
35	347.962
35.1	348.191
35.2	348.419
35.3	348.648
35.4	348.877
35.5	349.107
35.6	349.336
35.7	349.567
35.8	349.797
35.9	350.028
36	350.258
36.1	350.49
36.2	350.721
36.3	350.953
36.4	351.185
36.5	351.417
36.6	351.65
36.7	351.883
36.8	352.116
36.9	352.35
37	352.583
37.1	352.817
37.2	353.051
37.3	353.286
37.4	353.52
37.5	353.755
37.6	353.991
37.7	354.226
37.8	354.462
37.9	354.698
38	354.934
38.1	355.17
38.2	355.407
38.3	355.643
38.4	355.88
38.5	356.118
38.6	356.355
38.7	356.593
38.8	356.831
38.9	357.069
39	357.307
39.1	357.545
39.2	357.784
39.3	358.023
39.4	358.262
39.5	358.501
39.6	358.741
39.7	358.98
39.8	359.22
39.9	359.46
40	359.701
40.1	359.941
40.2	360.181
40.3	360.422
40.4	360.663
40.5	360.904
40.6	361.146
40.7	361.387
40.8	361.629
40.9	361.87
41	362.112
41.1	362.354
41.2	362.597
41.3	362.839
41.4	363.082
41.5	363.324
41.6	363.567
41.7	363.81
41.8	364.053
41.9	364.297
42	364.54
42.1	364.784
42.2	365.027
42.3	365.271
42.4	365.515
42.5	365.759
42.6	366.004
42.7	366.248
42.8	366.493
42.9	366.737
43	366.982
43.1	367.227
43.2	367.472
43.3	367.717
43.4	367.962
43.5	368.208
43.6	368.453
43.7	368.699
43.8	368.945
43.9	369.191
44	369.437
44.1	369.683
44.2	369.929
44.3	370.175
44.4	370.422
44.5	370.668
44.6	370.915
44.7	371.161
44.8	371.408
44.9	371.655
45	371.902
45.1	372.149
45.2	372.397
45.3	372.644
45.4	372.891
45.5	373.139
45.6	373.386
45.7	373.634
45.8	373.882
45.9	374.129
46	374.377
46.1	374.625
46.2	374.873
46.3	375.122
46.4	375.37
46.5	375.618
46.6	375.867
46.7	376.115
46.8	376.364
46.9	376.612
47	376.861
47.1	377.11
47.2	377.358
47.3	377.607
47.4	377.856
47.5	378.105
47.6	378.354
47.7	378.604
47.8	378.853
47.9	379.102
48	379.351
48.1	379.601
48.2	379.85
48.3	380.1
48.4	380.349
48.5	380.599
48.6	380.849
48.7	381.099
48.8	381.348
48.9	381.598
49	381.848
49.1	382.098
49.2	382.348
49.3	382.598
49.4	382.848
49.5	383.098
49.6	383.349
49.7	383.599
49.8	383.849
49.9	384.1
50	384.35
50.1	384.6
50.2	384.851
50.3	385.101
50.4	385.352
50.5	385.603
50.6	385.853
50.7	386.104
50.8	386.355
50.9	386.605
51	386.856
51.1	387.107
51.2	387.358
51.3	387.609
51.4	387.859
51.5	388.11
51.6	388.361
51.7	388.612
51.8	388.863
51.9	389.114
52	389.365
52.1	389.617
52.2	389.868
52.3	390.119
52.4	390.37
52.5	390.621
52.6	390.872
52.7	391.124
52.8	391.375
52.9	391.626
53	391.878
53.1	392.129
53.2	392.38
53.3	392.632
53.4	392.883
53.5	393.134
53.6	393.386
53.7	393.637
53.8	393.889
53.9	394.14
54	394.392
54.1	394.643
54.2	394.895
54.3	395.146
54.4	395.398
54.5	395.649
54.6	395.901
54.7	396.152
54.8	396.404
54.9	396.655
55	396.907
55.1	397.159
55.2	397.41
55.3	397.662
55.4	397.913
55.5	398.165
55.6	398.417
55.7	398.668
55.8	398.92
55.9	399.171
56	399.423
56.1	399.675
56.2	399.926
56.3	400.178
56.4	400.43
56.5	400.681
56.6	400.933
56.7	401.185
56.8	401.436
56.9	401.688
57	401.939
57.1	402.191
57.2	402.443
57.3	402.694
57.4	402.946
57.5	403.198
57.6	403.449
57.7	403.701
57.8	403.952
57.9	404.204
58	404.455
58.1	404.707
58.2	404.959
58.3	405.21
58.4	405.462
58.5	405.713
58.6	405.965
58.7	406.216
58.8	406.468
58.9	406.719
59	406.971
59.1	407.222
59.2	407.474
59.3	407.725
59.4	407.976
59.5	408.228
59.6	408.479
59.7	408.731
59.8	408.982
59.9	409.233
60	409.485
60.1	409.736
60.2	409.987
60.3	410.239
60.4	410.49
60.5	410.741
60.6	410.993
60.7	411.244
60.8	411.495
60.9	411.746
61	411.997
61.1	412.248
61.2	412.5
61.3	412.751
61.4	413.002
61.5	413.253
61.6	413.504
61.7	413.755
61.8	414.006
61.9	414.257
62	414.508
62.1	414.759
62.2	415.01
62.3	415.261
62.4	415.512
62.5	415.762
62.6	416.013
62.7	416.264
62.8	416.515
62.9	416.766
63	417.016
63.1	417.267
63.2	417.518
63.3	417.768
63.4	418.019
63.5	418.269
63.6	418.52
63.7	418.771
63.8	419.021
63.9	419.272
64	419.522
64.1	419.772
64.2	420.023
64.3	420.273
64.4	420.524
64.5	420.774
64.6	421.024
64.7	421.274
64.8	421.525
64.9	421.775
65	422.025
65.1	422.275
65.2	422.525
65.3	422.775
65.4	423.025
65.5	423.275
65.6	423.525
65.7	423.775
65.8	424.025
65.9	424.275
66	424.525
66.1	424.775
66.2	425.024
66.3	425.274
66.4	425.524
66.5	425.774
66.6	426.023
66.7	426.273
66.8	426.522
66.9	426.772
67	427.021
67.1	427.271
67.2	427.52
67.3	427.77
67.4	428.019
67.5	428.268
67.6	428.518
67.7	428.767
67.8	429.016
67.9	429.265
68	429.514
68.1	429.764
68.2	430.013
68.3	430.262
68.4	430.511
68.5	430.76
68.6	431.008
68.7	431.257
68.8	431.506
68.9	431.755
69	432.004
69.1	432.252
69.2	432.501
69.3	432.75
69.4	432.998
69.5	433.247
69.6	433.495
69.7	433.744
69.8	433.992
69.9	434.241
70	434.489
70.1	434.737
70.2	434.986
70.3	435.234
70.4	435.482
70.5	435.73
70.6	435.978
70.7	436.226
70.8	436.474
70.9	436.722
71	436.97
71.1	437.218
71.2	437.466
71.3	437.714
71.4	437.961
71.5	438.209
71.6	438.457
71.7	438.705
71.8	438.952
71.9	439.2
72	439.447
72.1	439.695
72.2	439.942
72.3	440.189
72.4	440.437
72.5	440.684
72.6	440.931
72.7	441.178
72.8	441.425
72.9	441.673
73	441.92
73.1	442.167
73.2	442.414
73.3	442.661
73.4	442.907
73.5	443.154
73.6	443.401
73.7	443.648
73.8	443.894
73.9	444.141
74	444.388
74.1	444.634
74.2	444.881
74.3	445.127
74.4	445.373
74.5	445.62
74.6	445.866
74.7	446.112
74.8	446.359
74.9	446.605
75	446.851
75.1	447.097
75.2	447.343
75.3	447.589
75.4	447.835
75.5	448.081
75.6	448.327
75.7	448.572
75.8	448.818
75.9	449.064
76	449.309
76.1	449.555
76.2	449.801
76.3	450.046
76.4	450.291
76.5	450.537
76.6	450.782
76.7	451.027
76.8	451.273
76.9	451.518
77	451.763
77.1	452.008
77.2	452.253
77.3	452.498
77.4	452.743
77.5	452.988
77.6	453.233
77.7	453.478
77.8	453.722
77.9	453.967
78	454.212
78.1	454.456
78.2	454.701
78.3	454.945
78.4	455.19
78.5	455.434
78.6	455.678
78.7	455.923
78.8	456.167
78.9	456.411
79	456.655
79.1	456.899
79.2	457.143
79.3	457.387
79.4	457.631
79.5	457.875
79.6	458.119
79.7	458.363
79.8	458.606
79.9	458.85
80	459.094
80.1	459.337
80.2	459.581
80.3	459.824
80.4	460.068
80.5	460.311
80.6	460.554
80.7	460.797
80.8	461.041
80.9	461.284
81	461.527
81.1	461.77
81.2	462.013
81.3	462.256
81.4	462.499
81.5	462.742
81.6	462.984
81.7	463.227
81.8	463.47
81.9	463.712
82	463.955
82.1	464.197
82.2	464.44
82.3	464.682
82.4	464.925
82.5	465.167
82.6	465.409
82.7	465.651
82.8	465.893
82.9	466.135
83	466.377
83.1	466.619
83.2	466.861
83.3	467.103
83.4	467.345
83.5	467.587
83.6	467.828
83.7	468.07
83.8	468.312
83.9	468.553
84	468.795
84.1	469.036
84.2	469.277
84.3	469.519
84.4	469.76
84.5	470.001
84.6	470.242
84.7	470.483
84.8	470.724
84.9	470.965
85	471.206
85.1	471.447
85.2	471.688
85.3	471.929
85.4	472.17
85.5	472.41
85.6	472.651
85.7	472.891
85.8	473.132
85.9	473.372
86	473.613
86.1	473.853
86.2	474.093
86.3	474.333
86.4	474.574
86.5	474.814
86.6	475.054
86.7	475.294
86.8	475.534
86.9	475.774
87	476.013
87.1	476.253
87.2	476.493
87.3	476.733
87.4	476.972
87.5	477.212
87.6	477.451
87.7	477.691
87.8	477.93
87.9	478.169
88	478.409
88.1	478.648
88.2	478.887
88.3	479.126
88.4	479.365
88.5	479.604
88.6	479.843
88.7	480.082
88.8	480.321
88.9	480.56
89	480.798
89.1	481.037
89.2	481.276
89.3	481.514
89.4	481.753
89.5	481.991
89.6	482.229
89.7	482.468
89.8	482.706
89.9	482.944
90	483.182
90.1	483.42
90.2	483.658
90.3	483.896
90.4	484.134
90.5	484.372
90.6	484.61
90.7	484.848
90.8	485.085
90.9	485.323
91	485.561
91.1	485.798
91.2	486.036
91.3	486.273
91.4	486.51
91.5	486.748
91.6	486.985
91.7	487.222
91.8	487.459
91.9	487.696
92	487.933
92.1	488.17
92.2	488.407
92.3	488.644
92.4	488.881
92.5	489.118
92.6	489.354
92.7	489.591
92.8	489.827
92.9	490.064
93	490.3
93.1	490.537
93.2	490.773
93.3	491.009
93.4	491.246
93.5	491.482
93.6	491.718
93.7	491.954
93.8	492.19
93.9	492.426
94	492.662
94.1	492.898
94.2	493.133
94.3	493.369
94.4	493.605
94.5	493.84
94.6	494.076
94.7	494.311
94.8	494.547
94.9	494.782
95	495.018
95.1	495.253
95.2	495.488
95.3	495.723
95.4	495.958
95.5	496.193
95.6	496.428
95.7	496.663
95.8	496.898
95.9	497.133
96	497.368
96.1	497.602
96.2	497.837
96.3	498.071
96.4	498.306
96.5	498.54
96.6	498.775
96.7	499.009
96.8	499.243
96.9	499.478
97	499.712
97.1	499.946
97.2	500.18
97.3	500.414
97.4	500.648
97.5	500.882
97.6	501.116
97.7	501.349
97.8	501.583
97.9	501.817
98	502.05
98.1	502.284
98.2	502.517
98.3	502.751
98.4	502.984
98.5	503.218
98.6	503.451
98.7	503.684
98.8	503.917
98.9	504.15
99	504.383
99.1	504.616
99.2	504.849
99.3	505.082
99.4	505.315
99.5	505.548
99.6	505.78
99.7	506.013
99.8	506.246
99.9	506.478
100	506.711
100.1	506.943
100.2	507.175
100.3	507.408
100.4	507.64
100.5	507.872
100.6	508.104
100.7	508.336
100.8	508.568
100.9	508.8
101	509.032
101.1	509.264
101.2	509.496
101.3	509.727
101.4	509.959
101.5	510.191
101.6	510.422
101.7	510.654
101.8	510.885
101.9	511.116
102	511.348
102.1	511.579
102.2	511.81
102.3	512.041
102.4	512.273
102.5	512.504
102.6	512.735
102.7	512.965
102.8	513.196
102.9	513.427
103	513.658
103.1	513.889
103.2	514.119
103.3	514.35
103.4	514.58
103.5	514.811
103.6	515.041
103.7	515.272
103.8	515.502
103.9	515.732
104	515.962
104.1	516.192
104.2	516.423
104.3	516.653
104.4	516.883
104.5	517.112
104.6	517.342
104.7	517.572
104.8	517.802
104.9	518.031
105	518.261
105.1	518.491
105.2	518.72
105.3	518.95
105.4	519.179
105.5	519.408
105.6	519.638
105.7	519.867
105.8	520.096
105.9	520.325
106	520.554
106.1	520.783
106.2	521.012
106.3	521.241
106.4	521.47
106.5	521.699
106.6	521.927
106.7	522.156
106.8	522.385
106.9	522.613
107	522.842
107.1	523.07
107.2	523.298
107.3	523.527
107.4	523.755
107.5	523.983
107.6	524.211
107.7	524.439
107.8	524.667
107.9	524.895
108	525.123
108.1	525.351
108.2	525.579
108.3	525.807
108.4	526.035
108.5	526.262
108.6	526.49
108.7	526.717
108.8	526.945
108.9	527.172
109	527.4
109.1	527.627
109.2	527.854
109.3	528.081
109.4	528.308
109.5	528.536
109.6	528.763
109.7	528.99
109.8	529.216
109.9	529.443
110	529.67
110.1	529.897
110.2	530.124
110.3	530.35
110.4	530.577
110.5	530.803
110.6	531.03
110.7	531.256
110.8	531.483
110.9	531.709
111	531.935
111.1	532.161
111.2	532.387
111.3	532.614
111.4	532.84
111.5	533.066
111.6	533.291
111.7	533.517
111.8	533.743
111.9	533.969
112	534.195
112.1	534.42
112.2	534.646
112.3	534.871
112.4	535.097
112.5	535.322
112.6	535.547
112.7	535.773
112.8	535.998
112.9	536.223
113	536.448
113.1	536.673
113.2	536.898
113.3	537.123
113.4	537.348
113.5	537.573
113.6	537.798
113.7	538.023
113.8	538.247
113.9	538.472
114	538.697
114.1	538.921
114.2	539.146
114.3	539.37
114.4	539.594
114.5	539.819
114.6	540.043
114.7	540.267
114.8	540.491
114.9	540.715
115	540.939
115.1	541.163
115.2	541.387
115.3	541.611
115.4	541.835
115.5	542.059
115.6	542.282
115.7	542.506
115.8	542.73
115.9	542.953
116	543.177
116.1	543.4
116.2	543.623
116.3	543.847
116.4	544.07
116.5	544.293
116.6	544.516
116.7	544.739
116.8	544.962
116.9	545.185
117	545.408
117.1	545.631
117.2	545.854
117.3	546.077
117.4	546.3
117.5	546.522
117.6	546.745
117.7	546.967
117.8	547.19
117.9	547.412
118	547.635
118.1	547.857
118.2	548.079
118.3	548.302
118.4	548.524
118.5	548.746
118.6	548.968
118.7	549.19
118.8	549.412
118.9	549.634
119	549.856
119.1	550.077
119.2	550.299
119.3	550.521
119.4	550.742
119.5	550.964
119.6	551.185
119.7	551.407
119.8	551.628
119.9	551.85
120	552.071
120.1	552.292
120.2	552.513
120.3	552.735
120.4	552.956
120.5	553.177
120.6	553.398
120.7	553.619
120.8	553.839
120.9	554.06
121	554.281
121.1	554.502
121.2	554.722
121.3	554.943
121.4	555.164
121.5	555.384
121.6	555.604
121.7	555.825
121.8	556.045
121.9	556.265
122	556.486
122.1	556.706
122.2	556.926
122.3	557.146
122.4	557.366
122.5	557.586
122.6	557.806
122.7	558.026
122.8	558.246
122.9	558.465
123	558.685
123.1	558.905
123.2	559.124
123.3	559.344
123.4	559.563
123.5	559.783
123.6	560.002
123.7	560.221
123.8	560.441
123.9	560.66
124	560.879
124.1	561.098
124.2	561.317
124.3	561.536
124.4	561.755
124.5	561.974
124.6	562.193
124.7	562.412
124.8	562.63
124.9	562.849
125	563.068
125.1	563.286
125.2	563.505
125.3	563.723
125.4	563.942
125.5	564.16
125.6	564.378
125.7	564.597
125.8	564.815
125.9	565.033
126	565.251
126.1	565.469
126.2	565.687
126.3	565.905
126.4	566.123
126.5	566.341
126.6	566.558
126.7	566.776
126.8	566.994
126.9	567.212
127	567.429
127.1	567.647
127.2	567.864
127.3	568.082
127.4	568.299
127.5	568.516
127.6	568.733
127.7	568.951
127.8	569.168
127.9	569.385
128	569.602
128.1	569.819
128.2	570.036
128.3	570.253
128.4	570.47
128.5	570.686
128.6	570.903
128.7	571.12
128.8	571.336
128.9	571.553
129	571.77
129.1	571.986
129.2	572.203
129.3	572.419
129.4	572.635
129.5	572.851
129.6	573.068
129.7	573.284
129.8	573.5
129.9	573.716
130	573.932
130.1	574.148
130.2	574.364
130.3	574.58
130.4	574.796
130.5	575.011
130.6	575.227
130.7	575.443
130.8	575.658
130.9	575.874
131	576.089
131.1	576.305
131.2	576.52
131.3	576.736
131.4	576.951
131.5	577.166
131.6	577.381
131.7	577.596
131.8	577.811
131.9	578.026
132	578.241
132.1	578.456
132.2	578.671
132.3	578.886
132.4	579.101
132.5	579.316
132.6	579.53
132.7	579.745
132.8	579.959
132.9	580.174
133	580.388
133.1	580.603
133.2	580.817
133.3	581.032
133.4	581.246
133.5	581.46
133.6	581.674
133.7	581.888
133.8	582.102
133.9	582.316
134	582.53
134.1	582.744
134.2	582.958
134.3	583.172
134.4	583.386
134.5	583.599
134.6	583.813
134.7	584.027
134.8	584.24
134.9	584.454
135	584.667
135.1	584.881
135.2	585.094
135.3	585.307
135.4	585.521
135.5	585.734
135.6	585.947
135.7	586.16
135.8	586.373
135.9	586.586
136	586.799
136.1	587.012
136.2	587.225
136.3	587.438
136.4	587.65
136.5	587.863
136.6	588.076
136.7	588.288
136.8	588.501
136.9	588.713
137	588.926
137.1	589.138
137.2	589.351
137.3	589.563
137.4	589.775
137.5	589.987
137.6	590.199
137.7	590.412
137.8	590.624
137.9	590.836
138	591.048
138.1	591.26
138.2	591.471
138.3	591.683
138.4	591.895
138.5	592.107
138.6	592.318
138.7	592.53
138.8	592.741
138.9	592.953
139	593.164
139.1	593.376
139.2	593.587
139.3	593.799
139.4	594.01
139.5	594.221
139.6	594.432
139.7	594.643
139.8	594.854
139.9	595.065
140	595.276
140.1	595.487
140.2	595.698
140.3	595.909
140.4	596.12
140.5	596.33
140.6	596.541
140.7	596.752
140.8	596.962
140.9	597.173
141	597.383
141.1	597.594
141.2	597.804
141.3	598.014
141.4	598.225
141.5	598.435
141.6	598.645
141.7	598.855
141.8	599.065
141.9	599.275
142	599.485
142.1	599.695
142.2	599.905
142.3	600.115
142.4	600.325
142.5	600.534
142.6	600.744
142.7	600.954
142.8	601.163
142.9	601.373
143	601.582
143.1	601.792
143.2	602.001
143.3	602.211
143.4	602.42
143.5	602.629
143.6	602.838
143.7	603.048
143.8	603.257
143.9	603.466
144	603.675
144.1	603.884
144.2	604.093
144.3	604.302
144.4	604.51
144.5	604.719
144.6	604.928
144.7	605.137
144.8	605.345
144.9	605.554
145	605.762
145.1	605.971
145.2	606.179
145.3	606.388
145.4	606.596
145.5	606.804
145.6	607.012
145.7	607.221
145.8	607.429
145.9	607.637
146	607.845
146.1	608.053
146.2	608.261
146.3	608.469
146.4	608.677
146.5	608.885
146.6	609.092
146.7	609.3
146.8	609.508
146.9	609.715
147	609.923
147.1	610.13
147.2	610.338
147.3	610.545
147.4	610.753
147.5	610.96
147.6	611.167
147.7	611.375
147.8	611.582
147.9	611.789
148	611.996
148.1	612.203
148.2	612.41
148.3	612.617
148.4	612.824
148.5	613.031
148.6	613.238
148.7	613.445
148.8	613.651
148.9	613.858
149	614.065
149.1	614.271
149.2	614.478
149.3	614.684
149.4	614.891
149.5	615.097
149.6	615.303
149.7	615.51
149.8	615.716
149.9	615.922
150	616.128
150.1	616.334
150.2	616.541
150.3	616.747
150.4	616.953
150.5	617.158
150.6	617.364
150.7	617.57
150.8	617.776
150.9	617.982
151	618.187
151.1	618.393
151.2	618.599
151.3	618.804
151.4	619.01
151.5	619.215
151.6	619.421
151.7	619.626
151.8	619.831
151.9	620.037
152	620.242
152.1	620.447
152.2	620.652
152.3	620.857
152.4	621.062
152.5	621.267
152.6	621.472
152.7	621.677
152.8	621.882
152.9	622.087
153	622.292
153.1	622.496
153.2	622.701
153.3	622.906
153.4	623.11
153.5	623.315
153.6	623.519
153.7	623.724
153.8	623.928
153.9	624.133
154	624.337
154.1	624.541
154.2	624.745
154.3	624.95
154.4	625.154
154.5	625.358
154.6	625.562
154.7	625.766
154.8	625.97
154.9	626.174
155	626.377
155.1	626.581
155.2	626.785
155.3	626.989
155.4	627.192
155.5	627.396
155.6	627.6
155.7	627.803
155.8	628.007
155.9	628.21
156	628.414
156.1	628.617
156.2	628.82
156.3	629.023
156.4	629.227
156.5	629.43
156.6	629.633
156.7	629.836
156.8	630.039
156.9	630.242
157	630.445
157.1	630.648
157.2	630.851
157.3	631.054
157.4	631.256
157.5	631.459
157.6	631.662
157.7	631.864
157.8	632.067
157.9	632.27
158	632.472
158.1	632.675
158.2	632.877
158.3	633.079
158.4	633.282
158.5	633.484
158.6	633.686
158.7	633.888
158.8	634.091
158.9	634.293
159	634.495
159.1	634.697
159.2	634.899
159.3	635.101
159.4	635.302
159.5	635.504
159.6	635.706
159.7	635.908
159.8	636.11
159.9	636.311
160	636.513
160.1	636.714
160.2	636.916
160.3	637.117
160.4	637.319
160.5	637.52
160.6	637.722
160.7	637.923
160.8	638.124
160.9	638.325
161	638.526
161.1	638.728
161.2	638.929
161.3	639.13
161.4	639.331
161.5	639.532
161.6	639.733
161.7	639.933
161.8	640.134
161.9	640.335
162	640.536
162.1	640.736
162.2	640.937
162.3	641.138
162.4	641.338
162.5	641.539
162.6	641.739
162.7	641.94
162.8	642.14
162.9	642.34
163	642.541
163.1	642.741
163.2	642.941
163.3	643.141
163.4	643.341
163.5	643.541
163.6	643.741
163.7	643.941
163.8	644.141
163.9	644.341
164	644.541
164.1	644.741
164.2	644.941
164.3	645.14
164.4	645.34
164.5	645.54
164.6	645.739
164.7	645.939
164.8	646.138
164.9	646.338
165	646.537
165.1	646.737
165.2	646.936
165.3	647.135
165.4	647.334
165.5	647.534
165.6	647.733
165.7	647.932
165.8	648.131
165.9	648.33
166	648.529
166.1	648.728
166.2	648.927
166.3	649.126
166.4	649.325
166.5	649.523
166.6	649.722
166.7	649.921
166.8	650.119
166.9	650.318
167	650.517
167.1	650.715
167.2	650.914
167.3	651.112
167.4	651.31
167.5	651.509
167.6	651.707
167.7	651.905
167.8	652.103
167.9	652.302
168	652.5
168.1	652.698
168.2	652.896
168.3	653.094
168.4	653.292
168.5	653.49
168.6	653.688
168.7	653.886
168.8	654.083
168.9	654.281
169	654.479
169.1	654.676
169.2	654.874
169.3	655.072
169.4	655.269
169.5	655.467
169.6	655.664
169.7	655.862
169.8	656.059
169.9	656.256
170	656.454
170.1	656.651
170.2	656.848
170.3	657.045
170.4	657.242
170.5	657.439
170.6	657.636
170.7	657.833
170.8	658.03
170.9	658.227
171	658.424
171.1	658.621
171.2	658.818
171.3	659.015
171.4	659.211
171.5	659.408
171.6	659.604
171.7	659.801
171.8	659.998
171.9	660.194
172	660.391
172.1	660.587
172.2	660.783
172.3	660.98
172.4	661.176
172.5	661.372
172.6	661.568
172.7	661.765
172.8	661.961
172.9	662.157
173	662.353
173.1	662.549
173.2	662.745
173.3	662.941
173.4	663.136
173.5	663.332
173.6	663.528
173.7	663.724
173.8	663.92
173.9	664.115
174	664.311
174.1	664.506
174.2	664.702
174.3	664.897
174.4	665.093
174.5	665.288
174.6	665.484
174.7	665.679
174.8	665.874
174.9	666.07
175	666.265
175.1	666.46
175.2	666.655
175.3	666.85
175.4	667.045
175.5	667.24
175.6	667.435
175.7	667.63
175.8	667.825
175.9	668.02
176	668.215
176.1	668.409
176.2	668.604
176.3	668.799
176.4	668.993
176.5	669.188
176.6	669.383
176.7	669.577
176.8	669.772
176.9	669.966
177	670.16
177.1	670.355
177.2	670.549
177.3	670.743
177.4	670.938
177.5	671.132
177.6	671.326
177.7	671.52
177.8	671.714
177.9	671.908
178	672.102
178.1	672.296
178.2	672.49
178.3	672.684
178.4	672.878
178.5	673.072
178.6	673.265
178.7	673.459
178.8	673.653
178.9	673.846
179	674.04
179.1	674.233
179.2	674.427
179.3	674.62
179.4	674.814
179.5	675.007
179.6	675.201
179.7	675.394
179.8	675.587
179.9	675.78
180	675.974
180.1	676.167
180.2	676.36
180.3	676.553
180.4	676.746
180.5	676.939
180.6	677.132
180.7	677.325
180.8	677.518
180.9	677.71
181	677.903
181.1	678.096
181.2	678.289
181.3	678.481
181.4	678.674
181.5	678.867
181.6	679.059
181.7	679.252
181.8	679.444
181.9	679.637
182	679.829
182.1	680.021
182.2	680.214
182.3	680.406
182.4	680.598
182.5	680.79
182.6	680.983
182.7	681.175
182.8	681.367
182.9	681.559
183	681.751
183.1	681.943
183.2	682.135
183.3	682.327
183.4	682.518
183.5	682.71
183.6	682.902
183.7	683.094
183.8	683.285
183.9	683.477
184	683.669
184.1	683.86
184.2	684.052
184.3	684.243
184.4	684.435
184.5	684.626
184.6	684.817
184.7	685.009
184.8	685.2
184.9	685.391
185	685.583
185.1	685.774
185.2	685.965
185.3	686.156
185.4	686.347
185.5	686.538
185.6	686.729
185.7	686.92
185.8	687.111
185.9	687.302
186	687.493
186.1	687.683
186.2	687.874
186.3	688.065
186.4	688.256
186.5	688.446
186.6	688.637
186.7	688.827
186.8	689.018
186.9	689.208
187	689.399
187.1	689.589
187.2	689.78
187.3	689.97
187.4	690.16
187.5	690.35
187.6	690.541
187.7	690.731
187.8	690.921
187.9	691.111
188	691.301
188.1	691.491
188.2	691.681
188.3	691.871
188.4	692.061
188.5	692.251
188.6	692.441
188.7	692.63
188.8	692.82
188.9	693.01
189	693.2
189.1	693.389
189.2	693.579
189.3	693.768
189.4	693.958
189.5	694.147
189.6	694.337
189.7	694.526
189.8	694.716
189.9	694.905
190	695.094
190.1	695.284
190.2	695.473
190.3	695.662
190.4	695.851
190.5	696.04
190.6	696.229
190.7	696.418
190.8	696.607
190.9	696.796
191	696.985
191.1	697.174
191.2	697.363
191.3	697.552
191.4	697.741
191.5	697.929
191.6	698.118
191.7	698.307
191.8	698.495
191.9	698.684
192	698.872
192.1	699.061
192.2	699.249
192.3	699.438
192.4	699.626
192.5	699.814
192.6	700.003
192.7	700.191
192.8	700.379
192.9	700.568
193	700.756
193.1	700.944
193.2	701.132
193.3	701.32
193.4	701.508
193.5	701.696
193.6	701.884
193.7	702.072
193.8	702.26
193.9	702.448
194	702.635
194.1	702.823
194.2	703.011
194.3	703.199
194.4	703.386
194.5	703.574
194.6	703.761
194.7	703.949
194.8	704.136
194.9	704.324
195	704.511
195.1	704.699
195.2	704.886
195.3	705.073
195.4	705.261
195.5	705.448
195.6	705.635
195.7	705.822
195.8	706.009
195.9	706.196
196	706.384
196.1	706.571
196.2	706.758
196.3	706.945
196.4	707.131
196.5	707.318
196.6	707.505
196.7	707.692
196.8	707.879
196.9	708.065
197	708.252
197.1	708.439
197.2	708.625
197.3	708.812
197.4	708.999
197.5	709.185
197.6	709.372
197.7	709.558
197.8	709.744
197.9	709.931
198	710.117
198.1	710.303
198.2	710.49
198.3	710.676
198.4	710.862
198.5	711.048
198.6	711.234
198.7	711.42
198.8	711.606
198.9	711.792
199	711.978
199.1	712.164
199.2	712.35
199.3	712.536
199.4	712.722
199.5	712.908
199.6	713.093
199.7	713.279
199.8	713.465
199.9	713.65
200	713.836
200.1	714.022
200.2	714.207
200.3	714.393
200.4	714.578
200.5	714.763
200.6	714.949
200.7	715.134
200.8	715.319
200.9	715.505
201	715.69
201.1	715.875
201.2	716.06
201.3	716.246
201.4	716.431
201.5	716.616
201.6	716.801
201.7	716.986
201.8	717.171
201.9	717.356
202	717.54
202.1	717.725
202.2	717.91
202.3	718.095
202.4	718.28
202.5	718.464
202.6	718.649
202.7	718.834
202.8	719.018
202.9	719.203
203	719.387
203.1	719.572
203.2	719.756
203.3	719.941
203.4	720.125
203.5	720.31
203.6	720.494
203.7	720.678
203.8	720.862
203.9	721.047
204	721.231
204.1	721.415
204.2	721.599
204.3	721.783
204.4	721.967
204.5	722.151
204.6	722.335
204.7	722.519
204.8	722.703
204.9	722.887
205	723.071
205.1	723.254
205.2	723.438
205.3	723.622
205.4	723.806
205.5	723.989
205.6	724.173
205.7	724.356
205.8	724.54
205.9	724.723
206	724.907
206.1	725.09
206.2	725.274
206.3	725.457
206.4	725.64
206.5	725.824
206.6	726.007
206.7	726.19
206.8	726.373
206.9	726.557
207	726.74
207.1	726.923
207.2	727.106
207.3	727.289
207.4	727.472
207.5	727.655
207.6	727.838
207.7	728.021
207.8	728.203
207.9	728.386
208	728.569
208.1	728.752
208.2	728.935
208.3	729.117
208.4	729.3
208.5	729.482
208.6	729.665
208.7	729.848
208.8	730.03
208.9	730.213
209	730.395
209.1	730.577
209.2	730.76
209.3	730.942
209.4	731.124
209.5	731.307
209.6	731.489
209.7	731.671
209.8	731.853
209.9	732.035
210	732.217
210.1	732.399
210.2	732.581
210.3	732.763
210.4	732.945
210.5	733.127
210.6	733.309
210.7	733.491
210.8	733.673
210.9	733.855
211	734.036
211.1	734.218
211.2	734.4
211.3	734.581
211.4	734.763
211.5	734.945
211.6	735.126
211.7	735.308
211.8	735.489
211.9	735.671
212	735.852
212.1	736.033
212.2	736.215
212.3	736.396
212.4	736.577
212.5	736.759
212.6	736.94
212.7	737.121
212.8	737.302
212.9	737.483
213	737.664
213.1	737.845
213.2	738.026
213.3	738.207
213.4	738.388
213.5	738.569
213.6	738.75
213.7	738.931
213.8	739.112
213.9	739.292
214	739.473
214.1	739.654
214.2	739.834
214.3	740.015
214.4	740.196
214.5	740.376
214.6	740.557
214.7	740.737
214.8	740.918
214.9	741.098
215	741.279
215.1	741.459
215.2	741.639
215.3	741.82
215.4	742
215.5	742.18
215.6	742.36
215.7	742.54
215.8	742.721
215.9	742.901
216	743.081
216.1	743.261
216.2	743.441
216.3	743.621
216.4	743.801
216.5	743.981
216.6	744.16
216.7	744.34
216.8	744.52
216.9	744.7
217	744.88
217.1	745.059
217.2	745.239
217.3	745.419
217.4	745.598
217.5	745.778
217.6	745.957
217.7	746.137
217.8	746.316
217.9	746.496
218	746.675
218.1	746.854
218.2	747.034
218.3	747.213
218.4	747.392
218.5	747.572
218.6	747.751
218.7	747.93
218.8	748.109
218.9	748.288
219	748.467
219.1	748.646
219.2	748.825
219.3	749.004
219.4	749.183
219.5	749.362
219.6	749.541
219.7	749.72
219.8	749.899
219.9	750.077
220	750.256
220.1	750.435
220.2	750.614
220.3	750.792
220.4	750.971
220.5	751.149
220.6	751.328
220.7	751.507
220.8	751.685
220.9	751.863
221	752.042
221.1	752.22
221.2	752.399
221.3	752.577
221.4	752.755
221.5	752.934
221.6	753.112
221.7	753.29
221.8	753.468
221.9	753.646
222	753.824
222.1	754.002
222.2	754.18
222.3	754.358
222.4	754.536
222.5	754.714
222.6	754.892
222.7	755.07
222.8	755.248
222.9	755.426
223	755.604
223.1	755.781
223.2	755.959
223.3	756.137
223.4	756.314
223.5	756.492
223.6	756.67
223.7	756.847
223.8	757.025
223.9	757.202
224	757.38
224.1	757.557
224.2	757.734
224.3	757.912
224.4	758.089
224.5	758.266
224.6	758.444
224.7	758.621
224.8	758.798
224.9	758.975
225	759.152
225.1	759.329
225.2	759.507
225.3	759.684
225.4	759.861
225.5	760.038
225.6	760.214
225.7	760.391
225.8	760.568
225.9	760.745
226	760.922
226.1	761.099
226.2	761.275
226.3	761.452
226.4	761.629
226.5	761.806
226.6	761.982
226.7	762.159
226.8	762.335
226.9	762.512
227	762.688
227.1	762.865
227.2	763.041
227.3	763.218
227.4	763.394
227.5	763.57
227.6	763.747
227.7	763.923
227.8	764.099
227.9	764.275
228	764.452
228.1	764.628
228.2	764.804
228.3	764.98
228.4	765.156
228.5	765.332
228.6	765.508
228.7	765.684
228.8	765.86
228.9	766.036
229	766.212
229.1	766.388
229.2	766.563
229.3	766.739
229.4	766.915
229.5	767.091
229.6	767.266
229.7	767.442
229.8	767.618
229.9	767.793
230	767.969
230.1	768.144
230.2	768.32
230.3	768.495
230.4	768.671
230.5	768.846
230.6	769.022
230.7	769.197
230.8	769.372
230.9	769.547
231	769.723
231.1	769.898
231.2	770.073
231.3	770.248
231.4	770.423
231.5	770.599
231.6	770.774
231.7	770.949
231.8	771.124
231.9	771.299
232	771.474
232.1	771.648
232.2	771.823
232.3	771.998
232.4	772.173
232.5	772.348
232.6	772.523
232.7	772.697
232.8	772.872
232.9	773.047
233	773.221
233.1	773.396
233.2	773.57
233.3	773.745
233.4	773.92
233.5	774.094
233.6	774.268
233.7	774.443
233.8	774.617
233.9	774.792
234	774.966
234.1	775.14
234.2	775.315
234.3	775.489
234.4	775.663
234.5	775.837
234.6	776.011
234.7	776.185
234.8	776.36
234.9	776.534
235	776.708
235.1	776.882
235.2	777.056
235.3	777.229
235.4	777.403
235.5	777.577
235.6	777.751
235.7	777.925
235.8	778.099
235.9	778.272
236	778.446
236.1	778.62
236.2	778.794
236.3	778.967
236.4	779.141
236.5	779.314
236.6	779.488
236.7	779.661
236.8	779.835
236.9	780.008
237	780.182
237.1	780.355
237.2	780.528
237.3	780.702
237.4	780.875
237.5	781.048
237.6	781.222
237.7	781.395
237.8	781.568
237.9	781.741
238	781.914
238.1	782.087
238.2	782.26
238.3	782.433
238.4	782.606
238.5	782.779
238.6	782.952
238.7	783.125
238.8	783.298
238.9	783.471
239	783.644
239.1	783.817
239.2	783.989
239.3	784.162
239.4	784.335
239.5	784.508
239.6	784.68
239.7	784.853
239.8	785.025
239.9	785.198
240	785.37
240.1	785.543
240.2	785.715
240.3	785.888
240.4	786.06
240.5	786.233
240.6	786.405
240.7	786.577
240.8	786.75
240.9	786.922
241	787.094
241.1	787.266
241.2	787.438
241.3	787.611
241.4	787.783
241.5	787.955
241.6	788.127
241.7	788.299
241.8	788.471
241.9	788.643
242	788.815
242.1	788.987
242.2	789.158
242.3	789.33
242.4	789.502
242.5	789.674
242.6	789.846
242.7	790.017
242.8	790.189
242.9	790.361
243	790.532
243.1	790.704
243.2	790.876
243.3	791.047
243.4	791.219
243.5	791.39
243.6	791.562
243.7	791.733
243.8	791.904
243.9	792.076
244	792.247
244.1	792.419
244.2	792.59
244.3	792.761
244.4	792.932
244.5	793.104
244.6	793.275
244.7	793.446
244.8	793.617
244.9	793.788
245	793.959
245.1	794.13
245.2	794.301
245.3	794.472
245.4	794.643
245.5	794.814
245.6	794.985
245.7	795.156
245.8	795.326
245.9	795.497
246	795.668
246.1	795.839
246.2	796.01
246.3	796.18
246.4	796.351
246.5	796.521
246.6	796.692
246.7	796.863
246.8	797.033
246.9	797.204
247	797.374
247.1	797.545
247.2	797.715
247.3	797.885
247.4	798.056
247.5	798.226
247.6	798.396
247.7	798.567
247.8	798.737
247.9	798.907
248	799.077
248.1	799.248
248.2	799.418
248.3	799.588
248.4	799.758
248.5	799.928
248.6	800.098
248.7	800.268
248.8	800.438
248.9	800.608
249	800.778
249.1	800.948
249.2	801.117
249.3	801.287
249.4	801.457
249.5	801.627
249.6	801.797
249.7	801.966
249.8	802.136
249.9	802.306
250	802.475
250.1	802.645
250.2	802.814
250.3	802.984
250.4	803.153
250.5	803.323
250.6	803.492
250.7	803.662
250.8	803.831
250.9	804.001
251	804.17
251.1	804.339
251.2	804.509
251.3	804.678
251.4	804.847
251.5	805.016
251.6	805.185
251.7	805.355
251.8	805.524
251.9	805.693
252	805.862
252.1	806.031
252.2	806.2
252.3	806.369
252.4	806.538
252.5	806.707
252.6	806.876
252.7	807.044
252.8	807.213
252.9	807.382
253	807.551
253.1	807.72
253.2	807.888
253.3	808.057
253.4	808.226
253.5	808.394
253.6	808.563
253.7	808.731
253.8	808.9
253.9	809.069
254	809.237
254.1	809.406
254.2	809.574
254.3	809.742
254.4	809.911
254.5	810.079
254.6	810.247
254.7	810.416
254.8	810.584
254.9	810.752
255	810.921
255.1	811.089
255.2	811.257
255.3	811.425
255.4	811.593
255.5	811.761
255.6	811.929
255.7	812.097
255.8	812.265
255.9	812.433
256	812.601
256.1	812.769
256.2	812.937
256.3	813.105
256.4	813.273
256.5	813.441
256.6	813.608
256.7	813.776
256.8	813.944
256.9	814.111
257	814.279
257.1	814.447
257.2	814.614
257.3	814.782
257.4	814.95
257.5	815.117
257.6	815.285
257.7	815.452
257.8	815.62
257.9	815.787
258	815.954
258.1	816.122
258.2	816.289
258.3	816.456
258.4	816.624
258.5	816.791
258.6	816.958
258.7	817.125
258.8	817.293
258.9	817.46
259	817.627
259.1	817.794
259.2	817.961
259.3	818.128
259.4	818.295
259.5	818.462
259.6	818.629
259.7	818.796
259.8	818.963
259.9	819.13
260	819.296
260.1	819.463
260.2	819.63
260.3	819.797
260.4	819.964
260.5	820.13
260.6	820.297
260.7	820.464
260.8	820.63
260.9	820.797
261	820.964
261.1	821.13
261.2	821.297
261.3	821.463
261.4	821.63
261.5	821.796
261.6	821.962
261.7	822.129
261.8	822.295
261.9	822.462
262	822.628
262.1	822.794
262.2	822.96
262.3	823.127
262.4	823.293
262.5	823.459
262.6	823.625
262.7	823.791
262.8	823.957
262.9	824.123
263	824.289
263.1	824.455
263.2	824.621
263.3	824.787
263.4	824.953
263.5	825.119
263.6	825.285
263.7	825.451
263.8	825.617
263.9	825.783
264	825.948
264.1	826.114
264.2	826.28
264.3	826.446
264.4	826.611
264.5	826.777
264.6	826.942
264.7	827.108
264.8	827.274
264.9	827.439
265	827.605
265.1	827.77
265.2	827.936
265.3	828.101
265.4	828.266
265.5	828.432
265.6	828.597
265.7	828.763
265.8	828.928
265.9	829.093
266	829.258
266.1	829.424
266.2	829.589
266.3	829.754
266.4	829.919
266.5	830.084
266.6	830.249
266.7	830.414
266.8	830.579
266.9	830.744
267	830.909
267.1	831.074
267.2	831.239
267.3	831.404
267.4	831.569
267.5	831.734
267.6	831.899
267.7	832.063
267.8	832.228
267.9	832.393
268	832.558
268.1	832.722
268.2	832.887
268.3	833.052
268.4	833.216
268.5	833.381
268.6	833.545
268.7	833.71
268.8	833.874
268.9	834.039
269	834.203
269.1	834.368
269.2	834.532
269.3	834.697
269.4	834.861
269.5	835.025
269.6	835.19
269.7	835.354
269.8	835.518
269.9	835.682
270	835.847
270.1	836.011
270.2	836.175
270.3	836.339
270.4	836.503
270.5	836.667
270.6	836.831
270.7	836.995
270.8	837.159
270.9	837.323
271	837.487
271.1	837.651
271.2	837.815
271.3	837.979
271.4	838.143
271.5	838.306
271.6	838.47
271.7	838.634
271.8	838.798
271.9	838.961
272	839.125
272.1	839.289
272.2	839.452
272.3	839.616
272.4	839.78
272.5	839.943
272.6	840.107
272.7	840.27
272.8	840.434
272.9	840.597
273	840.76
273.1	840.924
273.2	841.087
273.3	841.251
273.4	841.414
273.5	841.577
273.6	841.74
273.7	841.904
273.8	842.067
273.9	842.23
274	842.393
274.1	842.556
274.2	842.72
274.3	842.883
274.4	843.046
274.5	843.209
274.6	843.372
274.7	843.535
274.8	843.698
274.9	843.861
275	844.024
275.1	844.186
275.2	844.349
275.3	844.512
275.4	844.675
275.5	844.838
275.6	845
275.7	845.163
275.8	845.326
275.9	845.489
276	845.651
276.1	845.814
276.2	845.976
276.3	846.139
276.4	846.302
276.5	846.464
276.6	846.627
276.7	846.789
276.8	846.952
276.9	847.114
277	847.276
277.1	847.439
277.2	847.601
277.3	847.763
277.4	847.926
277.5	848.088
277.6	848.25
277.7	848.413
277.8	848.575
277.9	848.737
278	848.899
278.1	849.061
278.2	849.223
278.3	849.385
278.4	849.547
278.5	849.709
278.6	849.871
278.7	850.033
278.8	850.195
278.9	850.357
279	850.519
279.1	850.681
279.2	850.843
279.3	851.005
279.4	851.167
279.5	851.328
279.6	851.49
279.7	851.652
279.8	851.814
279.9	851.975
280	852.137
280.1	852.299
280.2	852.46
280.3	852.622
280.4	852.783
280.5	852.945
280.6	853.106
280.7	853.268
280.8	853.429
280.9	853.591
281	853.752
281.1	853.913
281.2	854.075
281.3	854.236
281.4	854.397
281.5	854.559
281.6	854.72
281.7	854.881
281.8	855.042
281.9	855.204
282	855.365
282.1	855.526
282.2	855.687
282.3	855.848
282.4	856.009
282.5	856.17
282.6	856.331
282.7	856.492
282.8	856.653
282.9	856.814
283	856.975
283.1	857.136
283.2	857.297
283.3	857.458
283.4	857.618
283.5	857.779
283.6	857.94
283.7	858.101
283.8	858.261
283.9	858.422
284	858.583
284.1	858.743
284.2	858.904
284.3	859.065
284.4	859.225
284.5	859.386
284.6	859.546
284.7	859.707
284.8	859.867
284.9	860.028
285	860.188
285.1	860.349
285.2	860.509
285.3	860.669
285.4	860.83
285.5	860.99
285.6	861.15
285.7	861.31
285.8	861.471
285.9	861.631
286	861.791
286.1	861.951
286.2	862.111
286.3	862.271
286.4	862.432
286.5	862.592
286.6	862.752
286.7	862.912
286.8	863.072
286.9	863.232
287	863.391
287.1	863.551
287.2	863.711
287.3	863.871
287.4	864.031
287.5	864.191
287.6	864.351
287.7	864.51
287.8	864.67
287.9	864.83
288	864.99
288.1	865.149
288.2	865.309
288.3	865.468
288.4	865.628
288.5	865.788
288.6	865.947
288.7	866.107
288.8	866.266
288.9	866.426
289	866.585
289.1	866.745
289.2	866.904
289.3	867.063
289.4	867.223
289.5	867.382
289.6	867.541
289.7	867.701
289.8	867.86
289.9	868.019
290	868.178
290.1	868.338
290.2	868.497
290.3	868.656
290.4	868.815
290.5	868.974
290.6	869.133
290.7	869.292
290.8	869.451
290.9	869.61
291	869.769
291.1	869.928
291.2	870.087
291.3	870.246
291.4	870.405
291.5	870.564
291.6	870.723
291.7	870.881
291.8	871.04
291.9	871.199
292	871.358
292.1	871.516
292.2	871.675
292.3	871.834
292.4	871.992
292.5	872.151
292.6	872.31
292.7	872.468
292.8	872.627
292.9	872.785
293	872.944
293.1	873.102
293.2	873.261
293.3	873.419
293.4	873.578
293.5	873.736
293.6	873.894
293.7	874.053
293.8	874.211
293.9	874.369
294	874.528
294.1	874.686
294.2	874.844
294.3	875.002
294.4	875.16
294.5	875.319
294.6	875.477
294.7	875.635
294.8	875.793
294.9	875.951
295	876.109
295.1	876.267
295.2	876.425
295.3	876.583
295.4	876.741
295.5	876.899
295.6	877.057
295.7	877.215
295.8	877.372
295.9	877.53
296	877.688
296.1	877.846
296.2	878.004
296.3	878.161
296.4	878.319
296.5	878.477
296.6	878.634
296.7	878.792
296.8	878.95
296.9	879.107
297	879.265
297.1	879.422
297.2	879.58
297.3	879.737
297.4	879.895
297.5	880.052
297.6	880.21
297.7	880.367
297.8	880.525
297.9	880.682
298	880.839
298.1	880.997
298.2	881.154
298.3	881.311
298.4	881.468
298.5	881.626
298.6	881.783
298.7	881.94
298.8	882.097
298.9	882.254
299	882.411
299.1	882.568
299.2	882.725
299.3	882.882
299.4	883.039
299.5	883.196
299.6	883.353
299.7	883.51
299.8	883.667
299.9	883.824
300	883.981
