W	Pred
1.5	608.328
1.6	582.324
1.7	559.749
1.8	539.997
1.9	522.597
2	507.176
2.1	493.432
2.2	481.124
2.3	470.052
2.4	460.051
2.5	450.984
2.6	442.736
2.7	435.21
2.8	428.322
2.9	422.002
3	416.188
3.1	410.829
3.2	405.877
3.3	401.294
3.4	397.044
3.5	393.095
3.6	389.421
3.7	385.998
3.8	382.803
3.9	379.818
4	377.026
4.1	374.411
4.2	371.959
4.3	369.658
4.4	367.497
4.5	365.464
4.6	363.552
4.7	361.751
4.8	360.054
4.9	358.454
5	356.943
5.1	355.518
5.2	354.171
5.3	352.898
5.4	351.694
5.5	350.555
5.6	349.478
5.7	348.458
5.8	347.492
5.9	346.577
6	345.71
6.1	344.889
6.2	344.111
6.3	343.373
6.4	342.674
6.5	342.011
6.6	341.383
6.7	340.787
6.8	340.223
6.9	339.687
7	339.18
7.1	338.7
7.2	338.245
7.3	337.814
7.4	337.406
7.5	337.02
7.6	336.655
7.7	336.309
7.8	335.983
7.9	335.675
8	335.384
8.1	335.11
8.2	334.852
8.3	334.609
8.4	334.38
8.5	334.165
8.6	333.964
8.7	333.775
8.8	333.599
8.9	333.434
9	333.281
9.1	333.138
9.2	333.006
9.3	332.883
9.4	332.77
9.5	332.667
9.6	332.572
9.7	332.485
9.8	332.407
9.9	332.337
10	332.274
10.1	332.218
10.2	332.169
10.3	332.127
10.4	332.092
10.5	332.062
10.6	332.039
10.7	332.022
10.8	332.01
10.9	332.003
11	332.002
11.1	332.005
11.2	332.014
11.3	332.027
11.4	332.044
11.5	332.066
11.6	332.092
11.7	332.122
11.8	332.156
11.9	332.194
12	332.235
12.1	332.28
12.2	332.329
12.3	332.38
12.4	332.435
12.5	332.493
12.6	332.553
12.7	332.617
12.8	332.683
12.9	332.752
13	332.823
13.1	332.897
13.2	332.974
13.3	333.053
13.4	333.134
13.5	333.217
13.6	333.302
13.7	333.389
13.8	333.479
13.9	333.57
14	333.663
14.1	333.758
14.2	333.854
14.3	333.952
14.4	334.052
14.5	334.153
14.6	334.256
14.7	334.361
14.8	334.466
14.9	334.573
15	334.682
15.1	334.792
15.2	334.902
15.3	335.015
15.4	335.128
15.5	335.242
15.6	335.358
15.7	335.474
15.8	335.592
15.9	335.71
16	335.83
16.1	335.95
16.2	336.071
16.3	336.193
16.4	336.316
16.5	336.44
16.6	336.564
16.7	336.689
16.8	336.815
16.9	336.942
17	337.069
17.1	337.197
17.2	337.326
17.3	337.455
17.4	337.585
17.5	337.715
17.6	337.846
17.7	337.977
17.8	338.109
17.9	338.241
18	338.374
18.1	338.507
18.2	338.641
18.3	338.775
18.4	338.909
18.5	339.044
18.6	339.179
18.7	339.314
18.8	339.45
18.9	339.586
19	339.723
19.1	339.86
19.2	339.997
19.3	340.134
19.4	340.272
19.5	340.409
19.6	340.547
19.7	340.686
19.8	340.824
19.9	340.963
20	341.102
20.1	341.241
20.2	341.38
20.3	341.519
20.4	341.659
20.5	341.799
20.6	341.938
20.7	342.078
20.8	342.218
20.9	342.358
21	342.499
21.1	342.639
21.2	342.78
21.3	342.92
21.4	343.061
21.5	343.201
21.6	343.342
21.7	343.483
21.8	343.624
21.9	343.764
22	343.905
22.1	344.046
22.2	344.187
22.3	344.328
22.4	344.469
22.5	344.61
22.6	344.751
22.7	344.892
22.8	345.033
22.9	345.174
23	345.315
23.1	345.456
23.2	345.597
23.3	345.737
23.4	345.878
23.5	346.019
23.6	346.16
23.7	346.3
23.8	346.441
23.9	346.582
24	346.722
24.1	346.863
24.2	347.003
24.3	347.143
24.4	347.284
24.5	347.424
24.6	347.564
24.7	347.704
24.8	347.844
24.9	347.984
25	348.124
25.1	348.263
25.2	348.403
25.3	348.542
25.4	348.682
25.5	348.821
25.6	348.96
25.7	349.099
25.8	349.238
25.9	349.377
26	349.516
26.1	349.654
26.2	349.793
26.3	349.931
26.4	350.07
26.5	350.208
26.6	350.346
26.7	350.484
26.8	350.622
26.9	350.759
27	350.897
27.1	351.034
27.2	351.171
27.3	351.309
27.4	351.446
27.5	351.583
27.6	351.719
27.7	351.856
27.8	351.992
27.9	352.129
28	352.265
28.1	352.401
28.2	352.537
28.3	352.672
28.4	352.808
28.5	352.943
28.6	353.079
28.7	353.214
28.8	353.349
28.9	353.484
29	353.618
29.1	353.753
29.2	353.887
29.3	354.022
29.4	354.156
29.5	354.29
29.6	354.423
29.7	354.557
29.8	354.691
29.9	354.824
30	354.957
30.1	355.09
30.2	355.223
30.3	355.355
30.4	355.488
30.5	355.62
30.6	355.752
30.7	355.884
30.8	356.016
30.9	356.148
31	356.28
31.1	356.411
31.2	356.542
31.3	356.673
31.4	356.804
31.5	356.935
31.6	357.065
31.7	357.196
31.8	357.326
31.9	357.456
32	357.586
32.1	357.715
32.2	357.845
32.3	357.974
32.4	358.104
32.5	358.233
32.6	358.362
32.7	358.49
32.8	358.619
32.9	358.747
33	358.875
33.1	359.003
33.2	359.131
33.3	359.259
33.4	359.386
33.5	359.514
33.6	359.641
33.7	359.768
33.8	359.895
33.9	360.022
34	360.148
34.1	360.275
34.2	360.401
34.3	360.527
34.4	360.653
34.5	360.778
34.6	360.904
34.7	361.029
34.8	361.154
34.9	361.279
35	361.404
35.1	361.529
35.2	361.653
35.3	361.778
35.4	361.902
35.5	362.026
35.6	362.15
35.7	362.273
35.8	362.397
35.9	362.52
36	362.643
36.1	362.766
36.2	362.889
36.3	363.012
36.4	363.134
36.5	363.257
36.6	363.379
36.7	363.501
36.8	363.623
36.9	363.744
37	363.866
37.1	363.987
37.2	364.108
37.3	364.229
37.4	364.35
37.5	364.471
37.6	364.591
37.7	364.712
37.8	364.832
37.9	364.952
38	365.072
38.1	365.191
38.2	365.311
38.3	365.43
38.4	365.55
38.5	365.669
38.6	365.787
38.7	365.906
38.8	366.025
38.9	366.143
39	366.261
39.1	366.379
39.2	366.497
39.3	366.615
39.4	366.733
39.5	366.85
39.6	366.967
39.7	367.085
39.8	367.202
39.9	367.318
40	367.435
40.1	367.551
40.2	367.668
40.3	367.784
40.4	367.9
40.5	368.016
40.6	368.131
40.7	368.247
40.8	368.362
40.9	368.478
41	368.593
41.1	368.708
41.2	368.822
41.3	368.937
41.4	369.051
41.5	369.166
41.6	369.28
41.7	369.394
41.8	369.508
41.9	369.621
42	369.735
42.1	369.848
42.2	369.961
42.3	370.074
42.4	370.187
42.5	370.3
42.6	370.413
42.7	370.525
42.8	370.638
42.9	370.75
43	370.862
43.1	370.974
43.2	371.085
43.3	371.197
43.4	371.308
43.5	371.419
43.6	371.531
43.7	371.642
43.8	371.752
43.9	371.863
44	371.974
44.1	372.084
44.2	372.194
44.3	372.304
44.4	372.414
44.5	372.524
44.6	372.634
44.7	372.743
44.8	372.852
44.9	372.962
45	373.071
45.1	373.18
45.2	373.288
45.3	373.397
45.4	373.506
45.5	373.614
45.6	373.722
45.7	373.83
45.8	373.938
45.9	374.046
46	374.154
46.1	374.261
46.2	374.368
46.3	374.476
46.4	374.583
46.5	374.69
46.6	374.796
46.7	374.903
46.8	375.01
46.9	375.116
47	375.222
47.1	375.328
47.2	375.434
47.3	375.54
47.4	375.646
47.5	375.751
47.6	375.857
47.7	375.962
47.8	376.067
47.9	376.172
48	376.277
48.1	376.382
48.2	376.487
48.3	376.591
48.4	376.695
48.5	376.8
48.6	376.904
48.7	377.008
48.8	377.112
48.9	377.215
49	377.319
49.1	377.422
49.2	377.525
49.3	377.629
49.4	377.732
49.5	377.835
49.6	377.937
49.7	378.04
49.8	378.142
49.9	378.245
50	378.347
50.1	378.449
50.2	378.551
50.3	378.653
50.4	378.755
50.5	378.856
50.6	378.958
50.7	379.059
50.8	379.16
50.9	379.262
51	379.362
51.1	379.463
51.2	379.564
51.3	379.665
51.4	379.765
51.5	379.865
51.6	379.966
51.7	380.066
51.8	380.166
51.9	380.266
52	380.365
52.1	380.465
52.2	380.564
52.3	380.664
52.4	380.763
52.5	380.862
52.6	380.961
52.7	381.06
52.8	381.159
52.9	381.257
53	381.356
53.1	381.454
53.2	381.552
53.3	381.651
53.4	381.749
53.5	381.847
53.6	381.944
53.7	382.042
53.8	382.14
53.9	382.237
54	382.334
54.1	382.432
54.2	382.529
54.3	382.626
54.4	382.722
54.5	382.819
54.6	382.916
54.7	383.012
54.8	383.109
54.9	383.205
55	383.301
55.1	383.397
55.2	383.493
55.3	383.589
55.4	383.684
55.5	383.78
55.6	383.876
55.7	383.971
55.8	384.066
55.9	384.161
56	384.256
56.1	384.351
56.2	384.446
56.3	384.541
56.4	384.635
56.5	384.73
56.6	384.824
56.7	384.918
56.8	385.012
56.9	385.106
57	385.2
57.1	385.294
57.2	385.388
57.3	385.481
57.4	385.575
57.5	385.668
57.6	385.761
57.7	385.854
57.8	385.947
57.9	386.04
58	386.133
58.1	386.226
58.2	386.318
58.3	386.411
58.4	386.503
58.5	386.596
58.6	386.688
58.7	386.78
58.8	386.872
58.9	386.964
59	387.055
59.1	387.147
59.2	387.239
59.3	387.33
59.4	387.421
59.5	387.513
59.6	387.604
59.7	387.695
59.8	387.786
59.9	387.876
60	387.967
60.1	388.058
60.2	388.148
60.3	388.239
60.4	388.329
60.5	388.419
60.6	388.509
60.7	388.599
60.8	388.689
60.9	388.779
61	388.868
61.1	388.958
61.2	389.048
61.3	389.137
61.4	389.226
61.5	389.315
61.6	389.405
61.7	389.494
61.8	389.582
61.9	389.671
62	389.76
62.1	389.848
62.2	389.937
62.3	390.025
62.4	390.114
62.5	390.202
62.6	390.29
62.7	390.378
62.8	390.466
62.9	390.554
63	390.641
63.1	390.729
63.2	390.817
63.3	390.904
63.4	390.991
63.5	391.079
63.6	391.166
63.7	391.253
63.8	391.34
63.9	391.427
64	391.513
64.1	391.6
64.2	391.687
64.3	391.773
64.4	391.859
64.5	391.946
64.6	392.032
64.7	392.118
64.8	392.204
64.9	392.29
65	392.376
65.1	392.462
65.2	392.547
65.3	392.633
65.4	392.718
65.5	392.804
65.6	392.889
65.7	392.974
65.8	393.059
65.9	393.144
66	393.229
66.1	393.314
66.2	393.399
66.3	393.483
66.4	393.568
66.5	393.652
66.6	393.737
66.7	393.821
66.8	393.905
66.9	393.989
67	394.073
67.1	394.157
67.2	394.241
67.3	394.325
67.4	394.409
67.5	394.492
67.6	394.576
67.7	394.659
67.8	394.742
67.9	394.826
68	394.909
68.1	394.992
68.2	395.075
68.3	395.158
68.4	395.241
68.5	395.323
68.6	395.406
68.7	395.489
68.8	395.571
68.9	395.653
69	395.736
69.1	395.818
69.2	395.9
69.3	395.982
69.4	396.064
69.5	396.146
69.6	396.228
69.7	396.309
69.8	396.391
69.9	396.473
70	396.554
70.1	396.635
70.2	396.717
70.3	396.798
70.4	396.879
70.5	396.96
70.6	397.041
70.7	397.122
70.8	397.203
70.9	397.283
71	397.364
71.1	397.445
71.2	397.525
71.3	397.606
71.4	397.686
71.5	397.766
71.6	397.846
71.7	397.926
71.8	398.006
71.9	398.086
72	398.166
72.1	398.246
72.2	398.326
72.3	398.405
72.4	398.485
72.5	398.564
72.6	398.643
72.7	398.723
72.8	398.802
72.9	398.881
73	398.96
73.1	399.039
73.2	399.118
73.3	399.197
73.4	399.276
73.5	399.354
73.6	399.433
73.7	399.511
73.8	399.59
73.9	399.668
74	399.746
74.1	399.825
74.2	399.903
74.3	399.981
74.4	400.059
74.5	400.137
74.6	400.214
74.7	400.292
74.8	400.37
74.9	400.447
75	400.525
75.1	400.602
75.2	400.68
75.3	400.757
75.4	400.834
75.5	400.911
75.6	400.988
75.7	401.065
75.8	401.142
75.9	401.219
76	401.296
76.1	401.373
76.2	401.449
76.3	401.526
76.4	401.602
76.5	401.679
76.6	401.755
76.7	401.831
76.8	401.908
76.9	401.984
77	402.06
77.1	402.136
77.2	402.212
77.3	402.288
77.4	402.363
77.5	402.439
77.6	402.515
77.7	402.59
77.8	402.666
77.9	402.741
78	402.816
78.1	402.892
78.2	402.967
78.3	403.042
78.4	403.117
78.5	403.192
78.6	403.267
78.7	403.342
78.8	403.417
78.9	403.491
79	403.566
79.1	403.64
79.2	403.715
79.3	403.789
79.4	403.864
79.5	403.938
79.6	404.012
79.7	404.086
79.8	404.161
79.9	404.235
80	404.309
80.1	404.382
80.2	404.456
80.3	404.53
80.4	404.604
80.5	404.677
80.6	404.751
80.7	404.824
80.8	404.898
80.9	404.971
81	405.044
81.1	405.118
81.2	405.191
81.3	405.264
81.4	405.337
81.5	405.41
81.6	405.483
81.7	405.555
81.8	405.628
81.9	405.701
82	405.773
82.1	405.846
82.2	405.919
82.3	405.991
82.4	406.063
82.5	406.136
82.6	406.208
82.7	406.28
82.8	406.352
82.9	406.424
83	406.496
83.1	406.568
83.2	406.64
83.3	406.712
83.4	406.783
83.5	406.855
83.6	406.927
83.7	406.998
83.8	407.07
83.9	407.141
84	407.212
84.1	407.284
84.2	407.355
84.3	407.426
84.4	407.497
84.5	407.568
84.6	407.639
84.7	407.71
84.8	407.781
84.9	407.852
85	407.922
85.1	407.993
85.2	408.064
85.3	408.134
85.4	408.205
85.5	408.275
85.6	408.345
85.7	408.416
85.8	408.486
85.9	408.556
86	408.626
86.1	408.696
86.2	408.766
86.3	408.836
86.4	408.906
86.5	408.976
86.6	409.045
86.7	409.115
86.8	409.185
86.9	409.254
87	409.324
87.1	409.393
87.2	409.463
87.3	409.532
87.4	409.601
87.5	409.67
87.6	409.739
87.7	409.809
87.8	409.878
87.9	409.947
88	410.015
88.1	410.084
88.2	410.153
88.3	410.222
88.4	410.29
88.5	410.359
88.6	410.428
88.7	410.496
88.8	410.565
88.9	410.633
89	410.701
89.1	410.77
89.2	410.838
89.3	410.906
89.4	410.974
89.5	411.042
89.6	411.11
89.7	411.178
89.8	411.246
89.9	411.314
90	411.381
90.1	411.449
90.2	411.517
90.3	411.584
90.4	411.652
90.5	411.719
90.6	411.787
90.7	411.854
90.8	411.921
90.9	411.989
91	412.056
91.1	412.123
91.2	412.19
91.3	412.257
91.4	412.324
91.5	412.391
91.6	412.458
91.7	412.525
91.8	412.591
91.9	412.658
92	412.725
92.1	412.791
92.2	412.858
92.3	412.924
92.4	412.991
92.5	413.057
92.6	413.124
92.7	413.19
92.8	413.256
92.9	413.322
93	413.388
93.1	413.454
93.2	413.52
93.3	413.586
93.4	413.652
93.5	413.718
93.6	413.784
93.7	413.85
93.8	413.915
93.9	413.981
94	414.046
94.1	414.112
94.2	414.177
94.3	414.243
94.4	414.308
94.5	414.374
94.6	414.439
94.7	414.504
94.8	414.569
94.9	414.634
95	414.699
95.1	414.764
95.2	414.829
95.3	414.894
95.4	414.959
95.5	415.024
95.6	415.088
95.7	415.153
95.8	415.218
95.9	415.282
96	415.347
96.1	415.411
96.2	415.476
96.3	415.54
96.4	415.605
96.5	415.669
96.6	415.733
96.7	415.797
96.8	415.861
96.9	415.925
97	415.99
97.1	416.053
97.2	416.117
97.3	416.181
97.4	416.245
97.5	416.309
97.6	416.373
97.7	416.436
97.8	416.5
97.9	416.564
98	416.627
98.1	416.691
98.2	416.754
98.3	416.817
98.4	416.881
98.5	416.944
98.6	417.007
98.7	417.07
98.8	417.134
98.9	417.197
99	417.26
99.1	417.323
99.2	417.386
99.3	417.449
99.4	417.511
99.5	417.574
99.6	417.637
99.7	417.7
99.8	417.762
99.9	417.825
100	417.887
100.1	417.95
100.2	418.012
100.3	418.075
100.4	418.137
100.5	418.2
100.6	418.262
100.7	418.324
100.8	418.386
100.9	418.448
101	418.51
101.1	418.573
101.2	418.635
101.3	418.696
101.4	418.758
101.5	418.82
101.6	418.882
101.7	418.944
101.8	419.006
101.9	419.067
102	419.129
102.1	419.19
102.2	419.252
102.3	419.313
102.4	419.375
102.5	419.436
102.6	419.498
102.7	419.559
102.8	419.62
102.9	419.681
103	419.743
103.1	419.804
103.2	419.865
103.3	419.926
103.4	419.987
103.5	420.048
103.6	420.109
103.7	420.169
103.8	420.23
103.9	420.291
104	420.352
104.1	420.412
104.2	420.473
104.3	420.534
104.4	420.594
104.5	420.655
104.6	420.715
104.7	420.775
104.8	420.836
104.9	420.896
105	420.956
105.1	421.017
105.2	421.077
105.3	421.137
105.4	421.197
105.5	421.257
105.6	421.317
105.7	421.377
105.8	421.437
105.9	421.497
106	421.557
106.1	421.616
106.2	421.676
106.3	421.736
106.4	421.796
106.5	421.855
106.6	421.915
106.7	421.974
106.8	422.034
106.9	422.093
107	422.153
107.1	422.212
107.2	422.271
107.3	422.331
107.4	422.39
107.5	422.449
107.6	422.508
107.7	422.567
107.8	422.626
107.9	422.685
108	422.744
108.1	422.803
108.2	422.862
108.3	422.921
108.4	422.98
108.5	423.038
108.6	423.097
108.7	423.156
108.8	423.215
108.9	423.273
109	423.332
109.1	423.39
109.2	423.449
109.3	423.507
109.4	423.566
109.5	423.624
109.6	423.682
109.7	423.74
109.8	423.799
109.9	423.857
110	423.915
110.1	423.973
110.2	424.031
110.3	424.089
110.4	424.147
110.5	424.205
110.6	424.263
110.7	424.321
110.8	424.379
110.9	424.437
111	424.494
111.1	424.552
111.2	424.61
111.3	424.667
111.4	424.725
111.5	424.782
111.6	424.84
111.7	424.897
111.8	424.955
111.9	425.012
112	425.069
112.1	425.127
112.2	425.184
112.3	425.241
112.4	425.298
112.5	425.356
112.6	425.413
112.7	425.47
112.8	425.527
112.9	425.584
113	425.641
113.1	425.698
113.2	425.755
113.3	425.811
113.4	425.868
113.5	425.925
113.6	425.982
113.7	426.038
113.8	426.095
113.9	426.152
114	426.208
114.1	426.265
114.2	426.321
114.3	426.378
114.4	426.434
114.5	426.49
114.6	426.547
114.7	426.603
114.8	426.659
114.9	426.715
115	426.772
115.1	426.828
115.2	426.884
115.3	426.94
115.4	426.996
115.5	427.052
115.6	427.108
115.7	427.164
115.8	427.22
115.9	427.276
116	427.331
116.1	427.387
116.2	427.443
116.3	427.499
116.4	427.554
116.5	427.61
116.6	427.665
116.7	427.721
116.8	427.776
116.9	427.832
117	427.887
117.1	427.943
117.2	427.998
117.3	428.053
117.4	428.109
117.5	428.164
117.6	428.219
117.7	428.274
117.8	428.329
117.9	428.385
118	428.44
118.1	428.495
118.2	428.55
118.3	428.605
118.4	428.66
118.5	428.714
118.6	428.769
118.7	428.824
118.8	428.879
118.9	428.934
119	428.988
119.1	429.043
119.2	429.098
119.3	429.152
119.4	429.207
119.5	429.261
119.6	429.316
119.7	429.37
119.8	429.425
119.9	429.479
120	429.533
120.1	429.588
120.2	429.642
120.3	429.696
120.4	429.75
120.5	429.805
120.6	429.859
120.7	429.913
120.8	429.967
120.9	430.021
121	430.075
121.1	430.129
121.2	430.183
121.3	430.237
121.4	430.291
121.5	430.344
121.6	430.398
121.7	430.452
121.8	430.506
121.9	430.559
122	430.613
122.1	430.667
122.2	430.72
122.3	430.774
122.4	430.827
122.5	430.881
122.6	430.934
122.7	430.988
122.8	431.041
122.9	431.094
123	431.148
123.1	431.201
123.2	431.254
123.3	431.307
123.4	431.361
123.5	431.414
123.6	431.467
123.7	431.52
123.8	431.573
123.9	431.626
124	431.679
124.1	431.732
124.2	431.785
124.3	431.838
124.4	431.89
124.5	431.943
124.6	431.996
124.7	432.049
124.8	432.101
124.9	432.154
125	432.207
125.1	432.259
125.2	432.312
125.3	432.365
125.4	432.417
125.5	432.47
125.6	432.522
125.7	432.574
125.8	432.627
125.9	432.679
126	432.731
126.1	432.784
126.2	432.836
126.3	432.888
126.4	432.94
126.5	432.992
126.6	433.045
126.7	433.097
126.8	433.149
126.9	433.201
127	433.253
127.1	433.305
127.2	433.357
127.3	433.409
127.4	433.46
127.5	433.512
127.6	433.564
127.7	433.616
127.8	433.668
127.9	433.719
128	433.771
128.1	433.823
128.2	433.874
128.3	433.926
128.4	433.977
128.5	434.029
128.6	434.08
128.7	434.132
128.8	434.183
128.9	434.235
129	434.286
129.1	434.337
129.2	434.389
129.3	434.44
129.4	434.491
129.5	434.542
129.6	434.593
129.7	434.645
129.8	434.696
129.9	434.747
130	434.798
130.1	434.849
130.2	434.9
130.3	434.951
130.4	435.002
130.5	435.053
130.6	435.103
130.7	435.154
130.8	435.205
130.9	435.256
131	435.307
131.1	435.357
131.2	435.408
131.3	435.459
131.4	435.509
131.5	435.56
131.6	435.61
131.7	435.661
131.8	435.711
131.9	435.762
132	435.812
132.1	435.863
132.2	435.913
132.3	435.963
132.4	436.014
132.5	436.064
132.6	436.114
132.7	436.164
132.8	436.215
132.9	436.265
133	436.315
133.1	436.365
133.2	436.415
133.3	436.465
133.4	436.515
133.5	436.565
133.6	436.615
133.7	436.665
133.8	436.715
133.9	436.765
134	436.815
134.1	436.865
134.2	436.914
134.3	436.964
134.4	437.014
134.5	437.064
134.6	437.113
134.7	437.163
134.8	437.212
134.9	437.262
135	437.312
135.1	437.361
135.2	437.411
135.3	437.46
135.4	437.509
135.5	437.559
135.6	437.608
135.7	437.658
135.8	437.707
135.9	437.756
136	437.805
136.1	437.855
136.2	437.904
136.3	437.953
136.4	438.002
136.5	438.051
136.6	438.1
136.7	438.15
136.8	438.199
136.9	438.248
137	438.297
137.1	438.346
137.2	438.394
137.3	438.443
137.4	438.492
137.5	438.541
137.6	438.59
137.7	438.639
137.8	438.687
137.9	438.736
138	438.785
138.1	438.833
138.2	438.882
138.3	438.931
138.4	438.979
138.5	439.028
138.6	439.076
138.7	439.125
138.8	439.173
138.9	439.222
139	439.27
139.1	439.319
139.2	439.367
139.3	439.415
139.4	439.464
139.5	439.512
139.6	439.56
139.7	439.608
139.8	439.657
139.9	439.705
140	439.753
140.1	439.801
140.2	439.849
140.3	439.897
140.4	439.945
140.5	439.993
140.6	440.041
140.7	440.089
140.8	440.137
140.9	440.185
141	440.233
141.1	440.281
141.2	440.329
141.3	440.376
141.4	440.424
141.5	440.472
141.6	440.52
141.7	440.567
141.8	440.615
141.9	440.663
142	440.71
142.1	440.758
142.2	440.805
142.3	440.853
142.4	440.9
142.5	440.948
142.6	440.995
142.7	441.043
142.8	441.09
142.9	441.138
143	441.185
143.1	441.232
143.2	441.279
143.3	441.327
143.4	441.374
143.5	441.421
143.6	441.468
143.7	441.516
143.8	441.563
143.9	441.61
144	441.657
144.1	441.704
144.2	441.751
144.3	441.798
144.4	441.845
144.5	441.892
144.6	441.939
144.7	441.986
144.8	442.033
144.9	442.079
145	442.126
145.1	442.173
145.2	442.22
145.3	442.267
145.4	442.313
145.5	442.36
145.6	442.407
145.7	442.453
145.8	442.5
145.9	442.547
146	442.593
146.1	442.64
146.2	442.686
146.3	442.733
146.4	442.779
146.5	442.826
146.6	442.872
146.7	442.918
146.8	442.965
146.9	443.011
147	443.058
147.1	443.104
147.2	443.15
147.3	443.196
147.4	443.243
147.5	443.289
147.6	443.335
147.7	443.381
147.8	443.427
147.9	443.473
148	443.519
148.1	443.565
148.2	443.611
148.3	443.657
148.4	443.703
148.5	443.749
148.6	443.795
148.7	443.841
148.8	443.887
148.9	443.933
149	443.979
149.1	444.025
149.2	444.07
149.3	444.116
149.4	444.162
149.5	444.207
149.6	444.253
149.7	444.299
149.8	444.344
149.9	444.39
150	444.436
150.1	444.481
150.2	444.527
150.3	444.572
150.4	444.618
150.5	444.663
150.6	444.709
150.7	444.754
150.8	444.799
150.9	444.845
151	444.89
151.1	444.935
151.2	444.981
151.3	445.026
151.4	445.071
151.5	445.116
151.6	445.162
151.7	445.207
151.8	445.252
151.9	445.297
152	445.342
152.1	445.387
152.2	445.432
152.3	445.477
152.4	445.522
152.5	445.567
152.6	445.612
152.7	445.657
152.8	445.702
152.9	445.747
153	445.792
153.1	445.837
153.2	445.882
153.3	445.926
153.4	445.971
153.5	446.016
153.6	446.061
153.7	446.105
153.8	446.15
153.9	446.195
154	446.239
154.1	446.284
154.2	446.329
154.3	446.373
154.4	446.418
154.5	446.462
154.6	446.507
154.7	446.551
154.8	446.596
154.9	446.64
155	446.684
155.1	446.729
155.2	446.773
155.3	446.818
155.4	446.862
155.5	446.906
155.6	446.95
155.7	446.995
155.8	447.039
155.9	447.083
156	447.127
156.1	447.171
156.2	447.216
156.3	447.26
156.4	447.304
156.5	447.348
156.6	447.392
156.7	447.436
156.8	447.48
156.9	447.524
157	447.568
157.1	447.612
157.2	447.656
157.3	447.7
157.4	447.743
157.5	447.787
157.6	447.831
157.7	447.875
157.8	447.919
157.9	447.962
158	448.006
158.1	448.05
158.2	448.094
158.3	448.137
158.4	448.181
158.5	448.224
158.6	448.268
158.7	448.312
158.8	448.355
158.9	448.399
159	448.442
159.1	448.486
159.2	448.529
159.3	448.573
159.4	448.616
159.5	448.659
159.6	448.703
159.7	448.746
159.8	448.79
159.9	448.833
160	448.876
160.1	448.919
160.2	448.963
160.3	449.006
160.4	449.049
160.5	449.092
160.6	449.135
160.7	449.179
160.8	449.222
160.9	449.265
161	449.308
161.1	449.351
161.2	449.394
161.3	449.437
161.4	449.48
161.5	449.523
161.6	449.566
161.7	449.609
161.8	449.652
161.9	449.695
162	449.738
162.1	449.78
162.2	449.823
162.3	449.866
162.4	449.909
162.5	449.952
162.6	449.994
162.7	450.037
162.8	450.08
162.9	450.122
163	450.165
163.1	450.208
163.2	450.25
163.3	450.293
163.4	450.335
163.5	450.378
163.6	450.421
163.7	450.463
163.8	450.506
163.9	450.548
164	450.59
164.1	450.633
164.2	450.675
164.3	450.718
164.4	450.76
164.5	450.802
164.6	450.845
164.7	450.887
164.8	450.929
164.9	450.972
165	451.014
165.1	451.056
165.2	451.098
165.3	451.14
165.4	451.183
165.5	451.225
165.6	451.267
165.7	451.309
165.8	451.351
165.9	451.393
166	451.435
166.1	451.477
166.2	451.519
166.3	451.561
166.4	451.603
166.5	451.645
166.6	451.687
166.7	451.729
166.8	451.771
166.9	451.813
167	451.854
167.1	451.896
167.2	451.938
167.3	451.98
167.4	452.021
167.5	452.063
167.6	452.105
167.7	452.147
167.8	452.188
167.9	452.23
168	452.272
168.1	452.313
168.2	452.355
168.3	452.396
168.4	452.438
168.5	452.479
168.6	452.521
168.7	452.563
168.8	452.604
168.9	452.645
169	452.687
169.1	452.728
169.2	452.77
169.3	452.811
169.4	452.852
169.5	452.894
169.6	452.935
169.7	452.976
169.8	453.018
169.9	453.059
170	453.1
170.1	453.141
170.2	453.183
170.3	453.224
170.4	453.265
170.5	453.306
170.6	453.347
170.7	453.388
170.8	453.429
170.9	453.47
171	453.512
171.1	453.553
171.2	453.594
171.3	453.635
171.4	453.676
171.5	453.716
171.6	453.757
171.7	453.798
171.8	453.839
171.9	453.88
172	453.921
172.1	453.962
172.2	454.003
172.3	454.043
172.4	454.084
172.5	454.125
172.6	454.166
172.7	454.206
172.8	454.247
172.9	454.288
173	454.328
173.1	454.369
173.2	454.41
173.3	454.45
173.4	454.491
173.5	454.532
173.6	454.572
173.7	454.613
173.8	454.653
173.9	454.694
174	454.734
174.1	454.775
174.2	454.815
174.3	454.855
174.4	454.896
174.5	454.936
174.6	454.977
174.7	455.017
174.8	455.057
174.9	455.098
175	455.138
175.1	455.178
175.2	455.218
175.3	455.259
175.4	455.299
175.5	455.339
175.6	455.379
175.7	455.419
175.8	455.46
175.9	455.5
176	455.54
176.1	455.58
176.2	455.62
176.3	455.66
176.4	455.7
176.5	455.74
176.6	455.78
176.7	455.82
176.8	455.86
176.9	455.9
177	455.94
177.1	455.98
177.2	456.02
177.3	456.06
177.4	456.099
177.5	456.139
177.6	456.179
177.7	456.219
177.8	456.259
177.9	456.298
178	456.338
178.1	456.378
178.2	456.418
178.3	456.457
178.4	456.497
178.5	456.537
178.6	456.576
178.7	456.616
178.8	456.655
178.9	456.695
179	456.735
179.1	456.774
179.2	456.814
179.3	456.853
179.4	456.893
179.5	456.932
179.6	456.972
179.7	457.011
179.8	457.05
179.9	457.09
180	457.129
180.1	457.169
180.2	457.208
180.3	457.247
180.4	457.287
180.5	457.326
180.6	457.365
180.7	457.405
180.8	457.444
180.9	457.483
181	457.522
181.1	457.561
181.2	457.601
181.3	457.64
181.4	457.679
181.5	457.718
181.6	457.757
181.7	457.796
181.8	457.835
181.9	457.874
182	457.913
182.1	457.952
182.2	457.991
182.3	458.03
182.4	458.069
182.5	458.108
182.6	458.147
182.7	458.186
182.8	458.225
182.9	458.264
183	458.303
183.1	458.342
183.2	458.381
183.3	458.419
183.4	458.458
183.5	458.497
183.6	458.536
183.7	458.574
183.8	458.613
183.9	458.652
184	458.691
184.1	458.729
184.2	458.768
184.3	458.807
184.4	458.845
184.5	458.884
184.6	458.922
184.7	458.961
184.8	459
184.9	459.038
185	459.077
185.1	459.115
185.2	459.154
185.3	459.192
185.4	459.231
185.5	459.269
185.6	459.307
185.7	459.346
185.8	459.384
185.9	459.423
186	459.461
186.1	459.499
186.2	459.538
186.3	459.576
186.4	459.614
186.5	459.653
186.6	459.691
186.7	459.729
186.8	459.767
186.9	459.806
187	459.844
187.1	459.882
187.2	459.92
187.3	459.958
187.4	459.996
187.5	460.034
187.6	460.073
187.7	460.111
187.8	460.149
187.9	460.187
188	460.225
188.1	460.263
188.2	460.301
188.3	460.339
188.4	460.377
188.5	460.415
188.6	460.453
188.7	460.491
188.8	460.528
188.9	460.566
189	460.604
189.1	460.642
189.2	460.68
189.3	460.718
189.4	460.756
189.5	460.793
189.6	460.831
189.7	460.869
189.8	460.907
189.9	460.944
190	460.982
190.1	461.02
190.2	461.057
190.3	461.095
190.4	461.133
190.5	461.17
190.6	461.208
190.7	461.246
190.8	461.283
190.9	461.321
191	461.358
191.1	461.396
191.2	461.433
191.3	461.471
191.4	461.508
191.5	461.546
191.6	461.583
191.7	461.621
191.8	461.658
191.9	461.695
192	461.733
192.1	461.77
192.2	461.808
192.3	461.845
192.4	461.882
192.5	461.92
192.6	461.957
192.7	461.994
192.8	462.031
192.9	462.069
193	462.106
193.1	462.143
193.2	462.18
193.3	462.217
193.4	462.255
193.5	462.292
193.6	462.329
193.7	462.366
193.8	462.403
193.9	462.44
194	462.477
194.1	462.514
194.2	462.551
194.3	462.589
194.4	462.626
194.5	462.663
194.6	462.7
194.7	462.736
194.8	462.773
194.9	462.81
195	462.847
195.1	462.884
195.2	462.921
195.3	462.958
195.4	462.995
195.5	463.032
195.6	463.069
195.7	463.105
195.8	463.142
195.9	463.179
196	463.216
196.1	463.252
196.2	463.289
196.3	463.326
196.4	463.363
196.5	463.399
196.6	463.436
196.7	463.473
196.8	463.509
196.9	463.546
197	463.583
197.1	463.619
197.2	463.656
197.3	463.692
197.4	463.729
197.5	463.765
197.6	463.802
197.7	463.839
197.8	463.875
197.9	463.912
198	463.948
198.1	463.984
198.2	464.021
198.3	464.057
198.4	464.094
198.5	464.13
198.6	464.167
198.7	464.203
198.8	464.239
198.9	464.276
199	464.312
199.1	464.348
199.2	464.384
199.3	464.421
199.4	464.457
199.5	464.493
199.6	464.53
199.7	464.566
199.8	464.602
199.9	464.638
200	464.674
200.1	464.71
200.2	464.747
200.3	464.783
200.4	464.819
200.5	464.855
200.6	464.891
200.7	464.927
200.8	464.963
200.9	464.999
201	465.035
201.1	465.071
201.2	465.107
201.3	465.143
201.4	465.179
201.5	465.215
201.6	465.251
201.7	465.287
201.8	465.323
201.9	465.359
202	465.395
202.1	465.431
202.2	465.466
202.3	465.502
202.4	465.538
202.5	465.574
202.6	465.61
202.7	465.646
202.8	465.681
202.9	465.717
203	465.753
203.1	465.789
203.2	465.824
203.3	465.86
203.4	465.896
203.5	465.931
203.6	465.967
203.7	466.003
203.8	466.038
203.9	466.074
204	466.109
204.1	466.145
204.2	466.181
204.3	466.216
204.4	466.252
204.5	466.287
204.6	466.323
204.7	466.358
204.8	466.394
204.9	466.429
205	466.465
205.1	466.5
205.2	466.536
205.3	466.571
205.4	466.606
205.5	466.642
205.6	466.677
205.7	466.712
205.8	466.748
205.9	466.783
206	466.818
206.1	466.854
206.2	466.889
206.3	466.924
206.4	466.96
206.5	466.995
206.6	467.03
206.7	467.065
206.8	467.101
206.9	467.136
207	467.171
207.1	467.206
207.2	467.241
207.3	467.276
207.4	467.312
207.5	467.347
207.6	467.382
207.7	467.417
207.8	467.452
207.9	467.487
208	467.522
208.1	467.557
208.2	467.592
208.3	467.627
208.4	467.662
208.5	467.697
208.6	467.732
208.7	467.767
208.8	467.802
208.9	467.837
209	467.872
209.1	467.907
209.2	467.941
209.3	467.976
209.4	468.011
209.5	468.046
209.6	468.081
209.7	468.116
209.8	468.15
209.9	468.185
210	468.22
210.1	468.255
210.2	468.289
210.3	468.324
210.4	468.359
210.5	468.394
210.6	468.428
210.7	468.463
210.8	468.498
210.9	468.532
211	468.567
211.1	468.602
211.2	468.636
211.3	468.671
211.4	468.705
211.5	468.74
211.6	468.775
211.7	468.809
211.8	468.844
211.9	468.878
212	468.913
212.1	468.947
212.2	468.982
212.3	469.016
212.4	469.051
212.5	469.085
212.6	469.119
212.7	469.154
212.8	469.188
212.9	469.223
213	469.257
213.1	469.291
213.2	469.326
213.3	469.36
213.4	469.394
213.5	469.429
213.6	469.463
213.7	469.497
213.8	469.531
213.9	469.566
214	469.6
214.1	469.634
214.2	469.668
214.3	469.703
214.4	469.737
214.5	469.771
214.6	469.805
214.7	469.839
214.8	469.873
214.9	469.908
215	469.942
215.1	469.976
215.2	470.01
215.3	470.044
215.4	470.078
215.5	470.112
215.6	470.146
215.7	470.18
215.8	470.214
215.9	470.248
216	470.282
216.1	470.316
216.2	470.35
216.3	470.384
216.4	470.418
216.5	470.452
216.6	470.486
216.7	470.52
216.8	470.554
216.9	470.587
217	470.621
217.1	470.655
217.2	470.689
217.3	470.723
217.4	470.757
217.5	470.79
217.6	470.824
217.7	470.858
217.8	470.892
217.9	470.925
218	470.959
218.1	470.993
218.2	471.027
218.3	471.06
218.4	471.094
218.5	471.128
218.6	471.161
218.7	471.195
218.8	471.229
218.9	471.262
219	471.296
219.1	471.329
219.2	471.363
219.3	471.397
219.4	471.43
219.5	471.464
219.6	471.497
219.7	471.531
219.8	471.564
219.9	471.598
220	471.631
220.1	471.665
220.2	471.698
220.3	471.732
220.4	471.765
220.5	471.798
220.6	471.832
220.7	471.865
220.8	471.899
220.9	471.932
221	471.965
221.1	471.999
221.2	472.032
221.3	472.065
221.4	472.099
221.5	472.132
221.6	472.165
221.7	472.198
221.8	472.232
221.9	472.265
222	472.298
222.1	472.331
222.2	472.365
222.3	472.398
222.4	472.431
222.5	472.464
222.6	472.497
222.7	472.531
222.8	472.564
222.9	472.597
223	472.63
223.1	472.663
223.2	472.696
223.3	472.729
223.4	472.762
223.5	472.795
223.6	472.828
223.7	472.861
223.8	472.894
223.9	472.927
224	472.96
224.1	472.993
224.2	473.026
224.3	473.059
224.4	473.092
224.5	473.125
224.6	473.158
224.7	473.191
224.8	473.224
224.9	473.257
225	473.29
225.1	473.323
225.2	473.355
225.3	473.388
225.4	473.421
225.5	473.454
225.6	473.487
225.7	473.519
225.8	473.552
225.9	473.585
226	473.618
226.1	473.651
226.2	473.683
226.3	473.716
226.4	473.749
226.5	473.781
226.6	473.814
226.7	473.847
226.8	473.879
226.9	473.912
227	473.945
227.1	473.977
227.2	474.01
227.3	474.043
227.4	474.075
227.5	474.108
227.6	474.14
227.7	474.173
227.8	474.205
227.9	474.238
228	474.27
228.1	474.303
228.2	474.335
228.3	474.368
228.4	474.4
228.5	474.433
228.6	474.465
228.7	474.498
228.8	474.53
228.9	474.563
229	474.595
229.1	474.627
229.2	474.66
229.3	474.692
229.4	474.725
229.5	474.757
229.6	474.789
229.7	474.822
229.8	474.854
229.9	474.886
230	474.918
230.1	474.951
230.2	474.983
230.3	475.015
230.4	475.048
230.5	475.08
230.6	475.112
230.7	475.144
230.8	475.176
230.9	475.209
231	475.241
231.1	475.273
231.2	475.305
231.3	475.337
231.4	475.369
231.5	475.401
231.6	475.434
231.7	475.466
231.8	475.498
231.9	475.53
232	475.562
232.1	475.594
232.2	475.626
232.3	475.658
232.4	475.69
232.5	475.722
232.6	475.754
232.7	475.786
232.8	475.818
232.9	475.85
233	475.882
233.1	475.914
233.2	475.946
233.3	475.978
233.4	476.01
233.5	476.042
233.6	476.073
233.7	476.105
233.8	476.137
233.9	476.169
234	476.201
234.1	476.233
234.2	476.264
234.3	476.296
234.4	476.328
234.5	476.36
234.6	476.392
234.7	476.423
234.8	476.455
234.9	476.487
235	476.519
235.1	476.55
235.2	476.582
235.3	476.614
235.4	476.645
235.5	476.677
235.6	476.709
235.7	476.74
235.8	476.772
235.9	476.804
236	476.835
236.1	476.867
236.2	476.899
236.3	476.93
236.4	476.962
236.5	476.993
236.6	477.025
236.7	477.056
236.8	477.088
236.9	477.119
237	477.151
237.1	477.182
237.2	477.214
237.3	477.245
237.4	477.277
237.5	477.308
237.6	477.34
237.7	477.371
237.8	477.403
237.9	477.434
238	477.465
238.1	477.497
238.2	477.528
238.3	477.56
238.4	477.591
238.5	477.622
238.6	477.654
238.7	477.685
238.8	477.716
238.9	477.748
239	477.779
239.1	477.81
239.2	477.841
239.3	477.873
239.4	477.904
239.5	477.935
239.6	477.966
239.7	477.998
239.8	478.029
239.9	478.06
240	478.091
240.1	478.122
240.2	478.154
240.3	478.185
240.4	478.216
240.5	478.247
240.6	478.278
240.7	478.309
240.8	478.34
240.9	478.372
241	478.403
241.1	478.434
241.2	478.465
241.3	478.496
241.4	478.527
241.5	478.558
241.6	478.589
241.7	478.62
241.8	478.651
241.9	478.682
242	478.713
242.1	478.744
242.2	478.775
242.3	478.806
242.4	478.837
242.5	478.868
242.6	478.899
242.7	478.929
242.8	478.96
242.9	478.991
243	479.022
243.1	479.053
243.2	479.084
243.3	479.115
243.4	479.145
243.5	479.176
243.6	479.207
243.7	479.238
243.8	479.269
243.9	479.299
244	479.33
244.1	479.361
244.2	479.392
244.3	479.422
244.4	479.453
244.5	479.484
244.6	479.515
244.7	479.545
244.8	479.576
244.9	479.607
245	479.637
245.1	479.668
245.2	479.699
245.3	479.729
245.4	479.76
245.5	479.791
245.6	479.821
245.7	479.852
245.8	479.882
245.9	479.913
246	479.944
246.1	479.974
246.2	480.005
246.3	480.035
246.4	480.066
246.5	480.096
246.6	480.127
246.7	480.157
246.8	480.188
246.9	480.218
247	480.249
247.1	480.279
247.2	480.31
247.3	480.34
247.4	480.37
247.5	480.401
247.6	480.431
247.7	480.462
247.8	480.492
247.9	480.522
248	480.553
248.1	480.583
248.2	480.613
248.3	480.644
248.4	480.674
248.5	480.704
248.6	480.735
248.7	480.765
248.8	480.795
248.9	480.826
249	480.856
249.1	480.886
249.2	480.916
249.3	480.947
249.4	480.977
249.5	481.007
249.6	481.037
249.7	481.067
249.8	481.098
249.9	481.128
250	481.158
250.1	481.188
250.2	481.218
250.3	481.248
250.4	481.278
250.5	481.309
250.6	481.339
250.7	481.369
250.8	481.399
250.9	481.429
251	481.459
251.1	481.489
251.2	481.519
251.3	481.549
251.4	481.579
251.5	481.609
251.6	481.639
251.7	481.669
251.8	481.699
251.9	481.729
252	481.759
252.1	481.789
252.2	481.819
252.3	481.849
252.4	481.879
252.5	481.909
252.6	481.939
252.7	481.969
252.8	481.999
252.9	482.028
253	482.058
253.1	482.088
253.2	482.118
253.3	482.148
253.4	482.178
253.5	482.208
253.6	482.237
253.7	482.267
253.8	482.297
253.9	482.327
254	482.357
254.1	482.386
254.2	482.416
254.3	482.446
254.4	482.476
254.5	482.505
254.6	482.535
254.7	482.565
254.8	482.594
254.9	482.624
255	482.654
255.1	482.683
255.2	482.713
255.3	482.743
255.4	482.772
255.5	482.802
255.6	482.832
255.7	482.861
255.8	482.891
255.9	482.921
256	482.95
256.1	482.98
256.2	483.009
256.3	483.039
256.4	483.068
256.5	483.098
256.6	483.127
256.7	483.157
256.8	483.186
256.9	483.216
257	483.245
257.1	483.275
257.2	483.304
257.3	483.334
257.4	483.363
257.5	483.393
257.6	483.422
257.7	483.452
257.8	483.481
257.9	483.51
258	483.54
258.1	483.569
258.2	483.599
258.3	483.628
258.4	483.657
258.5	483.687
258.6	483.716
258.7	483.745
258.8	483.775
258.9	483.804
259	483.833
259.1	483.863
259.2	483.892
259.3	483.921
259.4	483.95
259.5	483.98
259.6	484.009
259.7	484.038
259.8	484.067
259.9	484.097
260	484.126
260.1	484.155
260.2	484.184
260.3	484.213
260.4	484.243
260.5	484.272
260.6	484.301
260.7	484.33
260.8	484.359
260.9	484.388
261	484.418
261.1	484.447
261.2	484.476
261.3	484.505
261.4	484.534
261.5	484.563
261.6	484.592
261.7	484.621
261.8	484.65
261.9	484.679
262	484.708
262.1	484.737
262.2	484.766
262.3	484.795
262.4	484.824
262.5	484.853
262.6	484.882
262.7	484.911
262.8	484.94
262.9	484.969
263	484.998
263.1	485.027
263.2	485.056
263.3	485.085
263.4	485.114
263.5	485.143
263.6	485.171
263.7	485.2
263.8	485.229
263.9	485.258
264	485.287
264.1	485.316
264.2	485.345
264.3	485.373
264.4	485.402
264.5	485.431
264.6	485.46
264.7	485.489
264.8	485.517
264.9	485.546
265	485.575
265.1	485.604
265.2	485.632
265.3	485.661
265.4	485.69
265.5	485.719
265.6	485.747
265.7	485.776
265.8	485.805
265.9	485.833
266	485.862
266.1	485.891
266.2	485.919
266.3	485.948
266.4	485.977
266.5	486.005
266.6	486.034
266.7	486.063
266.8	486.091
266.9	486.12
267	486.148
267.1	486.177
267.2	486.205
267.3	486.234
267.4	486.263
267.5	486.291
267.6	486.32
267.7	486.348
267.8	486.377
267.9	486.405
268	486.434
268.1	486.462
268.2	486.491
268.3	486.519
268.4	486.548
268.5	486.576
268.6	486.604
268.7	486.633
268.8	486.661
268.9	486.69
269	486.718
269.1	486.747
269.2	486.775
269.3	486.803
269.4	486.832
269.5	486.86
269.6	486.888
269.7	486.917
269.8	486.945
269.9	486.973
270	487.002
270.1	487.03
270.2	487.058
270.3	487.087
270.4	487.115
270.5	487.143
270.6	487.172
270.7	487.2
270.8	487.228
270.9	487.256
271	487.285
271.1	487.313
271.2	487.341
271.3	487.369
271.4	487.397
271.5	487.426
271.6	487.454
271.7	487.482
271.8	487.51
271.9	487.538
272	487.566
272.1	487.595
272.2	487.623
272.3	487.651
272.4	487.679
272.5	487.707
272.6	487.735
272.7	487.763
272.8	487.791
272.9	487.819
273	487.848
273.1	487.876
273.2	487.904
273.3	487.932
273.4	487.96
273.5	487.988
273.6	488.016
273.7	488.044
273.8	488.072
273.9	488.1
274	488.128
274.1	488.156
274.2	488.184
274.3	488.212
274.4	488.24
274.5	488.268
274.6	488.295
274.7	488.323
274.8	488.351
274.9	488.379
275	488.407
275.1	488.435
275.2	488.463
275.3	488.491
275.4	488.519
275.5	488.547
275.6	488.574
275.7	488.602
275.8	488.63
275.9	488.658
276	488.686
276.1	488.713
276.2	488.741
276.3	488.769
276.4	488.797
276.5	488.825
276.6	488.852
276.7	488.88
276.8	488.908
276.9	488.936
277	488.963
277.1	488.991
277.2	489.019
277.3	489.047
277.4	489.074
277.5	489.102
277.6	489.13
277.7	489.157
277.8	489.185
277.9	489.213
278	489.24
278.1	489.268
278.2	489.296
278.3	489.323
278.4	489.351
278.5	489.378
278.6	489.406
278.7	489.434
278.8	489.461
278.9	489.489
279	489.516
279.1	489.544
279.2	489.572
279.3	489.599
279.4	489.627
279.5	489.654
279.6	489.682
279.7	489.709
279.8	489.737
279.9	489.764
280	489.792
280.1	489.819
280.2	489.847
280.3	489.874
280.4	489.902
280.5	489.929
280.6	489.956
280.7	489.984
280.8	490.011
280.9	490.039
281	490.066
281.1	490.094
281.2	490.121
281.3	490.148
281.4	490.176
281.5	490.203
281.6	490.23
281.7	490.258
281.8	490.285
281.9	490.312
282	490.34
282.1	490.367
282.2	490.394
282.3	490.422
282.4	490.449
282.5	490.476
282.6	490.504
282.7	490.531
282.8	490.558
282.9	490.585
283	490.613
283.1	490.64
283.2	490.667
283.3	490.694
283.4	490.722
283.5	490.749
283.6	490.776
283.7	490.803
283.8	490.83
283.9	490.858
284	490.885
284.1	490.912
284.2	490.939
284.3	490.966
284.4	490.993
284.5	491.021
284.6	491.048
284.7	491.075
284.8	491.102
284.9	491.129
285	491.156
285.1	491.183
285.2	491.21
285.3	491.237
285.4	491.264
285.5	491.291
285.6	491.318
285.7	491.345
285.8	491.373
285.9	491.4
286	491.427
286.1	491.454
286.2	491.481
286.3	491.508
286.4	491.535
286.5	491.562
286.6	491.589
286.7	491.615
286.8	491.642
286.9	491.669
287	491.696
287.1	491.723
287.2	491.75
287.3	491.777
287.4	491.804
287.5	491.831
287.6	491.858
287.7	491.885
287.8	491.912
287.9	491.938
288	491.965
288.1	491.992
288.2	492.019
288.3	492.046
288.4	492.073
288.5	492.099
288.6	492.126
288.7	492.153
288.8	492.18
288.9	492.207
289	492.233
289.1	492.26
289.2	492.287
289.3	492.314
289.4	492.341
289.5	492.367
289.6	492.394
289.7	492.421
289.8	492.447
289.9	492.474
290	492.501
290.1	492.528
290.2	492.554
290.3	492.581
290.4	492.608
290.5	492.634
290.6	492.661
290.7	492.688
290.8	492.714
290.9	492.741
291	492.768
291.1	492.794
291.2	492.821
291.3	492.847
291.4	492.874
291.5	492.901
291.6	492.927
291.7	492.954
291.8	492.98
291.9	493.007
292	493.034
292.1	493.06
292.2	493.087
292.3	493.113
292.4	493.14
292.5	493.166
292.6	493.193
292.7	493.219
292.8	493.246
292.9	493.272
293	493.299
293.1	493.325
293.2	493.352
293.3	493.378
293.4	493.405
293.5	493.431
293.6	493.457
293.7	493.484
293.8	493.51
293.9	493.537
294	493.563
294.1	493.59
294.2	493.616
294.3	493.642
294.4	493.669
294.5	493.695
294.6	493.721
294.7	493.748
294.8	493.774
294.9	493.801
295	493.827
295.1	493.853
295.2	493.88
295.3	493.906
295.4	493.932
295.5	493.958
295.6	493.985
295.7	494.011
295.8	494.037
295.9	494.064
296	494.09
296.1	494.116
296.2	494.142
296.3	494.169
296.4	494.195
296.5	494.221
296.6	494.247
296.7	494.273
296.8	494.3
296.9	494.326
297	494.352
297.1	494.378
297.2	494.404
297.3	494.431
297.4	494.457
297.5	494.483
297.6	494.509
297.7	494.535
297.8	494.561
297.9	494.587
298	494.614
298.1	494.64
298.2	494.666
298.3	494.692
298.4	494.718
298.5	494.744
298.6	494.77
298.7	494.796
298.8	494.822
298.9	494.848
299	494.874
299.1	494.9
299.2	494.926
299.3	494.952
299.4	494.979
299.5	495.005
299.6	495.031
299.7	495.057
299.8	495.083
299.9	495.108
300	495.134
