W	Pred
1.5	475.91
1.6	472.103
1.7	468.613
1.8	465.4
1.9	462.429
2	459.673
2.1	457.107
2.2	454.712
2.3	452.471
2.4	450.368
2.5	448.391
2.6	446.528
2.7	444.77
2.8	443.107
2.9	441.533
3	440.04
3.1	438.622
3.2	437.273
3.3	435.989
3.4	434.765
3.5	433.597
3.6	432.482
3.7	431.416
3.8	430.396
3.9	429.419
4	428.482
4.1	427.584
4.2	426.722
4.3	425.895
4.4	425.099
4.5	424.335
4.6	423.599
4.7	422.891
4.8	422.209
4.9	421.552
5	420.918
5.1	420.307
5.2	419.718
5.3	419.149
5.4	418.6
5.5	418.07
5.6	417.557
5.7	417.062
5.8	416.584
5.9	416.121
6	415.673
6.1	415.24
6.2	414.821
6.3	414.415
6.4	414.022
6.5	413.642
6.6	413.274
6.7	412.917
6.8	412.571
6.9	412.236
7	411.912
7.1	411.597
7.2	411.292
7.3	410.997
7.4	410.71
7.5	410.432
7.6	410.163
7.7	409.902
7.8	409.648
7.9	409.402
8	409.164
8.1	408.933
8.2	408.709
8.3	408.492
8.4	408.281
8.5	408.076
8.6	407.878
8.7	407.686
8.8	407.499
8.9	407.319
9	407.143
9.1	406.973
9.2	406.808
9.3	406.649
9.4	406.494
9.5	406.344
9.6	406.199
9.7	406.058
9.8	405.921
9.9	405.789
10	405.661
10.1	405.538
10.2	405.418
10.3	405.302
10.4	405.19
10.5	405.081
10.6	404.977
10.7	404.875
10.8	404.777
10.9	404.683
11	404.592
11.1	404.503
11.2	404.418
11.3	404.337
11.4	404.258
11.5	404.182
11.6	404.108
11.7	404.038
11.8	403.97
11.9	403.905
12	403.843
12.1	403.783
12.2	403.726
12.3	403.671
12.4	403.618
12.5	403.568
12.6	403.52
12.7	403.474
12.8	403.431
12.9	403.389
13	403.35
13.1	403.313
13.2	403.278
13.3	403.244
13.4	403.213
13.5	403.184
13.6	403.156
13.7	403.13
13.8	403.106
13.9	403.084
14	403.063
14.1	403.045
14.2	403.027
14.3	403.012
14.4	402.998
14.5	402.985
14.6	402.975
14.7	402.965
14.8	402.957
14.9	402.951
15	402.946
15.1	402.942
15.2	402.94
15.3	402.939
15.4	402.939
15.5	402.941
15.6	402.943
15.7	402.948
15.8	402.953
15.9	402.959
16	402.967
16.1	402.976
16.2	402.986
16.3	402.997
16.4	403.01
16.5	403.023
16.6	403.037
16.7	403.053
16.8	403.069
16.9	403.087
17	403.105
17.1	403.125
17.2	403.145
17.3	403.166
17.4	403.189
17.5	403.212
17.6	403.236
17.7	403.261
17.8	403.287
17.9	403.314
18	403.341
18.1	403.37
18.2	403.399
18.3	403.429
18.4	403.459
18.5	403.491
18.6	403.523
18.7	403.556
18.8	403.59
18.9	403.625
19	403.66
19.1	403.696
19.2	403.733
19.3	403.77
19.4	403.808
19.5	403.847
19.6	403.886
19.7	403.926
19.8	403.966
19.9	404.008
20	404.049
20.1	404.092
20.2	404.135
20.3	404.178
20.4	404.223
20.5	404.267
20.6	404.313
20.7	404.358
20.8	404.405
20.9	404.452
21	404.499
21.1	404.547
21.2	404.596
21.3	404.645
21.4	404.694
21.5	404.744
21.6	404.795
21.7	404.846
21.8	404.897
21.9	404.949
22	405.001
22.1	405.054
22.2	405.107
22.3	405.161
22.4	405.215
22.5	405.27
22.6	405.324
22.7	405.38
22.8	405.436
22.9	405.492
23	405.548
23.1	405.605
23.2	405.662
23.3	405.72
23.4	405.778
23.5	405.837
23.6	405.895
23.7	405.955
23.8	406.014
23.9	406.074
24	406.134
24.1	406.195
24.2	406.255
24.3	406.317
24.4	406.378
24.5	406.44
24.6	406.502
24.7	406.565
24.8	406.627
24.9	406.69
25	406.754
25.1	406.817
25.2	406.881
25.3	406.946
25.4	407.01
25.5	407.075
25.6	407.14
25.7	407.205
25.8	407.271
25.9	407.337
26	407.403
26.1	407.469
26.2	407.536
26.3	407.603
26.4	407.67
26.5	407.737
26.6	407.805
26.7	407.873
26.8	407.941
26.9	408.009
27	408.078
27.1	408.147
27.2	408.216
27.3	408.285
27.4	408.354
27.5	408.424
27.6	408.494
27.7	408.564
27.8	408.634
27.9	408.705
28	408.775
28.1	408.846
28.2	408.917
28.3	408.989
28.4	409.06
28.5	409.132
28.6	409.203
28.7	409.275
28.8	409.348
28.9	409.42
29	409.492
29.1	409.565
29.2	409.638
29.3	409.711
29.4	409.784
29.5	409.858
29.6	409.931
29.7	410.005
29.8	410.079
29.9	410.153
30	410.227
30.1	410.301
30.2	410.375
30.3	410.45
30.4	410.525
30.5	410.6
30.6	410.675
30.7	410.75
30.8	410.825
30.9	410.901
31	410.976
31.1	411.052
31.2	411.128
31.3	411.204
31.4	411.28
31.5	411.356
31.6	411.432
31.7	411.509
31.8	411.585
31.9	411.662
32	411.739
32.1	411.816
32.2	411.893
32.3	411.97
32.4	412.047
32.5	412.124
32.6	412.202
32.7	412.279
32.8	412.357
32.9	412.435
33	412.513
33.1	412.591
33.2	412.669
33.3	412.747
33.4	412.825
33.5	412.904
33.6	412.982
33.7	413.061
33.8	413.139
33.9	413.218
34	413.297
34.1	413.376
34.2	413.455
34.3	413.534
34.4	413.613
34.5	413.692
34.6	413.772
34.7	413.851
34.8	413.93
34.9	414.01
35	414.09
35.1	414.169
35.2	414.249
35.3	414.329
35.4	414.409
35.5	414.489
35.6	414.569
35.7	414.649
35.8	414.729
35.9	414.81
36	414.89
36.1	414.971
36.2	415.051
36.3	415.132
36.4	415.212
36.5	415.293
36.6	415.374
36.7	415.454
36.8	415.535
36.9	415.616
37	415.697
37.1	415.778
37.2	415.859
37.3	415.94
37.4	416.022
37.5	416.103
37.6	416.184
37.7	416.266
37.8	416.347
37.9	416.428
38	416.51
38.1	416.591
38.2	416.673
38.3	416.755
38.4	416.836
38.5	416.918
38.6	417
38.7	417.082
38.8	417.164
38.9	417.245
39	417.327
39.1	417.409
39.2	417.491
39.3	417.574
39.4	417.656
39.5	417.738
39.6	417.82
39.7	417.902
39.8	417.984
39.9	418.067
40	418.149
40.1	418.231
40.2	418.314
40.3	418.396
40.4	418.479
40.5	418.561
40.6	418.644
40.7	418.726
40.8	418.809
40.9	418.892
41	418.974
41.1	419.057
41.2	419.14
41.3	419.222
41.4	419.305
41.5	419.388
41.6	419.471
41.7	419.554
41.8	419.636
41.9	419.719
42	419.802
42.1	419.885
42.2	419.968
42.3	420.051
42.4	420.134
42.5	420.217
42.6	420.3
42.7	420.383
42.8	420.466
42.9	420.549
43	420.633
43.1	420.716
43.2	420.799
43.3	420.882
43.4	420.965
43.5	421.049
43.6	421.132
43.7	421.215
43.8	421.298
43.9	421.382
44	421.465
44.1	421.548
44.2	421.631
44.3	421.715
44.4	421.798
44.5	421.882
44.6	421.965
44.7	422.048
44.8	422.132
44.9	422.215
45	422.299
45.1	422.382
45.2	422.465
45.3	422.549
45.4	422.632
45.5	422.716
45.6	422.799
45.7	422.883
45.8	422.966
45.9	423.05
46	423.133
46.1	423.217
46.2	423.3
46.3	423.384
46.4	423.467
46.5	423.551
46.6	423.634
46.7	423.718
46.8	423.802
46.9	423.885
47	423.969
47.1	424.052
47.2	424.136
47.3	424.219
47.4	424.303
47.5	424.387
47.6	424.47
47.7	424.554
47.8	424.637
47.9	424.721
48	424.804
48.1	424.888
48.2	424.972
48.3	425.055
48.4	425.139
48.5	425.222
48.6	425.306
48.7	425.39
48.8	425.473
48.9	425.557
49	425.64
49.1	425.724
49.2	425.808
49.3	425.891
49.4	425.975
49.5	426.058
49.6	426.142
49.7	426.225
49.8	426.309
49.9	426.393
50	426.476
50.1	426.56
50.2	426.643
50.3	426.727
50.4	426.81
50.5	426.894
50.6	426.977
50.7	427.061
50.8	427.144
50.9	427.228
51	427.311
51.1	427.395
51.2	427.478
51.3	427.562
51.4	427.645
51.5	427.729
51.6	427.812
51.7	427.896
51.8	427.979
51.9	428.063
52	428.146
52.1	428.23
52.2	428.313
52.3	428.396
52.4	428.48
52.5	428.563
52.6	428.647
52.7	428.73
52.8	428.813
52.9	428.897
53	428.98
53.1	429.063
53.2	429.147
53.3	429.23
53.4	429.313
53.5	429.397
53.6	429.48
53.7	429.563
53.8	429.647
53.9	429.73
54	429.813
54.1	429.896
54.2	429.98
54.3	430.063
54.4	430.146
54.5	430.229
54.6	430.312
54.7	430.395
54.8	430.479
54.9	430.562
55	430.645
55.1	430.728
55.2	430.811
55.3	430.894
55.4	430.977
55.5	431.06
55.6	431.143
55.7	431.226
55.8	431.309
55.9	431.392
56	431.475
56.1	431.558
56.2	431.641
56.3	431.724
56.4	431.807
56.5	431.89
56.6	431.973
56.7	432.056
56.8	432.139
56.9	432.222
57	432.305
57.1	432.387
57.2	432.47
57.3	432.553
57.4	432.636
57.5	432.719
57.6	432.801
57.7	432.884
57.8	432.967
57.9	433.049
58	433.132
58.1	433.215
58.2	433.297
58.3	433.38
58.4	433.463
58.5	433.545
58.6	433.628
58.7	433.711
58.8	433.793
58.9	433.876
59	433.958
59.1	434.041
59.2	434.123
59.3	434.206
59.4	434.288
59.5	434.37
59.6	434.453
59.7	434.535
59.8	434.618
59.9	434.7
60	434.782
60.1	434.865
60.2	434.947
60.3	435.029
60.4	435.112
60.5	435.194
60.6	435.276
60.7	435.358
60.8	435.44
60.9	435.523
61	435.605
61.1	435.687
61.2	435.769
61.3	435.851
61.4	435.933
61.5	436.015
61.6	436.097
61.7	436.179
61.8	436.261
61.9	436.343
62	436.425
62.1	436.507
62.2	436.589
62.3	436.671
62.4	436.753
62.5	436.835
62.6	436.917
62.7	436.998
62.8	437.08
62.9	437.162
63	437.244
63.1	437.326
63.2	437.407
63.3	437.489
63.4	437.571
63.5	437.652
63.6	437.734
63.7	437.816
63.8	437.897
63.9	437.979
64	438.06
64.1	438.142
64.2	438.223
64.3	438.305
64.4	438.386
64.5	438.468
64.6	438.549
64.7	438.631
64.8	438.712
64.9	438.793
65	438.875
65.1	438.956
65.2	439.037
65.3	439.119
65.4	439.2
65.5	439.281
65.6	439.362
65.7	439.443
65.8	439.525
65.9	439.606
66	439.687
66.1	439.768
66.2	439.849
66.3	439.93
66.4	440.011
66.5	440.092
66.6	440.173
66.7	440.254
66.8	440.335
66.9	440.416
67	440.497
67.1	440.578
67.2	440.659
67.3	440.74
67.4	440.82
67.5	440.901
67.6	440.982
67.7	441.063
67.8	441.143
67.9	441.224
68	441.305
68.1	441.385
68.2	441.466
68.3	441.547
68.4	441.627
68.5	441.708
68.6	441.788
68.7	441.869
68.8	441.949
68.9	442.03
69	442.11
69.1	442.191
69.2	442.271
69.3	442.352
69.4	442.432
69.5	442.512
69.6	442.593
69.7	442.673
69.8	442.753
69.9	442.833
70	442.914
70.1	442.994
70.2	443.074
70.3	443.154
70.4	443.234
70.5	443.314
70.6	443.394
70.7	443.474
70.8	443.554
70.9	443.634
71	443.714
71.1	443.794
71.2	443.874
71.3	443.954
71.4	444.034
71.5	444.114
71.6	444.194
71.7	444.274
71.8	444.353
71.9	444.433
72	444.513
72.1	444.593
72.2	444.672
72.3	444.752
72.4	444.832
72.5	444.911
72.6	444.991
72.7	445.071
72.8	445.15
72.9	445.23
73	445.309
73.1	445.389
73.2	445.468
73.3	445.547
73.4	445.627
73.5	445.706
73.6	445.786
73.7	445.865
73.8	445.944
73.9	446.024
74	446.103
74.1	446.182
74.2	446.261
74.3	446.34
74.4	446.42
74.5	446.499
74.6	446.578
74.7	446.657
74.8	446.736
74.9	446.815
75	446.894
75.1	446.973
75.2	447.052
75.3	447.131
75.4	447.21
75.5	447.289
75.6	447.368
75.7	447.447
75.8	447.525
75.9	447.604
76	447.683
76.1	447.762
76.2	447.841
76.3	447.919
76.4	447.998
76.5	448.077
76.6	448.155
76.7	448.234
76.8	448.312
76.9	448.391
77	448.47
77.1	448.548
77.2	448.627
77.3	448.705
77.4	448.783
77.5	448.862
77.6	448.94
77.7	449.019
77.8	449.097
77.9	449.175
78	449.254
78.1	449.332
78.2	449.41
78.3	449.488
78.4	449.566
78.5	449.645
78.6	449.723
78.7	449.801
78.8	449.879
78.9	449.957
79	450.035
79.1	450.113
79.2	450.191
79.3	450.269
79.4	450.347
79.5	450.425
79.6	450.503
79.7	450.581
79.8	450.658
79.9	450.736
80	450.814
80.1	450.892
80.2	450.97
80.3	451.047
80.4	451.125
80.5	451.203
80.6	451.28
80.7	451.358
80.8	451.436
80.9	451.513
81	451.591
81.1	451.668
81.2	451.746
81.3	451.823
81.4	451.901
81.5	451.978
81.6	452.055
81.7	452.133
81.8	452.21
81.9	452.287
82	452.365
82.1	452.442
82.2	452.519
82.3	452.597
82.4	452.674
82.5	452.751
82.6	452.828
82.7	452.905
82.8	452.982
82.9	453.059
83	453.136
83.1	453.213
83.2	453.29
83.3	453.367
83.4	453.444
83.5	453.521
83.6	453.598
83.7	453.675
83.8	453.752
83.9	453.829
84	453.906
84.1	453.982
84.2	454.059
84.3	454.136
84.4	454.213
84.5	454.289
84.6	454.366
84.7	454.443
84.8	454.519
84.9	454.596
85	454.672
85.1	454.749
85.2	454.825
85.3	454.902
85.4	454.978
85.5	455.055
85.6	455.131
85.7	455.207
85.8	455.284
85.9	455.36
86	455.437
86.1	455.513
86.2	455.589
86.3	455.665
86.4	455.742
86.5	455.818
86.6	455.894
86.7	455.97
86.8	456.046
86.9	456.122
87	456.198
87.1	456.274
87.2	456.35
87.3	456.426
87.4	456.502
87.5	456.578
87.6	456.654
87.7	456.73
87.8	456.806
87.9	456.882
88	456.958
88.1	457.033
88.2	457.109
88.3	457.185
88.4	457.261
88.5	457.336
88.6	457.412
88.7	457.488
88.8	457.563
88.9	457.639
89	457.714
89.1	457.79
89.2	457.865
89.3	457.941
89.4	458.016
89.5	458.092
89.6	458.167
89.7	458.243
89.8	458.318
89.9	458.393
90	458.469
90.1	458.544
90.2	458.619
90.3	458.695
90.4	458.77
90.5	458.845
90.6	458.92
90.7	458.995
90.8	459.07
90.9	459.146
91	459.221
91.1	459.296
91.2	459.371
91.3	459.446
91.4	459.521
91.5	459.596
91.6	459.671
91.7	459.746
91.8	459.82
91.9	459.895
92	459.97
92.1	460.045
92.2	460.12
92.3	460.195
92.4	460.269
92.5	460.344
92.6	460.419
92.7	460.493
92.8	460.568
92.9	460.643
93	460.717
93.1	460.792
93.2	460.866
93.3	460.941
93.4	461.015
93.5	461.09
93.6	461.164
93.7	461.239
93.8	461.313
93.9	461.388
94	461.462
94.1	461.536
94.2	461.611
94.3	461.685
94.4	461.759
94.5	461.833
94.6	461.908
94.7	461.982
94.8	462.056
94.9	462.13
95	462.204
95.1	462.278
95.2	462.352
95.3	462.426
95.4	462.5
95.5	462.574
95.6	462.648
95.7	462.722
95.8	462.796
95.9	462.87
96	462.944
96.1	463.018
96.2	463.092
96.3	463.165
96.4	463.239
96.5	463.313
96.6	463.387
96.7	463.46
96.8	463.534
96.9	463.608
97	463.681
97.1	463.755
97.2	463.829
97.3	463.902
97.4	463.976
97.5	464.049
97.6	464.123
97.7	464.196
97.8	464.27
97.9	464.343
98	464.417
98.1	464.49
98.2	464.563
98.3	464.637
98.4	464.71
98.5	464.783
98.6	464.856
98.7	464.93
98.8	465.003
98.9	465.076
99	465.149
99.1	465.222
99.2	465.295
99.3	465.369
99.4	465.442
99.5	465.515
99.6	465.588
99.7	465.661
99.8	465.734
99.9	465.807
100	465.88
100.1	465.952
100.2	466.025
100.3	466.098
100.4	466.171
100.5	466.244
100.6	466.317
100.7	466.389
100.8	466.462
100.9	466.535
101	466.608
101.1	466.68
101.2	466.753
101.3	466.826
101.4	466.898
101.5	466.971
101.6	467.043
101.7	467.116
101.8	467.188
101.9	467.261
102	467.333
102.1	467.406
102.2	467.478
102.3	467.55
102.4	467.623
102.5	467.695
102.6	467.768
102.7	467.84
102.8	467.912
102.9	467.984
103	468.057
103.1	468.129
103.2	468.201
103.3	468.273
103.4	468.345
103.5	468.417
103.6	468.49
103.7	468.562
103.8	468.634
103.9	468.706
104	468.778
104.1	468.85
104.2	468.922
104.3	468.994
104.4	469.065
104.5	469.137
104.6	469.209
104.7	469.281
104.8	469.353
104.9	469.425
105	469.496
105.1	469.568
105.2	469.64
105.3	469.712
105.4	469.783
105.5	469.855
105.6	469.927
105.7	469.998
105.8	470.07
105.9	470.141
106	470.213
106.1	470.284
106.2	470.356
106.3	470.427
106.4	470.499
106.5	470.57
106.6	470.642
106.7	470.713
106.8	470.784
106.9	470.856
107	470.927
107.1	470.998
107.2	471.07
107.3	471.141
107.4	471.212
107.5	471.283
107.6	471.354
107.7	471.426
107.8	471.497
107.9	471.568
108	471.639
108.1	471.71
108.2	471.781
108.3	471.852
108.4	471.923
108.5	471.994
108.6	472.065
108.7	472.136
108.8	472.207
108.9	472.278
109	472.349
109.1	472.42
109.2	472.49
109.3	472.561
109.4	472.632
109.5	472.703
109.6	472.773
109.7	472.844
109.8	472.915
109.9	472.985
110	473.056
110.1	473.127
110.2	473.197
110.3	473.268
110.4	473.338
110.5	473.409
110.6	473.48
110.7	473.55
110.8	473.62
110.9	473.691
111	473.761
111.1	473.832
111.2	473.902
111.3	473.972
111.4	474.043
111.5	474.113
111.6	474.183
111.7	474.254
111.8	474.324
111.9	474.394
112	474.464
112.1	474.535
112.2	474.605
112.3	474.675
112.4	474.745
112.5	474.815
112.6	474.885
112.7	474.955
112.8	475.025
112.9	475.095
113	475.165
113.1	475.235
113.2	475.305
113.3	475.375
113.4	475.445
113.5	475.515
113.6	475.585
113.7	475.655
113.8	475.724
113.9	475.794
114	475.864
114.1	475.934
114.2	476.003
114.3	476.073
114.4	476.143
114.5	476.212
114.6	476.282
114.7	476.352
114.8	476.421
114.9	476.491
115	476.56
115.1	476.63
115.2	476.699
115.3	476.769
115.4	476.838
115.5	476.908
115.6	476.977
115.7	477.047
115.8	477.116
115.9	477.185
116	477.255
116.1	477.324
116.2	477.393
116.3	477.463
116.4	477.532
116.5	477.601
116.6	477.67
116.7	477.74
116.8	477.809
116.9	477.878
117	477.947
117.1	478.016
117.2	478.085
117.3	478.154
117.4	478.223
117.5	478.292
117.6	478.361
117.7	478.43
117.8	478.499
117.9	478.568
118	478.637
118.1	478.706
118.2	478.775
118.3	478.844
118.4	478.913
118.5	478.981
118.6	479.05
118.7	479.119
118.8	479.188
118.9	479.256
119	479.325
119.1	479.394
119.2	479.462
119.3	479.531
119.4	479.6
119.5	479.668
119.6	479.737
119.7	479.805
119.8	479.874
119.9	479.942
120	480.011
120.1	480.079
120.2	480.148
120.3	480.216
120.4	480.285
120.5	480.353
120.6	480.421
120.7	480.49
120.8	480.558
120.9	480.626
121	480.695
121.1	480.763
121.2	480.831
121.3	480.899
121.4	480.968
121.5	481.036
121.6	481.104
121.7	481.172
121.8	481.24
121.9	481.308
122	481.376
122.1	481.445
122.2	481.513
122.3	481.581
122.4	481.649
122.5	481.717
122.6	481.784
122.7	481.852
122.8	481.92
122.9	481.988
123	482.056
123.1	482.124
123.2	482.192
123.3	482.26
123.4	482.327
123.5	482.395
123.6	482.463
123.7	482.531
123.8	482.598
123.9	482.666
124	482.734
124.1	482.801
124.2	482.869
124.3	482.937
124.4	483.004
124.5	483.072
124.6	483.139
124.7	483.207
124.8	483.274
124.9	483.342
125	483.409
125.1	483.477
125.2	483.544
125.3	483.612
125.4	483.679
125.5	483.746
125.6	483.814
125.7	483.881
125.8	483.948
125.9	484.016
126	484.083
126.1	484.15
126.2	484.217
126.3	484.285
126.4	484.352
126.5	484.419
126.6	484.486
126.7	484.553
126.8	484.62
126.9	484.687
127	484.754
127.1	484.822
127.2	484.889
127.3	484.956
127.4	485.023
127.5	485.09
127.6	485.156
127.7	485.223
127.8	485.29
127.9	485.357
128	485.424
128.1	485.491
128.2	485.558
128.3	485.625
128.4	485.691
128.5	485.758
128.6	485.825
128.7	485.892
128.8	485.958
128.9	486.025
129	486.092
129.1	486.158
129.2	486.225
129.3	486.292
129.4	486.358
129.5	486.425
129.6	486.491
129.7	486.558
129.8	486.624
129.9	486.691
130	486.757
130.1	486.824
130.2	486.89
130.3	486.957
130.4	487.023
130.5	487.089
130.6	487.156
130.7	487.222
130.8	487.288
130.9	487.355
131	487.421
131.1	487.487
131.2	487.554
131.3	487.62
131.4	487.686
131.5	487.752
131.6	487.818
131.7	487.884
131.8	487.951
131.9	488.017
132	488.083
132.1	488.149
132.2	488.215
132.3	488.281
132.4	488.347
132.5	488.413
132.6	488.479
132.7	488.545
132.8	488.611
132.9	488.677
133	488.743
133.1	488.809
133.2	488.874
133.3	488.94
133.4	489.006
133.5	489.072
133.6	489.138
133.7	489.203
133.8	489.269
133.9	489.335
134	489.401
134.1	489.466
134.2	489.532
134.3	489.598
134.4	489.663
134.5	489.729
134.6	489.794
134.7	489.86
134.8	489.926
134.9	489.991
135	490.057
135.1	490.122
135.2	490.188
135.3	490.253
135.4	490.318
135.5	490.384
135.6	490.449
135.7	490.515
135.8	490.58
135.9	490.645
136	490.711
136.1	490.776
136.2	490.841
136.3	490.907
136.4	490.972
136.5	491.037
136.6	491.102
136.7	491.167
136.8	491.233
136.9	491.298
137	491.363
137.1	491.428
137.2	491.493
137.3	491.558
137.4	491.623
137.5	491.688
137.6	491.753
137.7	491.818
137.8	491.883
137.9	491.948
138	492.013
138.1	492.078
138.2	492.143
138.3	492.208
138.4	492.273
138.5	492.338
138.6	492.403
138.7	492.468
138.8	492.532
138.9	492.597
139	492.662
139.1	492.727
139.2	492.791
139.3	492.856
139.4	492.921
139.5	492.985
139.6	493.05
139.7	493.115
139.8	493.179
139.9	493.244
140	493.309
140.1	493.373
140.2	493.438
140.3	493.502
140.4	493.567
140.5	493.631
140.6	493.696
140.7	493.76
140.8	493.825
140.9	493.889
141	493.953
141.1	494.018
141.2	494.082
141.3	494.147
141.4	494.211
141.5	494.275
141.6	494.34
141.7	494.404
141.8	494.468
141.9	494.532
142	494.597
142.1	494.661
142.2	494.725
142.3	494.789
142.4	494.853
142.5	494.917
142.6	494.981
142.7	495.046
142.8	495.11
142.9	495.174
143	495.238
143.1	495.302
143.2	495.366
143.3	495.43
143.4	495.494
143.5	495.558
143.6	495.622
143.7	495.686
143.8	495.75
143.9	495.813
144	495.877
144.1	495.941
144.2	496.005
144.3	496.069
144.4	496.133
144.5	496.196
144.6	496.26
144.7	496.324
144.8	496.388
144.9	496.451
145	496.515
145.1	496.579
145.2	496.642
145.3	496.706
145.4	496.77
145.5	496.833
145.6	496.897
145.7	496.96
145.8	497.024
145.9	497.087
146	497.151
146.1	497.214
146.2	497.278
146.3	497.341
146.4	497.405
146.5	497.468
146.6	497.532
146.7	497.595
146.8	497.658
146.9	497.722
147	497.785
147.1	497.848
147.2	497.912
147.3	497.975
147.4	498.038
147.5	498.101
147.6	498.165
147.7	498.228
147.8	498.291
147.9	498.354
148	498.417
148.1	498.481
148.2	498.544
148.3	498.607
148.4	498.67
148.5	498.733
148.6	498.796
148.7	498.859
148.8	498.922
148.9	498.985
149	499.048
149.1	499.111
149.2	499.174
149.3	499.237
149.4	499.3
149.5	499.363
149.6	499.426
149.7	499.489
149.8	499.552
149.9	499.614
150	499.677
150.1	499.74
150.2	499.803
150.3	499.866
150.4	499.928
150.5	499.991
150.6	500.054
150.7	500.116
150.8	500.179
150.9	500.242
151	500.304
151.1	500.367
151.2	500.43
151.3	500.492
151.4	500.555
151.5	500.617
151.6	500.68
151.7	500.743
151.8	500.805
151.9	500.868
152	500.93
152.1	500.992
152.2	501.055
152.3	501.117
152.4	501.18
152.5	501.242
152.6	501.305
152.7	501.367
152.8	501.429
152.9	501.492
153	501.554
153.1	501.616
153.2	501.678
153.3	501.741
153.4	501.803
153.5	501.865
153.6	501.927
153.7	501.99
153.8	502.052
153.9	502.114
154	502.176
154.1	502.238
154.2	502.3
154.3	502.362
154.4	502.425
154.5	502.487
154.6	502.549
154.7	502.611
154.8	502.673
154.9	502.735
155	502.797
155.1	502.859
155.2	502.921
155.3	502.982
155.4	503.044
155.5	503.106
155.6	503.168
155.7	503.23
155.8	503.292
155.9	503.354
156	503.416
156.1	503.477
156.2	503.539
156.3	503.601
156.4	503.663
156.5	503.724
156.6	503.786
156.7	503.848
156.8	503.909
156.9	503.971
157	504.033
157.1	504.094
157.2	504.156
157.3	504.218
157.4	504.279
157.5	504.341
157.6	504.402
157.7	504.464
157.8	504.525
157.9	504.587
158	504.648
158.1	504.71
158.2	504.771
158.3	504.833
158.4	504.894
158.5	504.956
158.6	505.017
158.7	505.078
158.8	505.14
158.9	505.201
159	505.262
159.1	505.324
159.2	505.385
159.3	505.446
159.4	505.508
159.5	505.569
159.6	505.63
159.7	505.691
159.8	505.752
159.9	505.814
160	505.875
160.1	505.936
160.2	505.997
160.3	506.058
160.4	506.119
160.5	506.18
160.6	506.241
160.7	506.303
160.8	506.364
160.9	506.425
161	506.486
161.1	506.547
161.2	506.608
161.3	506.668
161.4	506.729
161.5	506.79
161.6	506.851
161.7	506.912
161.8	506.973
161.9	507.034
162	507.095
162.1	507.156
162.2	507.216
162.3	507.277
162.4	507.338
162.5	507.399
162.6	507.46
162.7	507.52
162.8	507.581
162.9	507.642
163	507.702
163.1	507.763
163.2	507.824
163.3	507.884
163.4	507.945
163.5	508.006
163.6	508.066
163.7	508.127
163.8	508.187
163.9	508.248
164	508.308
164.1	508.369
164.2	508.429
164.3	508.49
164.4	508.55
164.5	508.611
164.6	508.671
164.7	508.732
164.8	508.792
164.9	508.853
165	508.913
165.1	508.973
165.2	509.034
165.3	509.094
165.4	509.154
165.5	509.215
165.6	509.275
165.7	509.335
165.8	509.395
165.9	509.456
166	509.516
166.1	509.576
166.2	509.636
166.3	509.696
166.4	509.757
166.5	509.817
166.6	509.877
166.7	509.937
166.8	509.997
166.9	510.057
167	510.117
167.1	510.177
167.2	510.237
167.3	510.297
167.4	510.357
167.5	510.417
167.6	510.477
167.7	510.537
167.8	510.597
167.9	510.657
168	510.717
168.1	510.777
168.2	510.837
168.3	510.897
168.4	510.957
168.5	511.016
168.6	511.076
168.7	511.136
168.8	511.196
168.9	511.256
169	511.315
169.1	511.375
169.2	511.435
169.3	511.495
169.4	511.554
169.5	511.614
169.6	511.674
169.7	511.733
169.8	511.793
169.9	511.853
170	511.912
170.1	511.972
170.2	512.031
170.3	512.091
170.4	512.151
170.5	512.21
170.6	512.27
170.7	512.329
170.8	512.389
170.9	512.448
171	512.508
171.1	512.567
171.2	512.626
171.3	512.686
171.4	512.745
171.5	512.805
171.6	512.864
171.7	512.923
171.8	512.983
171.9	513.042
172	513.101
172.1	513.161
172.2	513.22
172.3	513.279
172.4	513.338
172.5	513.398
172.6	513.457
172.7	513.516
172.8	513.575
172.9	513.635
173	513.694
173.1	513.753
173.2	513.812
173.3	513.871
173.4	513.93
173.5	513.989
173.6	514.048
173.7	514.107
173.8	514.167
173.9	514.226
174	514.285
174.1	514.344
174.2	514.403
174.3	514.462
174.4	514.521
174.5	514.579
174.6	514.638
174.7	514.697
174.8	514.756
174.9	514.815
175	514.874
175.1	514.933
175.2	514.992
175.3	515.051
175.4	515.109
175.5	515.168
175.6	515.227
175.7	515.286
175.8	515.344
175.9	515.403
176	515.462
176.1	515.521
176.2	515.579
176.3	515.638
176.4	515.697
176.5	515.755
176.6	515.814
176.7	515.873
176.8	515.931
176.9	515.99
177	516.048
177.1	516.107
177.2	516.166
177.3	516.224
177.4	516.283
177.5	516.341
177.6	516.4
177.7	516.458
177.8	516.517
177.9	516.575
178	516.634
178.1	516.692
178.2	516.75
178.3	516.809
178.4	516.867
178.5	516.926
178.6	516.984
178.7	517.042
178.8	517.101
178.9	517.159
179	517.217
179.1	517.275
179.2	517.334
179.3	517.392
179.4	517.45
179.5	517.508
179.6	517.567
179.7	517.625
179.8	517.683
179.9	517.741
180	517.799
180.1	517.858
180.2	517.916
180.3	517.974
180.4	518.032
180.5	518.09
180.6	518.148
180.7	518.206
180.8	518.264
180.9	518.322
181	518.38
181.1	518.438
181.2	518.496
181.3	518.554
181.4	518.612
181.5	518.67
181.6	518.728
181.7	518.786
181.8	518.844
181.9	518.902
182	518.96
182.1	519.017
182.2	519.075
182.3	519.133
182.4	519.191
182.5	519.249
182.6	519.307
182.7	519.364
182.8	519.422
182.9	519.48
183	519.538
183.1	519.595
183.2	519.653
183.3	519.711
183.4	519.768
183.5	519.826
183.6	519.884
183.7	519.941
183.8	519.999
183.9	520.057
184	520.114
184.1	520.172
184.2	520.229
184.3	520.287
184.4	520.344
184.5	520.402
184.6	520.46
184.7	520.517
184.8	520.575
184.9	520.632
185	520.689
185.1	520.747
185.2	520.804
185.3	520.862
185.4	520.919
185.5	520.977
185.6	521.034
185.7	521.091
185.8	521.149
185.9	521.206
186	521.263
186.1	521.321
186.2	521.378
186.3	521.435
186.4	521.493
186.5	521.55
186.6	521.607
186.7	521.664
186.8	521.721
186.9	521.779
187	521.836
187.1	521.893
187.2	521.95
187.3	522.007
187.4	522.064
187.5	522.122
187.6	522.179
187.7	522.236
187.8	522.293
187.9	522.35
188	522.407
188.1	522.464
188.2	522.521
188.3	522.578
188.4	522.635
188.5	522.692
188.6	522.749
188.7	522.806
188.8	522.863
188.9	522.92
189	522.977
189.1	523.034
189.2	523.091
189.3	523.148
189.4	523.204
189.5	523.261
189.6	523.318
189.7	523.375
189.8	523.432
189.9	523.489
190	523.545
190.1	523.602
190.2	523.659
190.3	523.716
190.4	523.772
190.5	523.829
190.6	523.886
190.7	523.942
190.8	523.999
190.9	524.056
191	524.112
191.1	524.169
191.2	524.226
191.3	524.282
191.4	524.339
191.5	524.396
191.6	524.452
191.7	524.509
191.8	524.565
191.9	524.622
192	524.678
192.1	524.735
192.2	524.791
192.3	524.848
192.4	524.904
192.5	524.961
192.6	525.017
192.7	525.074
192.8	525.13
192.9	525.186
193	525.243
193.1	525.299
193.2	525.356
193.3	525.412
193.4	525.468
193.5	525.525
193.6	525.581
193.7	525.637
193.8	525.694
193.9	525.75
194	525.806
194.1	525.862
194.2	525.919
194.3	525.975
194.4	526.031
194.5	526.087
194.6	526.143
194.7	526.2
194.8	526.256
194.9	526.312
195	526.368
195.1	526.424
195.2	526.48
195.3	526.536
195.4	526.592
195.5	526.648
195.6	526.704
195.7	526.761
195.8	526.817
195.9	526.873
196	526.929
196.1	526.985
196.2	527.041
196.3	527.097
196.4	527.152
196.5	527.208
196.6	527.264
196.7	527.32
196.8	527.376
196.9	527.432
197	527.488
197.1	527.544
197.2	527.6
197.3	527.655
197.4	527.711
197.5	527.767
197.6	527.823
197.7	527.879
197.8	527.934
197.9	527.99
198	528.046
198.1	528.102
198.2	528.157
198.3	528.213
198.4	528.269
198.5	528.325
198.6	528.38
198.7	528.436
198.8	528.492
198.9	528.547
199	528.603
199.1	528.658
199.2	528.714
199.3	528.77
199.4	528.825
199.5	528.881
199.6	528.936
199.7	528.992
199.8	529.047
199.9	529.103
200	529.158
200.1	529.214
200.2	529.269
200.3	529.325
200.4	529.38
200.5	529.436
200.6	529.491
200.7	529.546
200.8	529.602
200.9	529.657
201	529.713
201.1	529.768
201.2	529.823
201.3	529.879
201.4	529.934
201.5	529.989
201.6	530.045
201.7	530.1
201.8	530.155
201.9	530.21
202	530.266
202.1	530.321
202.2	530.376
202.3	530.431
202.4	530.487
202.5	530.542
202.6	530.597
202.7	530.652
202.8	530.707
202.9	530.762
203	530.817
203.1	530.873
203.2	530.928
203.3	530.983
203.4	531.038
203.5	531.093
203.6	531.148
203.7	531.203
203.8	531.258
203.9	531.313
204	531.368
204.1	531.423
204.2	531.478
204.3	531.533
204.4	531.588
204.5	531.643
204.6	531.698
204.7	531.753
204.8	531.808
204.9	531.863
205	531.917
205.1	531.972
205.2	532.027
205.3	532.082
205.4	532.137
205.5	532.192
205.6	532.246
205.7	532.301
205.8	532.356
205.9	532.411
206	532.466
206.1	532.52
206.2	532.575
206.3	532.63
206.4	532.684
206.5	532.739
206.6	532.794
206.7	532.849
206.8	532.903
206.9	532.958
207	533.012
207.1	533.067
207.2	533.122
207.3	533.176
207.4	533.231
207.5	533.285
207.6	533.34
207.7	533.395
207.8	533.449
207.9	533.504
208	533.558
208.1	533.613
208.2	533.667
208.3	533.722
208.4	533.776
208.5	533.831
208.6	533.885
208.7	533.939
208.8	533.994
208.9	534.048
209	534.103
209.1	534.157
209.2	534.211
209.3	534.266
209.4	534.32
209.5	534.375
209.6	534.429
209.7	534.483
209.8	534.537
209.9	534.592
210	534.646
210.1	534.7
210.2	534.755
210.3	534.809
210.4	534.863
210.5	534.917
210.6	534.971
210.7	535.026
210.8	535.08
210.9	535.134
211	535.188
211.1	535.242
211.2	535.296
211.3	535.351
211.4	535.405
211.5	535.459
211.6	535.513
211.7	535.567
211.8	535.621
211.9	535.675
212	535.729
212.1	535.783
212.2	535.837
212.3	535.891
212.4	535.945
212.5	535.999
212.6	536.053
212.7	536.107
212.8	536.161
212.9	536.215
213	536.269
213.1	536.323
213.2	536.377
213.3	536.431
213.4	536.485
213.5	536.538
213.6	536.592
213.7	536.646
213.8	536.7
213.9	536.754
214	536.808
214.1	536.861
214.2	536.915
214.3	536.969
214.4	537.023
214.5	537.077
214.6	537.13
214.7	537.184
214.8	537.238
214.9	537.291
215	537.345
215.1	537.399
215.2	537.452
215.3	537.506
215.4	537.56
215.5	537.613
215.6	537.667
215.7	537.721
215.8	537.774
215.9	537.828
216	537.881
216.1	537.935
216.2	537.989
216.3	538.042
216.4	538.096
216.5	538.149
216.6	538.203
216.7	538.256
216.8	538.31
216.9	538.363
217	538.417
217.1	538.47
217.2	538.524
217.3	538.577
217.4	538.63
217.5	538.684
217.6	538.737
217.7	538.791
217.8	538.844
217.9	538.897
218	538.951
218.1	539.004
218.2	539.057
218.3	539.111
218.4	539.164
218.5	539.217
218.6	539.271
218.7	539.324
218.8	539.377
218.9	539.43
219	539.484
219.1	539.537
219.2	539.59
219.3	539.643
219.4	539.696
219.5	539.75
219.6	539.803
219.7	539.856
219.8	539.909
219.9	539.962
220	540.015
220.1	540.069
220.2	540.122
220.3	540.175
220.4	540.228
220.5	540.281
220.6	540.334
220.7	540.387
220.8	540.44
220.9	540.493
221	540.546
221.1	540.599
221.2	540.652
221.3	540.705
221.4	540.758
221.5	540.811
221.6	540.864
221.7	540.917
221.8	540.97
221.9	541.023
222	541.076
222.1	541.129
222.2	541.181
222.3	541.234
222.4	541.287
222.5	541.34
222.6	541.393
222.7	541.446
222.8	541.498
222.9	541.551
223	541.604
223.1	541.657
223.2	541.71
223.3	541.762
223.4	541.815
223.5	541.868
223.6	541.921
223.7	541.973
223.8	542.026
223.9	542.079
224	542.131
224.1	542.184
224.2	542.237
224.3	542.289
224.4	542.342
224.5	542.395
224.6	542.447
224.7	542.5
224.8	542.553
224.9	542.605
225	542.658
225.1	542.71
225.2	542.763
225.3	542.815
225.4	542.868
225.5	542.92
225.6	542.973
225.7	543.025
225.8	543.078
225.9	543.13
226	543.183
226.1	543.235
226.2	543.288
226.3	543.34
226.4	543.393
226.5	543.445
226.6	543.497
226.7	543.55
226.8	543.602
226.9	543.655
227	543.707
227.1	543.759
227.2	543.812
227.3	543.864
227.4	543.916
227.5	543.969
227.6	544.021
227.7	544.073
227.8	544.125
227.9	544.178
228	544.23
228.1	544.282
228.2	544.334
228.3	544.387
228.4	544.439
228.5	544.491
228.6	544.543
228.7	544.595
228.8	544.648
228.9	544.7
229	544.752
229.1	544.804
229.2	544.856
229.3	544.908
229.4	544.96
229.5	545.012
229.6	545.065
229.7	545.117
229.8	545.169
229.9	545.221
230	545.273
230.1	545.325
230.2	545.377
230.3	545.429
230.4	545.481
230.5	545.533
230.6	545.585
230.7	545.637
230.8	545.689
230.9	545.741
231	545.793
231.1	545.844
231.2	545.896
231.3	545.948
231.4	546
231.5	546.052
231.6	546.104
231.7	546.156
231.8	546.208
231.9	546.259
232	546.311
232.1	546.363
232.2	546.415
232.3	546.467
232.4	546.519
232.5	546.57
232.6	546.622
232.7	546.674
232.8	546.726
232.9	546.777
233	546.829
233.1	546.881
233.2	546.932
233.3	546.984
233.4	547.036
233.5	547.087
233.6	547.139
233.7	547.191
233.8	547.242
233.9	547.294
234	547.346
234.1	547.397
234.2	547.449
234.3	547.5
234.4	547.552
234.5	547.604
234.6	547.655
234.7	547.707
234.8	547.758
234.9	547.81
235	547.861
235.1	547.913
235.2	547.964
235.3	548.016
235.4	548.067
235.5	548.119
235.6	548.17
235.7	548.222
235.8	548.273
235.9	548.324
236	548.376
236.1	548.427
236.2	548.479
236.3	548.53
236.4	548.581
236.5	548.633
236.6	548.684
236.7	548.735
236.8	548.787
236.9	548.838
237	548.889
237.1	548.941
237.2	548.992
237.3	549.043
237.4	549.095
237.5	549.146
237.6	549.197
237.7	549.248
237.8	549.3
237.9	549.351
238	549.402
238.1	549.453
238.2	549.504
238.3	549.556
238.4	549.607
238.5	549.658
238.6	549.709
238.7	549.76
238.8	549.811
238.9	549.862
239	549.913
239.1	549.965
239.2	550.016
239.3	550.067
239.4	550.118
239.5	550.169
239.6	550.22
239.7	550.271
239.8	550.322
239.9	550.373
240	550.424
240.1	550.475
240.2	550.526
240.3	550.577
240.4	550.628
240.5	550.679
240.6	550.73
240.7	550.781
240.8	550.832
240.9	550.883
241	550.933
241.1	550.984
241.2	551.035
241.3	551.086
241.4	551.137
241.5	551.188
241.6	551.239
241.7	551.29
241.8	551.34
241.9	551.391
242	551.442
242.1	551.493
242.2	551.544
242.3	551.594
242.4	551.645
242.5	551.696
242.6	551.747
242.7	551.797
242.8	551.848
242.9	551.899
243	551.949
243.1	552
243.2	552.051
243.3	552.102
243.4	552.152
243.5	552.203
243.6	552.253
243.7	552.304
243.8	552.355
243.9	552.405
244	552.456
244.1	552.507
244.2	552.557
244.3	552.608
244.4	552.658
244.5	552.709
244.6	552.759
244.7	552.81
244.8	552.86
244.9	552.911
245	552.962
245.1	553.012
245.2	553.062
245.3	553.113
245.4	553.163
245.5	553.214
245.6	553.264
245.7	553.315
245.8	553.365
245.9	553.416
246	553.466
246.1	553.516
246.2	553.567
246.3	553.617
246.4	553.668
246.5	553.718
246.6	553.768
246.7	553.819
246.8	553.869
246.9	553.919
247	553.97
247.1	554.02
247.2	554.07
247.3	554.12
247.4	554.171
247.5	554.221
247.6	554.271
247.7	554.322
247.8	554.372
247.9	554.422
248	554.472
248.1	554.522
248.2	554.573
248.3	554.623
248.4	554.673
248.5	554.723
248.6	554.773
248.7	554.823
248.8	554.874
248.9	554.924
249	554.974
249.1	555.024
249.2	555.074
249.3	555.124
249.4	555.174
249.5	555.224
249.6	555.274
249.7	555.324
249.8	555.374
249.9	555.424
250	555.475
250.1	555.525
250.2	555.575
250.3	555.625
250.4	555.675
250.5	555.724
250.6	555.774
250.7	555.824
250.8	555.874
250.9	555.924
251	555.974
251.1	556.024
251.2	556.074
251.3	556.124
251.4	556.174
251.5	556.224
251.6	556.274
251.7	556.323
251.8	556.373
251.9	556.423
252	556.473
252.1	556.523
252.2	556.573
252.3	556.622
252.4	556.672
252.5	556.722
252.6	556.772
252.7	556.822
252.8	556.871
252.9	556.921
253	556.971
253.1	557.021
253.2	557.07
253.3	557.12
253.4	557.17
253.5	557.219
253.6	557.269
253.7	557.319
253.8	557.368
253.9	557.418
254	557.468
254.1	557.517
254.2	557.567
254.3	557.617
254.4	557.666
254.5	557.716
254.6	557.765
254.7	557.815
254.8	557.864
254.9	557.914
255	557.964
255.1	558.013
255.2	558.063
255.3	558.112
255.4	558.162
255.5	558.211
255.6	558.261
255.7	558.31
255.8	558.36
255.9	558.409
256	558.459
256.1	558.508
256.2	558.557
256.3	558.607
256.4	558.656
256.5	558.706
256.6	558.755
256.7	558.805
256.8	558.854
256.9	558.903
257	558.953
257.1	559.002
257.2	559.051
257.3	559.101
257.4	559.15
257.5	559.199
257.6	559.249
257.7	559.298
257.8	559.347
257.9	559.397
258	559.446
258.1	559.495
258.2	559.544
258.3	559.594
258.4	559.643
258.5	559.692
258.6	559.741
258.7	559.79
258.8	559.84
258.9	559.889
259	559.938
259.1	559.987
259.2	560.036
259.3	560.085
259.4	560.135
259.5	560.184
259.6	560.233
259.7	560.282
259.8	560.331
259.9	560.38
260	560.429
260.1	560.478
260.2	560.527
260.3	560.577
260.4	560.626
260.5	560.675
260.6	560.724
260.7	560.773
260.8	560.822
260.9	560.871
261	560.92
261.1	560.969
261.2	561.018
261.3	561.067
261.4	561.116
261.5	561.165
261.6	561.214
261.7	561.262
261.8	561.311
261.9	561.36
262	561.409
262.1	561.458
262.2	561.507
262.3	561.556
262.4	561.605
262.5	561.654
262.6	561.702
262.7	561.751
262.8	561.8
262.9	561.849
263	561.898
263.1	561.947
263.2	561.995
263.3	562.044
263.4	562.093
263.5	562.142
263.6	562.19
263.7	562.239
263.8	562.288
263.9	562.337
264	562.385
264.1	562.434
264.2	562.483
264.3	562.532
264.4	562.58
264.5	562.629
264.6	562.678
264.7	562.726
264.8	562.775
264.9	562.824
265	562.872
265.1	562.921
265.2	562.97
265.3	563.018
265.4	563.067
265.5	563.115
265.6	563.164
265.7	563.212
265.8	563.261
265.9	563.31
266	563.358
266.1	563.407
266.2	563.455
266.3	563.504
266.4	563.552
266.5	563.601
266.6	563.649
266.7	563.698
266.8	563.746
266.9	563.795
267	563.843
267.1	563.892
267.2	563.94
267.3	563.989
267.4	564.037
267.5	564.085
267.6	564.134
267.7	564.182
267.8	564.231
267.9	564.279
268	564.327
268.1	564.376
268.2	564.424
268.3	564.472
268.4	564.521
268.5	564.569
268.6	564.617
268.7	564.666
268.8	564.714
268.9	564.762
269	564.811
269.1	564.859
269.2	564.907
269.3	564.955
269.4	565.004
269.5	565.052
269.6	565.1
269.7	565.148
269.8	565.197
269.9	565.245
270	565.293
270.1	565.341
270.2	565.389
270.3	565.438
270.4	565.486
270.5	565.534
270.6	565.582
270.7	565.63
270.8	565.678
270.9	565.726
271	565.775
271.1	565.823
271.2	565.871
271.3	565.919
271.4	565.967
271.5	566.015
271.6	566.063
271.7	566.111
271.8	566.159
271.9	566.207
272	566.255
272.1	566.303
272.2	566.351
272.3	566.399
272.4	566.447
272.5	566.495
272.6	566.543
272.7	566.591
272.8	566.639
272.9	566.687
273	566.735
273.1	566.783
273.2	566.831
273.3	566.879
273.4	566.927
273.5	566.975
273.6	567.022
273.7	567.07
273.8	567.118
273.9	567.166
274	567.214
274.1	567.262
274.2	567.31
274.3	567.357
274.4	567.405
274.5	567.453
274.6	567.501
274.7	567.549
274.8	567.596
274.9	567.644
275	567.692
275.1	567.74
275.2	567.788
275.3	567.835
275.4	567.883
275.5	567.931
275.6	567.978
275.7	568.026
275.8	568.074
275.9	568.122
276	568.169
276.1	568.217
276.2	568.265
276.3	568.312
276.4	568.36
276.5	568.408
276.6	568.455
276.7	568.503
276.8	568.55
276.9	568.598
277	568.646
277.1	568.693
277.2	568.741
277.3	568.788
277.4	568.836
277.5	568.884
277.6	568.931
277.7	568.979
277.8	569.026
277.9	569.074
278	569.121
278.1	569.169
278.2	569.216
278.3	569.264
278.4	569.311
278.5	569.359
278.6	569.406
278.7	569.454
278.8	569.501
278.9	569.548
279	569.596
279.1	569.643
279.2	569.691
279.3	569.738
279.4	569.786
279.5	569.833
279.6	569.88
279.7	569.928
279.8	569.975
279.9	570.022
280	570.07
280.1	570.117
280.2	570.164
280.3	570.212
280.4	570.259
280.5	570.306
280.6	570.354
280.7	570.401
280.8	570.448
280.9	570.496
281	570.543
281.1	570.59
281.2	570.637
281.3	570.685
281.4	570.732
281.5	570.779
281.6	570.826
281.7	570.874
281.8	570.921
281.9	570.968
282	571.015
282.1	571.062
282.2	571.109
282.3	571.157
282.4	571.204
282.5	571.251
282.6	571.298
282.7	571.345
282.8	571.392
282.9	571.439
283	571.487
283.1	571.534
283.2	571.581
283.3	571.628
283.4	571.675
283.5	571.722
283.6	571.769
283.7	571.816
283.8	571.863
283.9	571.91
284	571.957
284.1	572.004
284.2	572.051
284.3	572.098
284.4	572.145
284.5	572.192
284.6	572.239
284.7	572.286
284.8	572.333
284.9	572.38
285	572.427
285.1	572.474
285.2	572.521
285.3	572.568
285.4	572.615
285.5	572.661
285.6	572.708
285.7	572.755
285.8	572.802
285.9	572.849
286	572.896
286.1	572.943
286.2	572.99
286.3	573.036
286.4	573.083
286.5	573.13
286.6	573.177
286.7	573.224
286.8	573.27
286.9	573.317
287	573.364
287.1	573.411
287.2	573.458
287.3	573.504
287.4	573.551
287.5	573.598
287.6	573.645
287.7	573.691
287.8	573.738
287.9	573.785
288	573.831
288.1	573.878
288.2	573.925
288.3	573.971
288.4	574.018
288.5	574.065
288.6	574.111
288.7	574.158
288.8	574.205
288.9	574.251
289	574.298
289.1	574.345
289.2	574.391
289.3	574.438
289.4	574.484
289.5	574.531
289.6	574.578
289.7	574.624
289.8	574.671
289.9	574.717
290	574.764
290.1	574.81
290.2	574.857
290.3	574.903
290.4	574.95
290.5	574.996
290.6	575.043
290.7	575.089
290.8	575.136
290.9	575.182
291	575.229
291.1	575.275
291.2	575.322
291.3	575.368
291.4	575.414
291.5	575.461
291.6	575.507
291.7	575.554
291.8	575.6
291.9	575.647
292	575.693
292.1	575.739
292.2	575.786
292.3	575.832
292.4	575.878
292.5	575.925
292.6	575.971
292.7	576.017
292.8	576.064
292.9	576.11
293	576.156
293.1	576.203
293.2	576.249
293.3	576.295
293.4	576.341
293.5	576.388
293.6	576.434
293.7	576.48
293.8	576.526
293.9	576.573
294	576.619
294.1	576.665
294.2	576.711
294.3	576.758
294.4	576.804
294.5	576.85
294.6	576.896
294.7	576.942
294.8	576.988
294.9	577.035
295	577.081
295.1	577.127
295.2	577.173
295.3	577.219
295.4	577.265
295.5	577.311
295.6	577.357
295.7	577.404
295.8	577.45
295.9	577.496
296	577.542
296.1	577.588
296.2	577.634
296.3	577.68
296.4	577.726
296.5	577.772
296.6	577.818
296.7	577.864
296.8	577.91
296.9	577.956
297	578.002
297.1	578.048
297.2	578.094
297.3	578.14
297.4	578.186
297.5	578.232
297.6	578.278
297.7	578.324
297.8	578.37
297.9	578.416
298	578.462
298.1	578.508
298.2	578.553
298.3	578.599
298.4	578.645
298.5	578.691
298.6	578.737
298.7	578.783
298.8	578.829
298.9	578.875
299	578.92
299.1	578.966
299.2	579.012
299.3	579.058
299.4	579.104
299.5	579.15
299.6	579.195
299.7	579.241
299.8	579.287
299.9	579.333
300	579.378
