W	Pred
1.5	486.44
1.6	482.081
1.7	478.073
1.8	474.372
1.9	470.941
2	467.748
2.1	464.767
2.2	461.976
2.3	459.357
2.4	456.892
2.5	454.568
2.6	452.372
2.7	450.293
2.8	448.321
2.9	446.448
3	444.667
3.1	442.97
3.2	441.351
3.3	439.805
3.4	438.327
3.5	436.912
3.6	435.557
3.7	434.257
3.8	433.01
3.9	431.811
4	430.659
4.1	429.55
4.2	428.483
4.3	427.454
4.4	426.462
4.5	425.505
4.6	424.581
4.7	423.689
4.8	422.826
4.9	421.992
5	421.186
5.1	420.405
5.2	419.649
5.3	418.916
5.4	418.207
5.5	417.518
5.6	416.851
5.7	416.203
5.8	415.575
5.9	414.965
6	414.372
6.1	413.796
6.2	413.236
6.3	412.692
6.4	412.163
6.5	411.649
6.6	411.148
6.7	410.661
6.8	410.187
6.9	409.726
7	409.276
7.1	408.838
7.2	408.412
7.3	407.996
7.4	407.591
7.5	407.197
7.6	406.812
7.7	406.437
7.8	406.071
7.9	405.714
8	405.366
8.1	405.026
8.2	404.694
8.3	404.371
8.4	404.055
8.5	403.747
8.6	403.446
8.7	403.153
8.8	402.866
8.9	402.586
9	402.312
9.1	402.045
9.2	401.784
9.3	401.529
9.4	401.28
9.5	401.037
9.6	400.799
9.7	400.567
9.8	400.34
9.9	400.118
10	399.902
10.1	399.69
10.2	399.483
10.3	399.28
10.4	399.083
10.5	398.889
10.6	398.7
10.7	398.516
10.8	398.335
10.9	398.159
11	397.986
11.1	397.818
11.2	397.653
11.3	397.492
11.4	397.334
11.5	397.18
11.6	397.03
11.7	396.883
11.8	396.739
11.9	396.599
12	396.461
12.1	396.327
12.2	396.196
12.3	396.068
12.4	395.943
12.5	395.821
12.6	395.701
12.7	395.584
12.8	395.47
12.9	395.359
13	395.25
13.1	395.144
13.2	395.04
13.3	394.939
13.4	394.84
13.5	394.744
13.6	394.65
13.7	394.558
13.8	394.468
13.9	394.381
14	394.295
14.1	394.212
14.2	394.131
14.3	394.052
14.4	393.975
14.5	393.899
14.6	393.826
14.7	393.755
14.8	393.685
14.9	393.618
15	393.552
15.1	393.488
15.2	393.425
15.3	393.365
15.4	393.306
15.5	393.248
15.6	393.192
15.7	393.138
15.8	393.086
15.9	393.035
16	392.985
16.1	392.937
16.2	392.89
16.3	392.845
16.4	392.802
16.5	392.759
16.6	392.718
16.7	392.679
16.8	392.64
16.9	392.603
17	392.568
17.1	392.533
17.2	392.5
17.3	392.468
17.4	392.437
17.5	392.408
17.6	392.379
17.7	392.352
17.8	392.326
17.9	392.301
18	392.277
18.1	392.255
18.2	392.233
18.3	392.212
18.4	392.193
18.5	392.174
18.6	392.156
18.7	392.14
18.8	392.124
18.9	392.11
19	392.096
19.1	392.083
19.2	392.071
19.3	392.06
19.4	392.05
19.5	392.041
19.6	392.033
19.7	392.026
19.8	392.019
19.9	392.014
20	392.009
20.1	392.005
20.2	392.001
20.3	391.999
20.4	391.997
20.5	391.996
20.6	391.996
20.7	391.997
20.8	391.998
20.9	392
21	392.003
21.1	392.007
21.2	392.011
21.3	392.016
21.4	392.021
21.5	392.028
21.6	392.035
21.7	392.042
21.8	392.051
21.9	392.059
22	392.069
22.1	392.079
22.2	392.09
22.3	392.101
22.4	392.113
22.5	392.126
22.6	392.139
22.7	392.153
22.8	392.167
22.9	392.182
23	392.197
23.1	392.213
23.2	392.23
23.3	392.247
23.4	392.264
23.5	392.283
23.6	392.301
23.7	392.32
23.8	392.34
23.9	392.36
24	392.381
24.1	392.402
24.2	392.423
24.3	392.445
24.4	392.468
24.5	392.491
24.6	392.514
24.7	392.538
24.8	392.563
24.9	392.588
25	392.613
25.1	392.638
25.2	392.665
25.3	392.691
25.4	392.718
25.5	392.745
25.6	392.773
25.7	392.801
25.8	392.83
25.9	392.859
26	392.888
26.1	392.918
26.2	392.948
26.3	392.978
26.4	393.009
26.5	393.04
26.6	393.072
26.7	393.104
26.8	393.136
26.9	393.169
27	393.202
27.1	393.235
27.2	393.269
27.3	393.303
27.4	393.337
27.5	393.372
27.6	393.407
27.7	393.442
27.8	393.478
27.9	393.514
28	393.55
28.1	393.586
28.2	393.623
28.3	393.66
28.4	393.698
28.5	393.736
28.6	393.774
28.7	393.812
28.8	393.851
28.9	393.889
29	393.929
29.1	393.968
29.2	394.008
29.3	394.048
29.4	394.088
29.5	394.128
29.6	394.169
29.7	394.21
29.8	394.251
29.9	394.293
30	394.335
30.1	394.377
30.2	394.419
30.3	394.462
30.4	394.504
30.5	394.547
30.6	394.591
30.7	394.634
30.8	394.678
30.9	394.722
31	394.766
31.1	394.81
31.2	394.855
31.3	394.899
31.4	394.944
31.5	394.99
31.6	395.035
31.7	395.081
31.8	395.126
31.9	395.172
32	395.219
32.1	395.265
32.2	395.312
32.3	395.359
32.4	395.406
32.5	395.453
32.6	395.5
32.7	395.548
32.8	395.596
32.9	395.644
33	395.692
33.1	395.74
33.2	395.789
33.3	395.837
33.4	395.886
33.5	395.935
33.6	395.984
33.7	396.034
33.8	396.083
33.9	396.133
34	396.183
34.1	396.233
34.2	396.283
34.3	396.333
34.4	396.384
34.5	396.435
34.6	396.485
34.7	396.536
34.8	396.588
34.9	396.639
35	396.69
35.1	396.742
35.2	396.794
35.3	396.845
35.4	396.897
35.5	396.95
35.6	397.002
35.7	397.054
35.8	397.107
35.9	397.16
36	397.212
36.1	397.265
36.2	397.319
36.3	397.372
36.4	397.425
36.5	397.479
36.6	397.532
36.7	397.586
36.8	397.64
36.9	397.694
37	397.748
37.1	397.802
37.2	397.857
37.3	397.911
37.4	397.966
37.5	398.02
37.6	398.075
37.7	398.13
37.8	398.185
37.9	398.24
38	398.295
38.1	398.351
38.2	398.406
38.3	398.462
38.4	398.518
38.5	398.573
38.6	398.629
38.7	398.685
38.8	398.741
38.9	398.798
39	398.854
39.1	398.91
39.2	398.967
39.3	399.024
39.4	399.08
39.5	399.137
39.6	399.194
39.7	399.251
39.8	399.308
39.9	399.365
40	399.422
40.1	399.48
40.2	399.537
40.3	399.595
40.4	399.652
40.5	399.71
40.6	399.768
40.7	399.826
40.8	399.884
40.9	399.942
41	400
41.1	400.058
41.2	400.116
41.3	400.175
41.4	400.233
41.5	400.292
41.6	400.35
41.7	400.409
41.8	400.468
41.9	400.526
42	400.585
42.1	400.644
42.2	400.703
42.3	400.762
42.4	400.822
42.5	400.881
42.6	400.94
42.7	401
42.8	401.059
42.9	401.119
43	401.178
43.1	401.238
43.2	401.298
43.3	401.357
43.4	401.417
43.5	401.477
43.6	401.537
43.7	401.597
43.8	401.657
43.9	401.717
44	401.778
44.1	401.838
44.2	401.898
44.3	401.959
44.4	402.019
44.5	402.08
44.6	402.14
44.7	402.201
44.8	402.262
44.9	402.322
45	402.383
45.1	402.444
45.2	402.505
45.3	402.566
45.4	402.627
45.5	402.688
45.6	402.749
45.7	402.81
45.8	402.872
45.9	402.933
46	402.994
46.1	403.056
46.2	403.117
46.3	403.179
46.4	403.24
46.5	403.302
46.6	403.363
46.7	403.425
46.8	403.487
46.9	403.548
47	403.61
47.1	403.672
47.2	403.734
47.3	403.796
47.4	403.858
47.5	403.92
47.6	403.982
47.7	404.044
47.8	404.106
47.9	404.168
48	404.231
48.1	404.293
48.2	404.355
48.3	404.418
48.4	404.48
48.5	404.542
48.6	404.605
48.7	404.667
48.8	404.73
48.9	404.792
49	404.855
49.1	404.918
49.2	404.98
49.3	405.043
49.4	405.106
49.5	405.168
49.6	405.231
49.7	405.294
49.8	405.357
49.9	405.42
50	405.483
50.1	405.546
50.2	405.609
50.3	405.672
50.4	405.735
50.5	405.798
50.6	405.861
50.7	405.924
50.8	405.987
50.9	406.051
51	406.114
51.1	406.177
51.2	406.241
51.3	406.304
51.4	406.367
51.5	406.431
51.6	406.494
51.7	406.557
51.8	406.621
51.9	406.684
52	406.748
52.1	406.811
52.2	406.875
52.3	406.939
52.4	407.002
52.5	407.066
52.6	407.129
52.7	407.193
52.8	407.257
52.9	407.321
53	407.384
53.1	407.448
53.2	407.512
53.3	407.576
53.4	407.64
53.5	407.703
53.6	407.767
53.7	407.831
53.8	407.895
53.9	407.959
54	408.023
54.1	408.087
54.2	408.151
54.3	408.215
54.4	408.279
54.5	408.343
54.6	408.407
54.7	408.471
54.8	408.535
54.9	408.6
55	408.664
55.1	408.728
55.2	408.792
55.3	408.856
55.4	408.921
55.5	408.985
55.6	409.049
55.7	409.113
55.8	409.178
55.9	409.242
56	409.306
56.1	409.37
56.2	409.435
56.3	409.499
56.4	409.563
56.5	409.628
56.6	409.692
56.7	409.757
56.8	409.821
56.9	409.886
57	409.95
57.1	410.014
57.2	410.079
57.3	410.143
57.4	410.208
57.5	410.272
57.6	410.337
57.7	410.401
57.8	410.466
57.9	410.531
58	410.595
58.1	410.66
58.2	410.724
58.3	410.789
58.4	410.853
58.5	410.918
58.6	410.983
58.7	411.047
58.8	411.112
58.9	411.177
59	411.241
59.1	411.306
59.2	411.371
59.3	411.435
59.4	411.5
59.5	411.565
59.6	411.629
59.7	411.694
59.8	411.759
59.9	411.824
60	411.888
60.1	411.953
60.2	412.018
60.3	412.083
60.4	412.147
60.5	412.212
60.6	412.277
60.7	412.342
60.8	412.406
60.9	412.471
61	412.536
61.1	412.601
61.2	412.666
61.3	412.731
61.4	412.795
61.5	412.86
61.6	412.925
61.7	412.99
61.8	413.055
61.9	413.12
62	413.184
62.1	413.249
62.2	413.314
62.3	413.379
62.4	413.444
62.5	413.509
62.6	413.574
62.7	413.638
62.8	413.703
62.9	413.768
63	413.833
63.1	413.898
63.2	413.963
63.3	414.028
63.4	414.093
63.5	414.158
63.6	414.223
63.7	414.287
63.8	414.352
63.9	414.417
64	414.482
64.1	414.547
64.2	414.612
64.3	414.677
64.4	414.742
64.5	414.807
64.6	414.872
64.7	414.937
64.8	415.001
64.9	415.066
65	415.131
65.1	415.196
65.2	415.261
65.3	415.326
65.4	415.391
65.5	415.456
65.6	415.521
65.7	415.586
65.8	415.651
65.9	415.716
66	415.78
66.1	415.845
66.2	415.91
66.3	415.975
66.4	416.04
66.5	416.105
66.6	416.17
66.7	416.235
66.8	416.3
66.9	416.365
67	416.43
67.1	416.494
67.2	416.559
67.3	416.624
67.4	416.689
67.5	416.754
67.6	416.819
67.7	416.884
67.8	416.949
67.9	417.014
68	417.078
68.1	417.143
68.2	417.208
68.3	417.273
68.4	417.338
68.5	417.403
68.6	417.468
68.7	417.532
68.8	417.597
68.9	417.662
69	417.727
69.1	417.792
69.2	417.857
69.3	417.922
69.4	417.986
69.5	418.051
69.6	418.116
69.7	418.181
69.8	418.246
69.9	418.31
70	418.375
70.1	418.44
70.2	418.505
70.3	418.57
70.4	418.634
70.5	418.699
70.6	418.764
70.7	418.829
70.8	418.894
70.9	418.958
71	419.023
71.1	419.088
71.2	419.153
71.3	419.217
71.4	419.282
71.5	419.347
71.6	419.412
71.7	419.476
71.8	419.541
71.9	419.606
72	419.67
72.1	419.735
72.2	419.8
72.3	419.864
72.4	419.929
72.5	419.994
72.6	420.058
72.7	420.123
72.8	420.188
72.9	420.252
73	420.317
73.1	420.382
73.2	420.446
73.3	420.511
73.4	420.576
73.5	420.64
73.6	420.705
73.7	420.769
73.8	420.834
73.9	420.898
74	420.963
74.1	421.028
74.2	421.092
74.3	421.157
74.4	421.221
74.5	421.286
74.6	421.35
74.7	421.415
74.8	421.479
74.9	421.544
75	421.608
75.1	421.673
75.2	421.737
75.3	421.802
75.4	421.866
75.5	421.931
75.6	421.995
75.7	422.06
75.8	422.124
75.9	422.188
76	422.253
76.1	422.317
76.2	422.382
76.3	422.446
76.4	422.51
76.5	422.575
76.6	422.639
76.7	422.704
76.8	422.768
76.9	422.832
77	422.897
77.1	422.961
77.2	423.025
77.3	423.089
77.4	423.154
77.5	423.218
77.6	423.282
77.7	423.347
77.8	423.411
77.9	423.475
78	423.539
78.1	423.604
78.2	423.668
78.3	423.732
78.4	423.796
78.5	423.86
78.6	423.925
78.7	423.989
78.8	424.053
78.9	424.117
79	424.181
79.1	424.245
79.2	424.309
79.3	424.374
79.4	424.438
79.5	424.502
79.6	424.566
79.7	424.63
79.8	424.694
79.9	424.758
80	424.822
80.1	424.886
80.2	424.95
80.3	425.014
80.4	425.078
80.5	425.142
80.6	425.206
80.7	425.27
80.8	425.334
80.9	425.398
81	425.462
81.1	425.526
81.2	425.59
81.3	425.654
81.4	425.718
81.5	425.782
81.6	425.845
81.7	425.909
81.8	425.973
81.9	426.037
82	426.101
82.1	426.165
82.2	426.229
82.3	426.292
82.4	426.356
82.5	426.42
82.6	426.484
82.7	426.547
82.8	426.611
82.9	426.675
83	426.739
83.1	426.802
83.2	426.866
83.3	426.93
83.4	426.993
83.5	427.057
83.6	427.121
83.7	427.184
83.8	427.248
83.9	427.312
84	427.375
84.1	427.439
84.2	427.503
84.3	427.566
84.4	427.63
84.5	427.693
84.6	427.757
84.7	427.82
84.8	427.884
84.9	427.947
85	428.011
85.1	428.074
85.2	428.138
85.3	428.201
85.4	428.265
85.5	428.328
85.6	428.392
85.7	428.455
85.8	428.518
85.9	428.582
86	428.645
86.1	428.709
86.2	428.772
86.3	428.835
86.4	428.899
86.5	428.962
86.6	429.025
86.7	429.089
86.8	429.152
86.9	429.215
87	429.278
87.1	429.342
87.2	429.405
87.3	429.468
87.4	429.531
87.5	429.595
87.6	429.658
87.7	429.721
87.8	429.784
87.9	429.847
88	429.91
88.1	429.974
88.2	430.037
88.3	430.1
88.4	430.163
88.5	430.226
88.6	430.289
88.7	430.352
88.8	430.415
88.9	430.478
89	430.541
89.1	430.604
89.2	430.667
89.3	430.73
89.4	430.793
89.5	430.856
89.6	430.919
89.7	430.982
89.8	431.045
89.9	431.108
90	431.171
90.1	431.233
90.2	431.296
90.3	431.359
90.4	431.422
90.5	431.485
90.6	431.548
90.7	431.61
90.8	431.673
90.9	431.736
91	431.799
91.1	431.862
91.2	431.924
91.3	431.987
91.4	432.05
91.5	432.112
91.6	432.175
91.7	432.238
91.8	432.3
91.9	432.363
92	432.426
92.1	432.488
92.2	432.551
92.3	432.614
92.4	432.676
92.5	432.739
92.6	432.801
92.7	432.864
92.8	432.926
92.9	432.989
93	433.051
93.1	433.114
93.2	433.176
93.3	433.239
93.4	433.301
93.5	433.364
93.6	433.426
93.7	433.488
93.8	433.551
93.9	433.613
94	433.676
94.1	433.738
94.2	433.8
94.3	433.863
94.4	433.925
94.5	433.987
94.6	434.05
94.7	434.112
94.8	434.174
94.9	434.236
95	434.299
95.1	434.361
95.2	434.423
95.3	434.485
95.4	434.547
95.5	434.61
95.6	434.672
95.7	434.734
95.8	434.796
95.9	434.858
96	434.92
96.1	434.982
96.2	435.044
96.3	435.106
96.4	435.168
96.5	435.23
96.6	435.292
96.7	435.354
96.8	435.416
96.9	435.478
97	435.54
97.1	435.602
97.2	435.664
97.3	435.726
97.4	435.788
97.5	435.85
97.6	435.912
97.7	435.974
97.8	436.036
97.9	436.097
98	436.159
98.1	436.221
98.2	436.283
98.3	436.345
98.4	436.406
98.5	436.468
98.6	436.53
98.7	436.592
98.8	436.653
98.9	436.715
99	436.777
99.1	436.839
99.2	436.9
99.3	436.962
99.4	437.023
99.5	437.085
99.6	437.147
99.7	437.208
99.8	437.27
99.9	437.331
100	437.393
100.1	437.455
100.2	437.516
100.3	437.578
100.4	437.639
100.5	437.701
100.6	437.762
100.7	437.823
100.8	437.885
100.9	437.946
101	438.008
101.1	438.069
101.2	438.131
101.3	438.192
101.4	438.253
101.5	438.315
101.6	438.376
101.7	438.437
101.8	438.499
101.9	438.56
102	438.621
102.1	438.682
102.2	438.744
102.3	438.805
102.4	438.866
102.5	438.927
102.6	438.988
102.7	439.05
102.8	439.111
102.9	439.172
103	439.233
103.1	439.294
103.2	439.355
103.3	439.416
103.4	439.478
103.5	439.539
103.6	439.6
103.7	439.661
103.8	439.722
103.9	439.783
104	439.844
104.1	439.905
104.2	439.966
104.3	440.027
104.4	440.088
104.5	440.148
104.6	440.209
104.7	440.27
104.8	440.331
104.9	440.392
105	440.453
105.1	440.514
105.2	440.575
105.3	440.635
105.4	440.696
105.5	440.757
105.6	440.818
105.7	440.878
105.8	440.939
105.9	441
106	441.061
106.1	441.121
106.2	441.182
106.3	441.243
106.4	441.303
106.5	441.364
106.6	441.425
106.7	441.485
106.8	441.546
106.9	441.606
107	441.667
107.1	441.728
107.2	441.788
107.3	441.849
107.4	441.909
107.5	441.97
107.6	442.03
107.7	442.091
107.8	442.151
107.9	442.211
108	442.272
108.1	442.332
108.2	442.393
108.3	442.453
108.4	442.513
108.5	442.574
108.6	442.634
108.7	442.695
108.8	442.755
108.9	442.815
109	442.875
109.1	442.936
109.2	442.996
109.3	443.056
109.4	443.116
109.5	443.177
109.6	443.237
109.7	443.297
109.8	443.357
109.9	443.417
110	443.478
110.1	443.538
110.2	443.598
110.3	443.658
110.4	443.718
110.5	443.778
110.6	443.838
110.7	443.898
110.8	443.958
110.9	444.018
111	444.078
111.1	444.138
111.2	444.198
111.3	444.258
111.4	444.318
111.5	444.378
111.6	444.438
111.7	444.498
111.8	444.558
111.9	444.618
112	444.678
112.1	444.737
112.2	444.797
112.3	444.857
112.4	444.917
112.5	444.977
112.6	445.036
112.7	445.096
112.8	445.156
112.9	445.216
113	445.275
113.1	445.335
113.2	445.395
113.3	445.454
113.4	445.514
113.5	445.574
113.6	445.633
113.7	445.693
113.8	445.753
113.9	445.812
114	445.872
114.1	445.931
114.2	445.991
114.3	446.05
114.4	446.11
114.5	446.17
114.6	446.229
114.7	446.288
114.8	446.348
114.9	446.407
115	446.467
115.1	446.526
115.2	446.586
115.3	446.645
115.4	446.704
115.5	446.764
115.6	446.823
115.7	446.883
115.8	446.942
115.9	447.001
116	447.06
116.1	447.12
116.2	447.179
116.3	447.238
116.4	447.298
116.5	447.357
116.6	447.416
116.7	447.475
116.8	447.534
116.9	447.594
117	447.653
117.1	447.712
117.2	447.771
117.3	447.83
117.4	447.889
117.5	447.948
117.6	448.007
117.7	448.066
117.8	448.125
117.9	448.184
118	448.243
118.1	448.302
118.2	448.361
118.3	448.42
118.4	448.479
118.5	448.538
118.6	448.597
118.7	448.656
118.8	448.715
118.9	448.774
119	448.833
119.1	448.892
119.2	448.951
119.3	449.009
119.4	449.068
119.5	449.127
119.6	449.186
119.7	449.245
119.8	449.303
119.9	449.362
120	449.421
120.1	449.48
120.2	449.538
120.3	449.597
120.4	449.656
120.5	449.714
120.6	449.773
120.7	449.832
120.8	449.89
120.9	449.949
121	450.007
121.1	450.066
121.2	450.125
121.3	450.183
121.4	450.242
121.5	450.3
121.6	450.359
121.7	450.417
121.8	450.476
121.9	450.534
122	450.593
122.1	450.651
122.2	450.709
122.3	450.768
122.4	450.826
122.5	450.885
122.6	450.943
122.7	451.001
122.8	451.06
122.9	451.118
123	451.176
123.1	451.235
123.2	451.293
123.3	451.351
123.4	451.41
123.5	451.468
123.6	451.526
123.7	451.584
123.8	451.642
123.9	451.701
124	451.759
124.1	451.817
124.2	451.875
124.3	451.933
124.4	451.991
124.5	452.049
124.6	452.108
124.7	452.166
124.8	452.224
124.9	452.282
125	452.34
125.1	452.398
125.2	452.456
125.3	452.514
125.4	452.572
125.5	452.63
125.6	452.688
125.7	452.746
125.8	452.804
125.9	452.862
126	452.919
126.1	452.977
126.2	453.035
126.3	453.093
126.4	453.151
126.5	453.209
126.6	453.267
126.7	453.324
126.8	453.382
126.9	453.44
127	453.498
127.1	453.555
127.2	453.613
127.3	453.671
127.4	453.729
127.5	453.786
127.6	453.844
127.7	453.902
127.8	453.959
127.9	454.017
128	454.074
128.1	454.132
128.2	454.19
128.3	454.247
128.4	454.305
128.5	454.362
128.6	454.42
128.7	454.477
128.8	454.535
128.9	454.592
129	454.65
129.1	454.707
129.2	454.765
129.3	454.822
129.4	454.88
129.5	454.937
129.6	454.995
129.7	455.052
129.8	455.109
129.9	455.167
130	455.224
130.1	455.281
130.2	455.339
130.3	455.396
130.4	455.453
130.5	455.511
130.6	455.568
130.7	455.625
130.8	455.682
130.9	455.74
131	455.797
131.1	455.854
131.2	455.911
131.3	455.968
131.4	456.026
131.5	456.083
131.6	456.14
131.7	456.197
131.8	456.254
131.9	456.311
132	456.368
132.1	456.425
132.2	456.482
132.3	456.539
132.4	456.596
132.5	456.653
132.6	456.71
132.7	456.767
132.8	456.824
132.9	456.881
133	456.938
133.1	456.995
133.2	457.052
133.3	457.109
133.4	457.166
133.5	457.223
133.6	457.28
133.7	457.336
133.8	457.393
133.9	457.45
134	457.507
134.1	457.564
134.2	457.62
134.3	457.677
134.4	457.734
134.5	457.791
134.6	457.847
134.7	457.904
134.8	457.961
134.9	458.018
135	458.074
135.1	458.131
135.2	458.188
135.3	458.244
135.4	458.301
135.5	458.357
135.6	458.414
135.7	458.471
135.8	458.527
135.9	458.584
136	458.64
136.1	458.697
136.2	458.753
136.3	458.81
136.4	458.866
136.5	458.923
136.6	458.979
136.7	459.036
136.8	459.092
136.9	459.148
137	459.205
137.1	459.261
137.2	459.318
137.3	459.374
137.4	459.43
137.5	459.487
137.6	459.543
137.7	459.599
137.8	459.656
137.9	459.712
138	459.768
138.1	459.824
138.2	459.881
138.3	459.937
138.4	459.993
138.5	460.049
138.6	460.106
138.7	460.162
138.8	460.218
138.9	460.274
139	460.33
139.1	460.386
139.2	460.442
139.3	460.499
139.4	460.555
139.5	460.611
139.6	460.667
139.7	460.723
139.8	460.779
139.9	460.835
140	460.891
140.1	460.947
140.2	461.003
140.3	461.059
140.4	461.115
140.5	461.171
140.6	461.227
140.7	461.283
140.8	461.338
140.9	461.394
141	461.45
141.1	461.506
141.2	461.562
141.3	461.618
141.4	461.674
141.5	461.729
141.6	461.785
141.7	461.841
141.8	461.897
141.9	461.953
142	462.008
142.1	462.064
142.2	462.12
142.3	462.175
142.4	462.231
142.5	462.287
142.6	462.342
142.7	462.398
142.8	462.454
142.9	462.509
143	462.565
143.1	462.621
143.2	462.676
143.3	462.732
143.4	462.787
143.5	462.843
143.6	462.898
143.7	462.954
143.8	463.009
143.9	463.065
144	463.12
144.1	463.176
144.2	463.231
144.3	463.287
144.4	463.342
144.5	463.398
144.6	463.453
144.7	463.508
144.8	463.564
144.9	463.619
145	463.675
145.1	463.73
145.2	463.785
145.3	463.841
145.4	463.896
145.5	463.951
145.6	464.006
145.7	464.062
145.8	464.117
145.9	464.172
146	464.227
146.1	464.283
146.2	464.338
146.3	464.393
146.4	464.448
146.5	464.503
146.6	464.559
146.7	464.614
146.8	464.669
146.9	464.724
147	464.779
147.1	464.834
147.2	464.889
147.3	464.944
147.4	464.999
147.5	465.054
147.6	465.109
147.7	465.164
147.8	465.219
147.9	465.274
148	465.329
148.1	465.384
148.2	465.439
148.3	465.494
148.4	465.549
148.5	465.604
148.6	465.659
148.7	465.714
148.8	465.769
148.9	465.823
149	465.878
149.1	465.933
149.2	465.988
149.3	466.043
149.4	466.098
149.5	466.152
149.6	466.207
149.7	466.262
149.8	466.317
149.9	466.371
150	466.426
150.1	466.481
150.2	466.535
150.3	466.59
150.4	466.645
150.5	466.699
150.6	466.754
150.7	466.809
150.8	466.863
150.9	466.918
151	466.973
151.1	467.027
151.2	467.082
151.3	467.136
151.4	467.191
151.5	467.245
151.6	467.3
151.7	467.354
151.8	467.409
151.9	467.463
152	467.518
152.1	467.572
152.2	467.627
152.3	467.681
152.4	467.736
152.5	467.79
152.6	467.844
152.7	467.899
152.8	467.953
152.9	468.007
153	468.062
153.1	468.116
153.2	468.17
153.3	468.225
153.4	468.279
153.5	468.333
153.6	468.388
153.7	468.442
153.8	468.496
153.9	468.55
154	468.605
154.1	468.659
154.2	468.713
154.3	468.767
154.4	468.821
154.5	468.875
154.6	468.93
154.7	468.984
154.8	469.038
154.9	469.092
155	469.146
155.1	469.2
155.2	469.254
155.3	469.308
155.4	469.362
155.5	469.416
155.6	469.47
155.7	469.524
155.8	469.578
155.9	469.632
156	469.686
156.1	469.74
156.2	469.794
156.3	469.848
156.4	469.902
156.5	469.956
156.6	470.01
156.7	470.064
156.8	470.118
156.9	470.172
157	470.225
157.1	470.279
157.2	470.333
157.3	470.387
157.4	470.441
157.5	470.494
157.6	470.548
157.7	470.602
157.8	470.656
157.9	470.709
158	470.763
158.1	470.817
158.2	470.871
158.3	470.924
158.4	470.978
158.5	471.032
158.6	471.085
158.7	471.139
158.8	471.193
158.9	471.246
159	471.3
159.1	471.353
159.2	471.407
159.3	471.461
159.4	471.514
159.5	471.568
159.6	471.621
159.7	471.675
159.8	471.728
159.9	471.782
160	471.835
160.1	471.889
160.2	471.942
160.3	471.996
160.4	472.049
160.5	472.102
160.6	472.156
160.7	472.209
160.8	472.263
160.9	472.316
161	472.369
161.1	472.423
161.2	472.476
161.3	472.529
161.4	472.583
161.5	472.636
161.6	472.689
161.7	472.743
161.8	472.796
161.9	472.849
162	472.902
162.1	472.956
162.2	473.009
162.3	473.062
162.4	473.115
162.5	473.168
162.6	473.222
162.7	473.275
162.8	473.328
162.9	473.381
163	473.434
163.1	473.487
163.2	473.54
163.3	473.594
163.4	473.647
163.5	473.7
163.6	473.753
163.7	473.806
163.8	473.859
163.9	473.912
164	473.965
164.1	474.018
164.2	474.071
164.3	474.124
164.4	474.177
164.5	474.23
164.6	474.283
164.7	474.336
164.8	474.388
164.9	474.441
165	474.494
165.1	474.547
165.2	474.6
165.3	474.653
165.4	474.706
165.5	474.759
165.6	474.811
165.7	474.864
165.8	474.917
165.9	474.97
166	475.023
166.1	475.075
166.2	475.128
166.3	475.181
166.4	475.234
166.5	475.286
166.6	475.339
166.7	475.392
166.8	475.444
166.9	475.497
167	475.55
167.1	475.602
167.2	475.655
167.3	475.708
167.4	475.76
167.5	475.813
167.6	475.865
167.7	475.918
167.8	475.97
167.9	476.023
168	476.076
168.1	476.128
168.2	476.181
168.3	476.233
168.4	476.286
168.5	476.338
168.6	476.391
168.7	476.443
168.8	476.495
168.9	476.548
169	476.6
169.1	476.653
169.2	476.705
169.3	476.758
169.4	476.81
169.5	476.862
169.6	476.915
169.7	476.967
169.8	477.019
169.9	477.072
170	477.124
170.1	477.176
170.2	477.229
170.3	477.281
170.4	477.333
170.5	477.385
170.6	477.438
170.7	477.49
170.8	477.542
170.9	477.594
171	477.646
171.1	477.699
171.2	477.751
171.3	477.803
171.4	477.855
171.5	477.907
171.6	477.959
171.7	478.011
171.8	478.064
171.9	478.116
172	478.168
172.1	478.22
172.2	478.272
172.3	478.324
172.4	478.376
172.5	478.428
172.6	478.48
172.7	478.532
172.8	478.584
172.9	478.636
173	478.688
173.1	478.74
173.2	478.792
173.3	478.844
173.4	478.896
173.5	478.948
173.6	478.999
173.7	479.051
173.8	479.103
173.9	479.155
174	479.207
174.1	479.259
174.2	479.311
174.3	479.362
174.4	479.414
174.5	479.466
174.6	479.518
174.7	479.57
174.8	479.621
174.9	479.673
175	479.725
175.1	479.777
175.2	479.828
175.3	479.88
175.4	479.932
175.5	479.983
175.6	480.035
175.7	480.087
175.8	480.138
175.9	480.19
176	480.242
176.1	480.293
176.2	480.345
176.3	480.397
176.4	480.448
176.5	480.5
176.6	480.551
176.7	480.603
176.8	480.654
176.9	480.706
177	480.757
177.1	480.809
177.2	480.86
177.3	480.912
177.4	480.963
177.5	481.015
177.6	481.066
177.7	481.118
177.8	481.169
177.9	481.221
178	481.272
178.1	481.323
178.2	481.375
178.3	481.426
178.4	481.478
178.5	481.529
178.6	481.58
178.7	481.632
178.8	481.683
178.9	481.734
179	481.785
179.1	481.837
179.2	481.888
179.3	481.939
179.4	481.991
179.5	482.042
179.6	482.093
179.7	482.144
179.8	482.195
179.9	482.247
180	482.298
180.1	482.349
180.2	482.4
180.3	482.451
180.4	482.503
180.5	482.554
180.6	482.605
180.7	482.656
180.8	482.707
180.9	482.758
181	482.809
181.1	482.86
181.2	482.911
181.3	482.962
181.4	483.013
181.5	483.064
181.6	483.115
181.7	483.166
181.8	483.217
181.9	483.268
182	483.319
182.1	483.37
182.2	483.421
182.3	483.472
182.4	483.523
182.5	483.574
182.6	483.625
182.7	483.676
182.8	483.727
182.9	483.778
183	483.829
183.1	483.879
183.2	483.93
183.3	483.981
183.4	484.032
183.5	484.083
183.6	484.133
183.7	484.184
183.8	484.235
183.9	484.286
184	484.337
184.1	484.387
184.2	484.438
184.3	484.489
184.4	484.539
184.5	484.59
184.6	484.641
184.7	484.692
184.8	484.742
184.9	484.793
185	484.844
185.1	484.894
185.2	484.945
185.3	484.995
185.4	485.046
185.5	485.097
185.6	485.147
185.7	485.198
185.8	485.248
185.9	485.299
186	485.349
186.1	485.4
186.2	485.451
186.3	485.501
186.4	485.552
186.5	485.602
186.6	485.652
186.7	485.703
186.8	485.753
186.9	485.804
187	485.854
187.1	485.905
187.2	485.955
187.3	486.006
187.4	486.056
187.5	486.106
187.6	486.157
187.7	486.207
187.8	486.257
187.9	486.308
188	486.358
188.1	486.408
188.2	486.459
188.3	486.509
188.4	486.559
188.5	486.61
188.6	486.66
188.7	486.71
188.8	486.76
188.9	486.811
189	486.861
189.1	486.911
189.2	486.961
189.3	487.011
189.4	487.062
189.5	487.112
189.6	487.162
189.7	487.212
189.8	487.262
189.9	487.312
190	487.363
190.1	487.413
190.2	487.463
190.3	487.513
190.4	487.563
190.5	487.613
190.6	487.663
190.7	487.713
190.8	487.763
190.9	487.813
191	487.863
191.1	487.913
191.2	487.963
191.3	488.013
191.4	488.063
191.5	488.113
191.6	488.163
191.7	488.213
191.8	488.263
191.9	488.313
192	488.363
192.1	488.413
192.2	488.463
192.3	488.512
192.4	488.562
192.5	488.612
192.6	488.662
192.7	488.712
192.8	488.762
192.9	488.812
193	488.861
193.1	488.911
193.2	488.961
193.3	489.011
193.4	489.061
193.5	489.11
193.6	489.16
193.7	489.21
193.8	489.26
193.9	489.309
194	489.359
194.1	489.409
194.2	489.458
194.3	489.508
194.4	489.558
194.5	489.607
194.6	489.657
194.7	489.707
194.8	489.756
194.9	489.806
195	489.856
195.1	489.905
195.2	489.955
195.3	490.004
195.4	490.054
195.5	490.103
195.6	490.153
195.7	490.202
195.8	490.252
195.9	490.302
196	490.351
196.1	490.401
196.2	490.45
196.3	490.5
196.4	490.549
196.5	490.598
196.6	490.648
196.7	490.697
196.8	490.747
196.9	490.796
197	490.846
197.1	490.895
197.2	490.944
197.3	490.994
197.4	491.043
197.5	491.092
197.6	491.142
197.7	491.191
197.8	491.24
197.9	491.29
198	491.339
198.1	491.388
198.2	491.438
198.3	491.487
198.4	491.536
198.5	491.585
198.6	491.635
198.7	491.684
198.8	491.733
198.9	491.782
199	491.832
199.1	491.881
199.2	491.93
199.3	491.979
199.4	492.028
199.5	492.077
199.6	492.127
199.7	492.176
199.8	492.225
199.9	492.274
200	492.323
200.1	492.372
200.2	492.421
200.3	492.47
200.4	492.519
200.5	492.568
200.6	492.618
200.7	492.667
200.8	492.716
200.9	492.765
201	492.814
201.1	492.863
201.2	492.912
201.3	492.961
201.4	493.01
201.5	493.059
201.6	493.107
201.7	493.156
201.8	493.205
201.9	493.254
202	493.303
202.1	493.352
202.2	493.401
202.3	493.45
202.4	493.499
202.5	493.548
202.6	493.596
202.7	493.645
202.8	493.694
202.9	493.743
203	493.792
203.1	493.841
203.2	493.889
203.3	493.938
203.4	493.987
203.5	494.036
203.6	494.084
203.7	494.133
203.8	494.182
203.9	494.231
204	494.279
204.1	494.328
204.2	494.377
204.3	494.425
204.4	494.474
204.5	494.523
204.6	494.571
204.7	494.62
204.8	494.669
204.9	494.717
205	494.766
205.1	494.815
205.2	494.863
205.3	494.912
205.4	494.96
205.5	495.009
205.6	495.057
205.7	495.106
205.8	495.155
205.9	495.203
206	495.252
206.1	495.3
206.2	495.349
206.3	495.397
206.4	495.446
206.5	495.494
206.6	495.543
206.7	495.591
206.8	495.639
206.9	495.688
207	495.736
207.1	495.785
207.2	495.833
207.3	495.881
207.4	495.93
207.5	495.978
207.6	496.027
207.7	496.075
207.8	496.123
207.9	496.172
208	496.22
208.1	496.268
208.2	496.317
208.3	496.365
208.4	496.413
208.5	496.461
208.6	496.51
208.7	496.558
208.8	496.606
208.9	496.655
209	496.703
209.1	496.751
209.2	496.799
209.3	496.847
209.4	496.896
209.5	496.944
209.6	496.992
209.7	497.04
209.8	497.088
209.9	497.136
210	497.185
210.1	497.233
210.2	497.281
210.3	497.329
210.4	497.377
210.5	497.425
210.6	497.473
210.7	497.521
210.8	497.569
210.9	497.617
211	497.665
211.1	497.713
211.2	497.762
211.3	497.81
211.4	497.858
211.5	497.906
211.6	497.954
211.7	498.002
211.8	498.049
211.9	498.097
212	498.145
212.1	498.193
212.2	498.241
212.3	498.289
212.4	498.337
212.5	498.385
212.6	498.433
212.7	498.481
212.8	498.529
212.9	498.577
213	498.624
213.1	498.672
213.2	498.72
213.3	498.768
213.4	498.816
213.5	498.864
213.6	498.911
213.7	498.959
213.8	499.007
213.9	499.055
214	499.102
214.1	499.15
214.2	499.198
214.3	499.246
214.4	499.293
214.5	499.341
214.6	499.389
214.7	499.437
214.8	499.484
214.9	499.532
215	499.58
215.1	499.627
215.2	499.675
215.3	499.723
215.4	499.77
215.5	499.818
215.6	499.865
215.7	499.913
215.8	499.961
215.9	500.008
216	500.056
216.1	500.103
216.2	500.151
216.3	500.199
216.4	500.246
216.5	500.294
216.6	500.341
216.7	500.389
216.8	500.436
216.9	500.484
217	500.531
217.1	500.579
217.2	500.626
217.3	500.674
217.4	500.721
217.5	500.768
217.6	500.816
217.7	500.863
217.8	500.911
217.9	500.958
218	501.006
218.1	501.053
218.2	501.1
218.3	501.148
218.4	501.195
218.5	501.242
218.6	501.29
218.7	501.337
218.8	501.384
218.9	501.432
219	501.479
219.1	501.526
219.2	501.574
219.3	501.621
219.4	501.668
219.5	501.715
219.6	501.763
219.7	501.81
219.8	501.857
219.9	501.904
220	501.952
220.1	501.999
220.2	502.046
220.3	502.093
220.4	502.14
220.5	502.188
220.6	502.235
220.7	502.282
220.8	502.329
220.9	502.376
221	502.423
221.1	502.47
221.2	502.518
221.3	502.565
221.4	502.612
221.5	502.659
221.6	502.706
221.7	502.753
221.8	502.8
221.9	502.847
222	502.894
222.1	502.941
222.2	502.988
222.3	503.035
222.4	503.082
222.5	503.129
222.6	503.176
222.7	503.223
222.8	503.27
222.9	503.317
223	503.364
223.1	503.411
223.2	503.458
223.3	503.505
223.4	503.552
223.5	503.599
223.6	503.646
223.7	503.692
223.8	503.739
223.9	503.786
224	503.833
224.1	503.88
224.2	503.927
224.3	503.974
224.4	504.02
224.5	504.067
224.6	504.114
224.7	504.161
224.8	504.208
224.9	504.254
225	504.301
225.1	504.348
225.2	504.395
225.3	504.441
225.4	504.488
225.5	504.535
225.6	504.582
225.7	504.628
225.8	504.675
225.9	504.722
226	504.768
226.1	504.815
226.2	504.862
226.3	504.908
226.4	504.955
226.5	505.002
226.6	505.048
226.7	505.095
226.8	505.142
226.9	505.188
227	505.235
227.1	505.281
227.2	505.328
227.3	505.374
227.4	505.421
227.5	505.468
227.6	505.514
227.7	505.561
227.8	505.607
227.9	505.654
228	505.7
228.1	505.747
228.2	505.793
228.3	505.84
228.4	505.886
228.5	505.933
228.6	505.979
228.7	506.026
228.8	506.072
228.9	506.118
229	506.165
229.1	506.211
229.2	506.258
229.3	506.304
229.4	506.351
229.5	506.397
229.6	506.443
229.7	506.49
229.8	506.536
229.9	506.582
230	506.629
230.1	506.675
230.2	506.721
230.3	506.768
230.4	506.814
230.5	506.86
230.6	506.907
230.7	506.953
230.8	506.999
230.9	507.045
231	507.092
231.1	507.138
231.2	507.184
231.3	507.23
231.4	507.277
231.5	507.323
231.6	507.369
231.7	507.415
231.8	507.461
231.9	507.507
232	507.554
232.1	507.6
232.2	507.646
232.3	507.692
232.4	507.738
232.5	507.784
232.6	507.83
232.7	507.877
232.8	507.923
232.9	507.969
233	508.015
233.1	508.061
233.2	508.107
233.3	508.153
233.4	508.199
233.5	508.245
233.6	508.291
233.7	508.337
233.8	508.383
233.9	508.429
234	508.475
234.1	508.521
234.2	508.567
234.3	508.613
234.4	508.659
234.5	508.705
234.6	508.751
234.7	508.797
234.8	508.843
234.9	508.889
235	508.935
235.1	508.981
235.2	509.027
235.3	509.072
235.4	509.118
235.5	509.164
235.6	509.21
235.7	509.256
235.8	509.302
235.9	509.348
236	509.393
236.1	509.439
236.2	509.485
236.3	509.531
236.4	509.577
236.5	509.622
236.6	509.668
236.7	509.714
236.8	509.76
236.9	509.805
237	509.851
237.1	509.897
237.2	509.943
237.3	509.988
237.4	510.034
237.5	510.08
237.6	510.126
237.7	510.171
237.8	510.217
237.9	510.263
238	510.308
238.1	510.354
238.2	510.4
238.3	510.445
238.4	510.491
238.5	510.536
238.6	510.582
238.7	510.628
238.8	510.673
238.9	510.719
239	510.764
239.1	510.81
239.2	510.856
239.3	510.901
239.4	510.947
239.5	510.992
239.6	511.038
239.7	511.083
239.8	511.129
239.9	511.174
240	511.22
240.1	511.265
240.2	511.311
240.3	511.356
240.4	511.402
240.5	511.447
240.6	511.493
240.7	511.538
240.8	511.583
240.9	511.629
241	511.674
241.1	511.72
241.2	511.765
241.3	511.811
241.4	511.856
241.5	511.901
241.6	511.947
241.7	511.992
241.8	512.037
241.9	512.083
242	512.128
242.1	512.173
242.2	512.219
242.3	512.264
242.4	512.309
242.5	512.355
242.6	512.4
242.7	512.445
242.8	512.49
242.9	512.536
243	512.581
243.1	512.626
243.2	512.671
243.3	512.717
243.4	512.762
243.5	512.807
243.6	512.852
243.7	512.898
243.8	512.943
243.9	512.988
244	513.033
244.1	513.078
244.2	513.123
244.3	513.169
244.4	513.214
244.5	513.259
244.6	513.304
244.7	513.349
244.8	513.394
244.9	513.439
245	513.484
245.1	513.529
245.2	513.575
245.3	513.62
245.4	513.665
245.5	513.71
245.6	513.755
245.7	513.8
245.8	513.845
245.9	513.89
246	513.935
246.1	513.98
246.2	514.025
246.3	514.07
246.4	514.115
246.5	514.16
246.6	514.205
246.7	514.25
246.8	514.295
246.9	514.34
247	514.385
247.1	514.429
247.2	514.474
247.3	514.519
247.4	514.564
247.5	514.609
247.6	514.654
247.7	514.699
247.8	514.744
247.9	514.789
248	514.833
248.1	514.878
248.2	514.923
248.3	514.968
248.4	515.013
248.5	515.058
248.6	515.102
248.7	515.147
248.8	515.192
248.9	515.237
249	515.282
249.1	515.326
249.2	515.371
249.3	515.416
249.4	515.461
249.5	515.505
249.6	515.55
249.7	515.595
249.8	515.64
249.9	515.684
250	515.729
250.1	515.774
250.2	515.818
250.3	515.863
250.4	515.908
250.5	515.952
250.6	515.997
250.7	516.042
250.8	516.086
250.9	516.131
251	516.175
251.1	516.22
251.2	516.265
251.3	516.309
251.4	516.354
251.5	516.398
251.6	516.443
251.7	516.488
251.8	516.532
251.9	516.577
252	516.621
252.1	516.666
252.2	516.71
252.3	516.755
252.4	516.799
252.5	516.844
252.6	516.888
252.7	516.933
252.8	516.977
252.9	517.022
253	517.066
253.1	517.111
253.2	517.155
253.3	517.2
253.4	517.244
253.5	517.288
253.6	517.333
253.7	517.377
253.8	517.422
253.9	517.466
254	517.51
254.1	517.555
254.2	517.599
254.3	517.644
254.4	517.688
254.5	517.732
254.6	517.777
254.7	517.821
254.8	517.865
254.9	517.91
255	517.954
255.1	517.998
255.2	518.042
255.3	518.087
255.4	518.131
255.5	518.175
255.6	518.22
255.7	518.264
255.8	518.308
255.9	518.352
256	518.397
256.1	518.441
256.2	518.485
256.3	518.529
256.4	518.573
256.5	518.618
256.6	518.662
256.7	518.706
256.8	518.75
256.9	518.794
257	518.838
257.1	518.883
257.2	518.927
257.3	518.971
257.4	519.015
257.5	519.059
257.6	519.103
257.7	519.147
257.8	519.191
257.9	519.236
258	519.28
258.1	519.324
258.2	519.368
258.3	519.412
258.4	519.456
258.5	519.5
258.6	519.544
258.7	519.588
258.8	519.632
258.9	519.676
259	519.72
259.1	519.764
259.2	519.808
259.3	519.852
259.4	519.896
259.5	519.94
259.6	519.984
259.7	520.028
259.8	520.072
259.9	520.116
260	520.16
260.1	520.204
260.2	520.247
260.3	520.291
260.4	520.335
260.5	520.379
260.6	520.423
260.7	520.467
260.8	520.511
260.9	520.555
261	520.599
261.1	520.642
261.2	520.686
261.3	520.73
261.4	520.774
261.5	520.818
261.6	520.861
261.7	520.905
261.8	520.949
261.9	520.993
262	521.037
262.1	521.08
262.2	521.124
262.3	521.168
262.4	521.212
262.5	521.255
262.6	521.299
262.7	521.343
262.8	521.387
262.9	521.43
263	521.474
263.1	521.518
263.2	521.561
263.3	521.605
263.4	521.649
263.5	521.692
263.6	521.736
263.7	521.78
263.8	521.823
263.9	521.867
264	521.911
264.1	521.954
264.2	521.998
264.3	522.042
264.4	522.085
264.5	522.129
264.6	522.172
264.7	522.216
264.8	522.26
264.9	522.303
265	522.347
265.1	522.39
265.2	522.434
265.3	522.477
265.4	522.521
265.5	522.564
265.6	522.608
265.7	522.651
265.8	522.695
265.9	522.738
266	522.782
266.1	522.825
266.2	522.869
266.3	522.912
266.4	522.956
266.5	522.999
266.6	523.043
266.7	523.086
266.8	523.129
266.9	523.173
267	523.216
267.1	523.26
267.2	523.303
267.3	523.346
267.4	523.39
267.5	523.433
267.6	523.477
267.7	523.52
267.8	523.563
267.9	523.607
268	523.65
268.1	523.693
268.2	523.737
268.3	523.78
268.4	523.823
268.5	523.867
268.6	523.91
268.7	523.953
268.8	523.996
268.9	524.04
269	524.083
269.1	524.126
269.2	524.17
269.3	524.213
269.4	524.256
269.5	524.299
269.6	524.342
269.7	524.386
269.8	524.429
269.9	524.472
270	524.515
270.1	524.559
270.2	524.602
270.3	524.645
270.4	524.688
270.5	524.731
270.6	524.774
270.7	524.817
270.8	524.861
270.9	524.904
271	524.947
271.1	524.99
271.2	525.033
271.3	525.076
271.4	525.119
271.5	525.162
271.6	525.205
271.7	525.249
271.8	525.292
271.9	525.335
272	525.378
272.1	525.421
272.2	525.464
272.3	525.507
272.4	525.55
272.5	525.593
272.6	525.636
272.7	525.679
272.8	525.722
272.9	525.765
273	525.808
273.1	525.851
273.2	525.894
273.3	525.937
273.4	525.98
273.5	526.023
273.6	526.066
273.7	526.109
273.8	526.151
273.9	526.194
274	526.237
274.1	526.28
274.2	526.323
274.3	526.366
274.4	526.409
274.5	526.452
274.6	526.495
274.7	526.537
274.8	526.58
274.9	526.623
275	526.666
275.1	526.709
275.2	526.752
275.3	526.795
275.4	526.837
275.5	526.88
275.6	526.923
275.7	526.966
275.8	527.009
275.9	527.051
276	527.094
276.1	527.137
276.2	527.18
276.3	527.222
276.4	527.265
276.5	527.308
276.6	527.351
276.7	527.393
276.8	527.436
276.9	527.479
277	527.521
277.1	527.564
277.2	527.607
277.3	527.649
277.4	527.692
277.5	527.735
277.6	527.777
277.7	527.82
277.8	527.863
277.9	527.905
278	527.948
278.1	527.991
278.2	528.033
278.3	528.076
278.4	528.118
278.5	528.161
278.6	528.204
278.7	528.246
278.8	528.289
278.9	528.331
279	528.374
279.1	528.416
279.2	528.459
279.3	528.502
279.4	528.544
279.5	528.587
279.6	528.629
279.7	528.672
279.8	528.714
279.9	528.757
280	528.799
280.1	528.842
280.2	528.884
280.3	528.927
280.4	528.969
280.5	529.012
280.6	529.054
280.7	529.096
280.8	529.139
280.9	529.181
281	529.224
281.1	529.266
281.2	529.309
281.3	529.351
281.4	529.393
281.5	529.436
281.6	529.478
281.7	529.521
281.8	529.563
281.9	529.605
282	529.648
282.1	529.69
282.2	529.732
282.3	529.775
282.4	529.817
282.5	529.859
282.6	529.902
282.7	529.944
282.8	529.986
282.9	530.028
283	530.071
283.1	530.113
283.2	530.155
283.3	530.198
283.4	530.24
283.5	530.282
283.6	530.324
283.7	530.367
283.8	530.409
283.9	530.451
284	530.493
284.1	530.535
284.2	530.578
284.3	530.62
284.4	530.662
284.5	530.704
284.6	530.746
284.7	530.789
284.8	530.831
284.9	530.873
285	530.915
285.1	530.957
285.2	530.999
285.3	531.042
285.4	531.084
285.5	531.126
285.6	531.168
285.7	531.21
285.8	531.252
285.9	531.294
286	531.336
286.1	531.378
286.2	531.42
286.3	531.462
286.4	531.505
286.5	531.547
286.6	531.589
286.7	531.631
286.8	531.673
286.9	531.715
287	531.757
287.1	531.799
287.2	531.841
287.3	531.883
287.4	531.925
287.5	531.967
287.6	532.009
287.7	532.051
287.8	532.093
287.9	532.135
288	532.177
288.1	532.218
288.2	532.26
288.3	532.302
288.4	532.344
288.5	532.386
288.6	532.428
288.7	532.47
288.8	532.512
288.9	532.554
289	532.596
289.1	532.638
289.2	532.679
289.3	532.721
289.4	532.763
289.5	532.805
289.6	532.847
289.7	532.889
289.8	532.931
289.9	532.972
290	533.014
290.1	533.056
290.2	533.098
290.3	533.14
290.4	533.181
290.5	533.223
290.6	533.265
290.7	533.307
290.8	533.348
290.9	533.39
291	533.432
291.1	533.474
291.2	533.515
291.3	533.557
291.4	533.599
291.5	533.641
291.6	533.682
291.7	533.724
291.8	533.766
291.9	533.807
292	533.849
292.1	533.891
292.2	533.933
292.3	533.974
292.4	534.016
292.5	534.058
292.6	534.099
292.7	534.141
292.8	534.182
292.9	534.224
293	534.266
293.1	534.307
293.2	534.349
293.3	534.391
293.4	534.432
293.5	534.474
293.6	534.515
293.7	534.557
293.8	534.598
293.9	534.64
294	534.682
294.1	534.723
294.2	534.765
294.3	534.806
294.4	534.848
294.5	534.889
294.6	534.931
294.7	534.972
294.8	535.014
294.9	535.055
295	535.097
295.1	535.138
295.2	535.18
295.3	535.221
295.4	535.263
295.5	535.304
295.6	535.346
295.7	535.387
295.8	535.428
295.9	535.47
296	535.511
296.1	535.553
296.2	535.594
296.3	535.636
296.4	535.677
296.5	535.718
296.6	535.76
296.7	535.801
296.8	535.842
296.9	535.884
297	535.925
297.1	535.967
297.2	536.008
297.3	536.049
297.4	536.091
297.5	536.132
297.6	536.173
297.7	536.215
297.8	536.256
297.9	536.297
298	536.338
298.1	536.38
298.2	536.421
298.3	536.462
298.4	536.504
298.5	536.545
298.6	536.586
298.7	536.627
298.8	536.669
298.9	536.71
299	536.751
299.1	536.792
299.2	536.834
299.3	536.875
299.4	536.916
299.5	536.957
299.6	536.998
299.7	537.04
299.8	537.081
299.9	537.122
300	537.163
