W	Pred
1.5	520.57
1.6	515.973
1.7	511.531
1.8	507.241
1.9	503.098
2	499.098
2.1	495.234
2.2	491.5
2.3	487.891
2.4	484.401
2.5	481.024
2.6	477.756
2.7	474.591
2.8	471.525
2.9	468.554
3	465.672
3.1	462.876
3.2	460.163
3.3	457.529
3.4	454.97
3.5	452.483
3.6	450.065
3.7	447.714
3.8	445.427
3.9	443.201
4	441.034
4.1	438.924
4.2	436.869
4.3	434.865
4.4	432.913
4.5	431.009
4.6	429.153
4.7	427.342
4.8	425.575
4.9	423.85
5	422.166
5.1	420.522
5.2	418.916
5.3	417.348
5.4	415.815
5.5	414.317
5.6	412.854
5.7	411.422
5.8	410.023
5.9	408.654
6	407.316
6.1	406.006
6.2	404.725
6.3	403.471
6.4	402.244
6.5	401.043
6.6	399.868
6.7	398.717
6.8	397.589
6.9	396.486
7	395.404
7.1	394.345
7.2	393.308
7.3	392.292
7.4	391.296
7.5	390.32
7.6	389.364
7.7	388.427
7.8	387.509
7.9	386.608
8	385.726
8.1	384.861
8.2	384.013
8.3	383.181
8.4	382.366
8.5	381.566
8.6	380.782
8.7	380.013
8.8	379.259
8.9	378.52
9	377.795
9.1	377.084
9.2	376.386
9.3	375.702
9.4	375.03
9.5	374.372
9.6	373.726
9.7	373.093
9.8	372.471
9.9	371.862
10	371.264
10.1	370.677
10.2	370.102
10.3	369.537
10.4	368.984
10.5	368.441
10.6	367.908
10.7	367.385
10.8	366.873
10.9	366.37
11	365.877
11.1	365.393
11.2	364.918
11.3	364.453
11.4	363.997
11.5	363.549
11.6	363.11
11.7	362.68
11.8	362.258
11.9	361.844
12	361.438
12.1	361.041
12.2	360.651
12.3	360.268
12.4	359.894
12.5	359.527
12.6	359.167
12.7	358.814
12.8	358.469
12.9	358.13
13	357.798
13.1	357.473
13.2	357.155
13.3	356.843
13.4	356.538
13.5	356.239
13.6	355.947
13.7	355.66
13.8	355.38
13.9	355.106
14	354.837
14.1	354.574
14.2	354.318
14.3	354.066
14.4	353.821
14.5	353.58
14.6	353.346
14.7	353.116
14.8	352.892
14.9	352.673
15	352.459
15.1	352.25
15.2	352.046
15.3	351.847
15.4	351.653
15.5	351.464
15.6	351.279
15.7	351.099
15.8	350.924
15.9	350.753
16	350.586
16.1	350.424
16.2	350.266
16.3	350.113
16.4	349.964
16.5	349.819
16.6	349.678
16.7	349.541
16.8	349.408
16.9	349.279
17	349.154
17.1	349.033
17.2	348.916
17.3	348.802
17.4	348.693
17.5	348.587
17.6	348.484
17.7	348.385
17.8	348.29
17.9	348.198
18	348.11
18.1	348.025
18.2	347.943
18.3	347.865
18.4	347.79
18.5	347.719
18.6	347.65
18.7	347.585
18.8	347.523
18.9	347.464
19	347.408
19.1	347.355
19.2	347.305
19.3	347.258
19.4	347.214
19.5	347.173
19.6	347.135
19.7	347.099
19.8	347.067
19.9	347.037
20	347.01
20.1	346.985
20.2	346.964
20.3	346.945
20.4	346.928
20.5	346.914
20.6	346.903
20.7	346.895
20.8	346.888
20.9	346.885
21	346.883
21.1	346.885
21.2	346.888
21.3	346.894
21.4	346.902
21.5	346.913
21.6	346.926
21.7	346.941
21.8	346.959
21.9	346.978
22	347
22.1	347.024
22.2	347.051
22.3	347.079
22.4	347.11
22.5	347.142
22.6	347.177
22.7	347.214
22.8	347.253
22.9	347.294
23	347.336
23.1	347.381
23.2	347.428
23.3	347.477
23.4	347.527
23.5	347.58
23.6	347.634
23.7	347.69
23.8	347.749
23.9	347.808
24	347.87
24.1	347.934
24.2	347.999
24.3	348.066
24.4	348.135
24.5	348.205
24.6	348.278
24.7	348.352
24.8	348.427
24.9	348.504
25	348.583
25.1	348.664
25.2	348.746
25.3	348.83
25.4	348.915
25.5	349.002
25.6	349.09
25.7	349.18
25.8	349.272
25.9	349.365
26	349.459
26.1	349.555
26.2	349.653
26.3	349.751
26.4	349.852
26.5	349.954
26.6	350.057
26.7	350.161
26.8	350.267
26.9	350.375
27	350.483
27.1	350.593
27.2	350.705
27.3	350.818
27.4	350.932
27.5	351.047
27.6	351.164
27.7	351.282
27.8	351.401
27.9	351.521
28	351.643
28.1	351.766
28.2	351.89
28.3	352.016
28.4	352.142
28.5	352.27
28.6	352.399
28.7	352.53
28.8	352.661
28.9	352.793
29	352.927
29.1	353.062
29.2	353.198
29.3	353.335
29.4	353.473
29.5	353.612
29.6	353.753
29.7	353.894
29.8	354.037
29.9	354.18
30	354.325
30.1	354.471
30.2	354.617
30.3	354.765
30.4	354.914
30.5	355.064
30.6	355.214
30.7	355.366
30.8	355.519
30.9	355.673
31	355.827
31.1	355.983
31.2	356.14
31.3	356.297
31.4	356.456
31.5	356.615
31.6	356.775
31.7	356.937
31.8	357.099
31.9	357.262
32	357.426
32.1	357.591
32.2	357.757
32.3	357.923
32.4	358.091
32.5	358.259
32.6	358.428
32.7	358.598
32.8	358.769
32.9	358.941
33	359.114
33.1	359.287
33.2	359.461
33.3	359.636
33.4	359.812
33.5	359.989
33.6	360.166
33.7	360.344
33.8	360.523
33.9	360.703
34	360.883
34.1	361.065
34.2	361.247
34.3	361.429
34.4	361.613
34.5	361.797
34.6	361.982
34.7	362.168
34.8	362.354
34.9	362.541
35	362.729
35.1	362.918
35.2	363.107
35.3	363.297
35.4	363.487
35.5	363.679
35.6	363.871
35.7	364.063
35.8	364.257
35.9	364.451
36	364.645
36.1	364.841
36.2	365.037
36.3	365.233
36.4	365.43
36.5	365.628
36.6	365.827
36.7	366.026
36.8	366.226
36.9	366.426
37	366.627
37.1	366.828
37.2	367.031
37.3	367.233
37.4	367.437
37.5	367.641
37.6	367.845
37.7	368.05
37.8	368.256
37.9	368.462
38	368.669
38.1	368.876
38.2	369.084
38.3	369.293
38.4	369.502
38.5	369.711
38.6	369.921
38.7	370.132
38.8	370.343
38.9	370.555
39	370.767
39.1	370.98
39.2	371.193
39.3	371.407
39.4	371.622
39.5	371.837
39.6	372.052
39.7	372.268
39.8	372.484
39.9	372.701
40	372.918
40.1	373.136
40.2	373.354
40.3	373.573
40.4	373.793
40.5	374.012
40.6	374.233
40.7	374.453
40.8	374.674
40.9	374.896
41	375.118
41.1	375.341
41.2	375.564
41.3	375.787
41.4	376.011
41.5	376.235
41.6	376.46
41.7	376.685
41.8	376.911
41.9	377.137
42	377.363
42.1	377.59
42.2	377.818
42.3	378.045
42.4	378.274
42.5	378.502
42.6	378.731
42.7	378.961
42.8	379.19
42.9	379.421
43	379.651
43.1	379.882
43.2	380.114
43.3	380.345
43.4	380.578
43.5	380.81
43.6	381.043
43.7	381.276
43.8	381.51
43.9	381.744
44	381.979
44.1	382.213
44.2	382.449
44.3	382.684
44.4	382.92
44.5	383.156
44.6	383.393
44.7	383.63
44.8	383.867
44.9	384.105
45	384.343
45.1	384.582
45.2	384.82
45.3	385.059
45.4	385.299
45.5	385.539
45.6	385.779
45.7	386.019
45.8	386.26
45.9	386.501
46	386.742
46.1	386.984
46.2	387.226
46.3	387.468
46.4	387.711
46.5	387.954
46.6	388.197
46.7	388.441
46.8	388.685
46.9	388.929
47	389.174
47.1	389.419
47.2	389.664
47.3	389.909
47.4	390.155
47.5	390.401
47.6	390.647
47.7	390.894
47.8	391.141
47.9	391.388
48	391.636
48.1	391.883
48.2	392.131
48.3	392.38
48.4	392.628
48.5	392.877
48.6	393.126
48.7	393.376
48.8	393.625
48.9	393.875
49	394.126
49.1	394.376
49.2	394.627
49.3	394.878
49.4	395.129
49.5	395.381
49.6	395.632
49.7	395.885
49.8	396.137
49.9	396.389
50	396.642
50.1	396.895
50.2	397.149
50.3	397.402
50.4	397.656
50.5	397.91
50.6	398.164
50.7	398.419
50.8	398.673
50.9	398.928
51	399.184
51.1	399.439
51.2	399.695
51.3	399.951
51.4	400.207
51.5	400.463
51.6	400.72
51.7	400.977
51.8	401.234
51.9	401.491
52	401.748
52.1	402.006
52.2	402.264
52.3	402.522
52.4	402.78
52.5	403.039
52.6	403.298
52.7	403.557
52.8	403.816
52.9	404.075
53	404.335
53.1	404.595
53.2	404.855
53.3	405.115
53.4	405.375
53.5	405.636
53.6	405.897
53.7	406.158
53.8	406.419
53.9	406.68
54	406.942
54.1	407.204
54.2	407.465
54.3	407.728
54.4	407.99
54.5	408.252
54.6	408.515
54.7	408.778
54.8	409.041
54.9	409.304
55	409.568
55.1	409.831
55.2	410.095
55.3	410.359
55.4	410.623
55.5	410.888
55.6	411.152
55.7	411.417
55.8	411.682
55.9	411.947
56	412.212
56.1	412.477
56.2	412.742
56.3	413.008
56.4	413.274
56.5	413.54
56.6	413.806
56.7	414.072
56.8	414.339
56.9	414.606
57	414.872
57.1	415.139
57.2	415.406
57.3	415.674
57.4	415.941
57.5	416.209
57.6	416.476
57.7	416.744
57.8	417.012
57.9	417.28
58	417.549
58.1	417.817
58.2	418.086
58.3	418.355
58.4	418.623
58.5	418.893
58.6	419.162
58.7	419.431
58.8	419.701
58.9	419.97
59	420.24
59.1	420.51
59.2	420.78
59.3	421.05
59.4	421.32
59.5	421.591
59.6	421.861
59.7	422.132
59.8	422.403
59.9	422.674
60	422.945
60.1	423.216
60.2	423.487
60.3	423.759
60.4	424.03
60.5	424.302
60.6	424.574
60.7	424.846
60.8	425.118
60.9	425.39
61	425.662
61.1	425.935
61.2	426.207
61.3	426.48
61.4	426.753
61.5	427.026
61.6	427.299
61.7	427.572
61.8	427.845
61.9	428.119
62	428.392
62.1	428.666
62.2	428.94
62.3	429.213
62.4	429.487
62.5	429.761
62.6	430.036
62.7	430.31
62.8	430.584
62.9	430.859
63	431.133
63.1	431.408
63.2	431.683
63.3	431.958
63.4	432.233
63.5	432.508
63.6	432.783
63.7	433.058
63.8	433.334
63.9	433.609
64	433.885
64.1	434.161
64.2	434.436
64.3	434.712
64.4	434.988
64.5	435.264
64.6	435.541
64.7	435.817
64.8	436.093
64.9	436.37
65	436.646
65.1	436.923
65.2	437.2
65.3	437.477
65.4	437.753
65.5	438.03
65.6	438.308
65.7	438.585
65.8	438.862
65.9	439.139
66	439.417
66.1	439.694
66.2	439.972
66.3	440.25
66.4	440.527
66.5	440.805
66.6	441.083
66.7	441.361
66.8	441.639
66.9	441.918
67	442.196
67.1	442.474
67.2	442.753
67.3	443.031
67.4	443.31
67.5	443.588
67.6	443.867
67.7	444.146
67.8	444.425
67.9	444.704
68	444.983
68.1	445.262
68.2	445.541
68.3	445.821
68.4	446.1
68.5	446.379
68.6	446.659
68.7	446.938
68.8	447.218
68.9	447.498
69	447.777
69.1	448.057
69.2	448.337
69.3	448.617
69.4	448.897
69.5	449.177
69.6	449.457
69.7	449.738
69.8	450.018
69.9	450.298
70	450.579
70.1	450.859
70.2	451.14
70.3	451.42
70.4	451.701
70.5	451.982
70.6	452.262
70.7	452.543
70.8	452.824
70.9	453.105
71	453.386
71.1	453.667
71.2	453.949
71.3	454.23
71.4	454.511
71.5	454.792
71.6	455.074
71.7	455.355
71.8	455.637
71.9	455.918
72	456.2
72.1	456.481
72.2	456.763
72.3	457.045
72.4	457.327
72.5	457.609
72.6	457.891
72.7	458.172
72.8	458.455
72.9	458.737
73	459.019
73.1	459.301
73.2	459.583
73.3	459.865
73.4	460.148
73.5	460.43
73.6	460.713
73.7	460.995
73.8	461.278
73.9	461.56
74	461.843
74.1	462.125
74.2	462.408
74.3	462.691
74.4	462.974
74.5	463.256
74.6	463.539
74.7	463.822
74.8	464.105
74.9	464.388
75	464.671
75.1	464.954
75.2	465.237
75.3	465.521
75.4	465.804
75.5	466.087
75.6	466.37
75.7	466.654
75.8	466.937
75.9	467.221
76	467.504
76.1	467.788
76.2	468.071
76.3	468.355
76.4	468.638
76.5	468.922
76.6	469.206
76.7	469.489
76.8	469.773
76.9	470.057
77	470.341
77.1	470.625
77.2	470.908
77.3	471.192
77.4	471.476
77.5	471.76
77.6	472.044
77.7	472.328
77.8	472.613
77.9	472.897
78	473.181
78.1	473.465
78.2	473.749
78.3	474.033
78.4	474.318
78.5	474.602
78.6	474.886
78.7	475.171
78.8	475.455
78.9	475.74
79	476.024
79.1	476.309
79.2	476.593
79.3	476.878
79.4	477.162
79.5	477.447
79.6	477.732
79.7	478.016
79.8	478.301
79.9	478.586
80	478.87
80.1	479.155
80.2	479.44
80.3	479.725
80.4	480.01
80.5	480.294
80.6	480.579
80.7	480.864
80.8	481.149
80.9	481.434
81	481.719
81.1	482.004
81.2	482.289
81.3	482.574
81.4	482.859
81.5	483.144
81.6	483.429
81.7	483.715
81.8	484
81.9	484.285
82	484.57
82.1	484.855
82.2	485.141
82.3	485.426
82.4	485.711
82.5	485.996
82.6	486.282
82.7	486.567
82.8	486.852
82.9	487.138
83	487.423
83.1	487.709
83.2	487.994
83.3	488.28
83.4	488.565
83.5	488.85
83.6	489.136
83.7	489.421
83.8	489.707
83.9	489.993
84	490.278
84.1	490.564
84.2	490.849
84.3	491.135
84.4	491.42
84.5	491.706
84.6	491.992
84.7	492.277
84.8	492.563
84.9	492.849
85	493.134
85.1	493.42
85.2	493.706
85.3	493.992
85.4	494.277
85.5	494.563
85.6	494.849
85.7	495.135
85.8	495.421
85.9	495.706
86	495.992
86.1	496.278
86.2	496.564
86.3	496.85
86.4	497.136
86.5	497.421
86.6	497.707
86.7	497.993
86.8	498.279
86.9	498.565
87	498.851
87.1	499.137
87.2	499.423
87.3	499.709
87.4	499.995
87.5	500.281
87.6	500.567
87.7	500.852
87.8	501.138
87.9	501.424
88	501.71
88.1	501.996
88.2	502.282
88.3	502.568
88.4	502.854
88.5	503.141
88.6	503.427
88.7	503.713
88.8	503.999
88.9	504.285
89	504.571
89.1	504.857
89.2	505.143
89.3	505.429
89.4	505.715
89.5	506.001
89.6	506.287
89.7	506.573
89.8	506.859
89.9	507.145
90	507.431
90.1	507.717
90.2	508.004
90.3	508.29
90.4	508.576
90.5	508.862
90.6	509.148
90.7	509.434
90.8	509.72
90.9	510.006
91	510.292
91.1	510.578
91.2	510.865
91.3	511.151
91.4	511.437
91.5	511.723
91.6	512.009
91.7	512.295
91.8	512.581
91.9	512.867
92	513.153
92.1	513.44
92.2	513.726
92.3	514.012
92.4	514.298
92.5	514.584
92.6	514.87
92.7	515.156
92.8	515.442
92.9	515.728
93	516.015
93.1	516.301
93.2	516.587
93.3	516.873
93.4	517.159
93.5	517.445
93.6	517.731
93.7	518.017
93.8	518.303
93.9	518.589
94	518.875
94.1	519.161
94.2	519.447
94.3	519.734
94.4	520.02
94.5	520.306
94.6	520.592
94.7	520.878
94.8	521.164
94.9	521.45
95	521.736
95.1	522.022
95.2	522.308
95.3	522.594
95.4	522.88
95.5	523.166
95.6	523.452
95.7	523.738
95.8	524.024
95.9	524.31
96	524.596
96.1	524.882
96.2	525.168
96.3	525.454
96.4	525.74
96.5	526.025
96.6	526.311
96.7	526.597
96.8	526.883
96.9	527.169
97	527.455
97.1	527.741
97.2	528.027
97.3	528.313
97.4	528.599
97.5	528.884
97.6	529.17
97.7	529.456
97.8	529.742
97.9	530.028
98	530.314
98.1	530.599
98.2	530.885
98.3	531.171
98.4	531.457
98.5	531.743
98.6	532.028
98.7	532.314
98.8	532.6
98.9	532.885
99	533.171
99.1	533.457
99.2	533.743
99.3	534.028
99.4	534.314
99.5	534.6
99.6	534.885
99.7	535.171
99.8	535.457
99.9	535.742
100	536.028
100.1	536.313
100.2	536.599
100.3	536.885
100.4	537.17
100.5	537.456
100.6	537.741
100.7	538.027
100.8	538.312
100.9	538.598
101	538.883
101.1	539.169
101.2	539.454
101.3	539.74
101.4	540.025
101.5	540.31
101.6	540.596
101.7	540.881
101.8	541.167
101.9	541.452
102	541.737
102.1	542.023
102.2	542.308
102.3	542.593
102.4	542.879
102.5	543.164
102.6	543.449
102.7	543.735
102.8	544.02
102.9	544.305
103	544.59
103.1	544.875
103.2	545.161
103.3	545.446
103.4	545.731
103.5	546.016
103.6	546.301
103.7	546.586
103.8	546.871
103.9	547.157
104	547.442
104.1	547.727
104.2	548.012
104.3	548.297
104.4	548.582
104.5	548.867
104.6	549.152
104.7	549.437
104.8	549.722
104.9	550.007
105	550.291
105.1	550.576
105.2	550.861
105.3	551.146
105.4	551.431
105.5	551.716
105.6	552.001
105.7	552.285
105.8	552.57
105.9	552.855
106	553.14
106.1	553.424
106.2	553.709
106.3	553.994
106.4	554.279
106.5	554.563
106.6	554.848
106.7	555.132
106.8	555.417
106.9	555.702
107	555.986
107.1	556.271
107.2	556.555
107.3	556.84
107.4	557.124
107.5	557.409
107.6	557.693
107.7	557.978
107.8	558.262
107.9	558.546
108	558.831
108.1	559.115
108.2	559.4
108.3	559.684
108.4	559.968
108.5	560.252
108.6	560.537
108.7	560.821
108.8	561.105
108.9	561.389
109	561.674
109.1	561.958
109.2	562.242
109.3	562.526
109.4	562.81
109.5	563.094
109.6	563.378
109.7	563.662
109.8	563.946
109.9	564.23
110	564.514
110.1	564.798
110.2	565.082
110.3	565.366
110.4	565.65
110.5	565.934
110.6	566.218
110.7	566.502
110.8	566.786
110.9	567.069
111	567.353
111.1	567.637
111.2	567.921
111.3	568.204
111.4	568.488
111.5	568.772
111.6	569.055
111.7	569.339
111.8	569.623
111.9	569.906
112	570.19
112.1	570.473
112.2	570.757
112.3	571.04
112.4	571.324
112.5	571.607
112.6	571.891
112.7	572.174
112.8	572.458
112.9	572.741
113	573.024
113.1	573.308
113.2	573.591
113.3	573.874
113.4	574.158
113.5	574.441
113.6	574.724
113.7	575.007
113.8	575.29
113.9	575.574
114	575.857
114.1	576.14
114.2	576.423
114.3	576.706
114.4	576.989
114.5	577.272
114.6	577.555
114.7	577.838
114.8	578.121
114.9	578.404
115	578.687
115.1	578.97
115.2	579.252
115.3	579.535
115.4	579.818
115.5	580.101
115.6	580.384
115.7	580.666
115.8	580.949
115.9	581.232
116	581.514
116.1	581.797
116.2	582.08
116.3	582.362
116.4	582.645
116.5	582.927
116.6	583.21
116.7	583.492
116.8	583.775
116.9	584.057
117	584.34
117.1	584.622
117.2	584.904
117.3	585.187
117.4	585.469
117.5	585.751
117.6	586.033
117.7	586.316
117.8	586.598
117.9	586.88
118	587.162
118.1	587.444
118.2	587.727
118.3	588.009
118.4	588.291
118.5	588.573
118.6	588.855
118.7	589.137
118.8	589.419
118.9	589.701
119	589.983
119.1	590.264
119.2	590.546
119.3	590.828
119.4	591.11
119.5	591.392
119.6	591.673
119.7	591.955
119.8	592.237
119.9	592.519
120	592.8
120.1	593.082
120.2	593.363
120.3	593.645
120.4	593.927
120.5	594.208
120.6	594.49
120.7	594.771
120.8	595.053
120.9	595.334
121	595.615
121.1	595.897
121.2	596.178
121.3	596.459
121.4	596.741
121.5	597.022
121.6	597.303
121.7	597.584
121.8	597.865
121.9	598.147
122	598.428
122.1	598.709
122.2	598.99
122.3	599.271
122.4	599.552
122.5	599.833
122.6	600.114
122.7	600.395
122.8	600.676
122.9	600.957
123	601.238
123.1	601.518
123.2	601.799
123.3	602.08
123.4	602.361
123.5	602.641
123.6	602.922
123.7	603.203
123.8	603.483
123.9	603.764
124	604.045
124.1	604.325
124.2	604.606
124.3	604.886
124.4	605.167
124.5	605.447
124.6	605.727
124.7	606.008
124.8	606.288
124.9	606.569
125	606.849
125.1	607.129
125.2	607.409
125.3	607.69
125.4	607.97
125.5	608.25
125.6	608.53
125.7	608.81
125.8	609.09
125.9	609.37
126	609.65
126.1	609.93
126.2	610.21
126.3	610.49
126.4	610.77
126.5	611.05
126.6	611.33
126.7	611.61
126.8	611.89
126.9	612.169
127	612.449
127.1	612.729
127.2	613.008
127.3	613.288
127.4	613.568
127.5	613.847
127.6	614.127
127.7	614.406
127.8	614.686
127.9	614.965
128	615.245
128.1	615.524
128.2	615.804
128.3	616.083
128.4	616.362
128.5	616.642
128.6	616.921
128.7	617.2
128.8	617.479
128.9	617.759
129	618.038
129.1	618.317
129.2	618.596
129.3	618.875
129.4	619.154
129.5	619.433
129.6	619.712
129.7	619.991
129.8	620.27
129.9	620.549
130	620.828
130.1	621.107
130.2	621.385
130.3	621.664
130.4	621.943
130.5	622.222
130.6	622.5
130.7	622.779
130.8	623.058
130.9	623.336
131	623.615
131.1	623.893
131.2	624.172
131.3	624.45
131.4	624.729
131.5	625.007
131.6	625.285
131.7	625.564
131.8	625.842
131.9	626.12
132	626.399
132.1	626.677
132.2	626.955
132.3	627.233
132.4	627.512
132.5	627.79
132.6	628.068
132.7	628.346
132.8	628.624
132.9	628.902
133	629.18
133.1	629.458
133.2	629.736
133.3	630.014
133.4	630.291
133.5	630.569
133.6	630.847
133.7	631.125
133.8	631.402
133.9	631.68
134	631.958
134.1	632.235
134.2	632.513
134.3	632.791
134.4	633.068
134.5	633.346
134.6	633.623
134.7	633.901
134.8	634.178
134.9	634.455
135	634.733
135.1	635.01
135.2	635.287
135.3	635.565
135.4	635.842
135.5	636.119
135.6	636.396
135.7	636.673
135.8	636.951
135.9	637.228
136	637.505
136.1	637.782
136.2	638.059
136.3	638.336
136.4	638.613
136.5	638.889
136.6	639.166
136.7	639.443
136.8	639.72
136.9	639.997
137	640.273
137.1	640.55
137.2	640.827
137.3	641.104
137.4	641.38
137.5	641.657
137.6	641.933
137.7	642.21
137.8	642.486
137.9	642.763
138	643.039
138.1	643.316
138.2	643.592
138.3	643.868
138.4	644.145
138.5	644.421
138.6	644.697
138.7	644.973
138.8	645.249
138.9	645.526
139	645.802
139.1	646.078
139.2	646.354
139.3	646.63
139.4	646.906
139.5	647.182
139.6	647.458
139.7	647.734
139.8	648.01
139.9	648.285
140	648.561
140.1	648.837
140.2	649.113
140.3	649.388
140.4	649.664
140.5	649.94
140.6	650.215
140.7	650.491
140.8	650.766
140.9	651.042
141	651.317
141.1	651.593
141.2	651.868
141.3	652.144
141.4	652.419
141.5	652.694
141.6	652.97
141.7	653.245
141.8	653.52
141.9	653.795
142	654.071
142.1	654.346
142.2	654.621
142.3	654.896
142.4	655.171
142.5	655.446
142.6	655.721
142.7	655.996
142.8	656.271
142.9	656.546
143	656.82
143.1	657.095
143.2	657.37
143.3	657.645
143.4	657.919
143.5	658.194
143.6	658.469
143.7	658.743
143.8	659.018
143.9	659.293
144	659.567
144.1	659.842
144.2	660.116
144.3	660.391
144.4	660.665
144.5	660.939
144.6	661.214
144.7	661.488
144.8	661.762
144.9	662.036
145	662.311
145.1	662.585
145.2	662.859
145.3	663.133
145.4	663.407
145.5	663.681
145.6	663.955
145.7	664.229
145.8	664.503
145.9	664.777
146	665.051
146.1	665.325
146.2	665.599
146.3	665.872
146.4	666.146
146.5	666.42
146.6	666.693
146.7	666.967
146.8	667.241
146.9	667.514
147	667.788
147.1	668.061
147.2	668.335
147.3	668.608
147.4	668.882
147.5	669.155
147.6	669.429
147.7	669.702
147.8	669.975
147.9	670.248
148	670.522
148.1	670.795
148.2	671.068
148.3	671.341
148.4	671.614
148.5	671.887
148.6	672.16
148.7	672.433
148.8	672.706
148.9	672.979
149	673.252
149.1	673.525
149.2	673.798
149.3	674.071
149.4	674.343
149.5	674.616
149.6	674.889
149.7	675.162
149.8	675.434
149.9	675.707
150	675.979
150.1	676.252
150.2	676.524
150.3	676.797
150.4	677.069
150.5	677.342
150.6	677.614
150.7	677.887
150.8	678.159
150.9	678.431
151	678.703
151.1	678.976
151.2	679.248
151.3	679.52
151.4	679.792
151.5	680.064
151.6	680.336
151.7	680.608
151.8	680.88
151.9	681.152
152	681.424
152.1	681.696
152.2	681.968
152.3	682.24
152.4	682.511
152.5	682.783
152.6	683.055
152.7	683.327
152.8	683.598
152.9	683.87
153	684.141
153.1	684.413
153.2	684.685
153.3	684.956
153.4	685.228
153.5	685.499
153.6	685.77
153.7	686.042
153.8	686.313
153.9	686.584
154	686.856
154.1	687.127
154.2	687.398
154.3	687.669
154.4	687.94
154.5	688.211
154.6	688.482
154.7	688.754
154.8	689.025
154.9	689.295
155	689.566
155.1	689.837
155.2	690.108
155.3	690.379
155.4	690.65
155.5	690.921
155.6	691.191
155.7	691.462
155.8	691.733
155.9	692.003
156	692.274
156.1	692.544
156.2	692.815
156.3	693.086
156.4	693.356
156.5	693.626
156.6	693.897
156.7	694.167
156.8	694.438
156.9	694.708
157	694.978
157.1	695.248
157.2	695.519
157.3	695.789
157.4	696.059
157.5	696.329
157.6	696.599
157.7	696.869
157.8	697.139
157.9	697.409
158	697.679
158.1	697.949
158.2	698.219
158.3	698.489
158.4	698.758
158.5	699.028
158.6	699.298
158.7	699.568
158.8	699.837
158.9	700.107
159	700.377
159.1	700.646
159.2	700.916
159.3	701.185
159.4	701.455
159.5	701.724
159.6	701.993
159.7	702.263
159.8	702.532
159.9	702.802
160	703.071
160.1	703.34
160.2	703.609
160.3	703.878
160.4	704.148
160.5	704.417
160.6	704.686
160.7	704.955
160.8	705.224
160.9	705.493
161	705.762
161.1	706.031
161.2	706.299
161.3	706.568
161.4	706.837
161.5	707.106
161.6	707.375
161.7	707.643
161.8	707.912
161.9	708.181
162	708.449
162.1	708.718
162.2	708.986
162.3	709.255
162.4	709.523
162.5	709.792
162.6	710.06
162.7	710.329
162.8	710.597
162.9	710.865
163	711.134
163.1	711.402
163.2	711.67
163.3	711.938
163.4	712.206
163.5	712.474
163.6	712.743
163.7	713.011
163.8	713.279
163.9	713.547
164	713.815
164.1	714.082
164.2	714.35
164.3	714.618
164.4	714.886
164.5	715.154
164.6	715.421
164.7	715.689
164.8	715.957
164.9	716.225
165	716.492
165.1	716.76
165.2	717.027
165.3	717.295
165.4	717.562
165.5	717.83
165.6	718.097
165.7	718.364
165.8	718.632
165.9	718.899
166	719.166
166.1	719.434
166.2	719.701
166.3	719.968
166.4	720.235
166.5	720.502
166.6	720.769
166.7	721.036
166.8	721.303
166.9	721.57
167	721.837
167.1	722.104
167.2	722.371
167.3	722.638
167.4	722.905
167.5	723.172
167.6	723.438
167.7	723.705
167.8	723.972
167.9	724.238
168	724.505
168.1	724.772
168.2	725.038
168.3	725.305
168.4	725.571
168.5	725.838
168.6	726.104
168.7	726.37
168.8	726.637
168.9	726.903
169	727.169
169.1	727.435
169.2	727.702
169.3	727.968
169.4	728.234
169.5	728.5
169.6	728.766
169.7	729.032
169.8	729.298
169.9	729.564
170	729.83
170.1	730.096
170.2	730.362
170.3	730.628
170.4	730.894
170.5	731.159
170.6	731.425
170.7	731.691
170.8	731.957
170.9	732.222
171	732.488
171.1	732.753
171.2	733.019
171.3	733.284
171.4	733.55
171.5	733.815
171.6	734.081
171.7	734.346
171.8	734.612
171.9	734.877
172	735.142
172.1	735.407
172.2	735.673
172.3	735.938
172.4	736.203
172.5	736.468
172.6	736.733
172.7	736.998
172.8	737.263
172.9	737.528
173	737.793
173.1	738.058
173.2	738.323
173.3	738.588
173.4	738.853
173.5	739.117
173.6	739.382
173.7	739.647
173.8	739.911
173.9	740.176
174	740.441
174.1	740.705
174.2	740.97
174.3	741.234
174.4	741.499
174.5	741.763
174.6	742.028
174.7	742.292
174.8	742.556
174.9	742.821
175	743.085
175.1	743.349
175.2	743.614
175.3	743.878
175.4	744.142
175.5	744.406
175.6	744.67
175.7	744.934
175.8	745.198
175.9	745.462
176	745.726
176.1	745.99
176.2	746.254
176.3	746.518
176.4	746.782
176.5	747.045
176.6	747.309
176.7	747.573
176.8	747.836
176.9	748.1
177	748.364
177.1	748.627
177.2	748.891
177.3	749.154
177.4	749.418
177.5	749.681
177.6	749.945
177.7	750.208
177.8	750.472
177.9	750.735
178	750.998
178.1	751.261
178.2	751.525
178.3	751.788
178.4	752.051
178.5	752.314
178.6	752.577
178.7	752.84
178.8	753.103
178.9	753.366
179	753.629
179.1	753.892
179.2	754.155
179.3	754.418
179.4	754.681
179.5	754.943
179.6	755.206
179.7	755.469
179.8	755.732
179.9	755.994
180	756.257
180.1	756.52
180.2	756.782
180.3	757.045
180.4	757.307
180.5	757.57
180.6	757.832
180.7	758.094
180.8	758.357
180.9	758.619
181	758.881
181.1	759.144
181.2	759.406
181.3	759.668
181.4	759.93
181.5	760.192
181.6	760.454
181.7	760.717
181.8	760.979
181.9	761.241
182	761.503
182.1	761.764
182.2	762.026
182.3	762.288
182.4	762.55
182.5	762.812
182.6	763.074
182.7	763.335
182.8	763.597
182.9	763.859
183	764.12
183.1	764.382
183.2	764.644
183.3	764.905
183.4	765.167
183.5	765.428
183.6	765.69
183.7	765.951
183.8	766.212
183.9	766.474
184	766.735
184.1	766.996
184.2	767.257
184.3	767.519
184.4	767.78
184.5	768.041
184.6	768.302
184.7	768.563
184.8	768.824
184.9	769.085
185	769.346
185.1	769.607
185.2	769.868
185.3	770.129
185.4	770.39
185.5	770.651
185.6	770.911
185.7	771.172
185.8	771.433
185.9	771.694
186	771.954
186.1	772.215
186.2	772.475
186.3	772.736
186.4	772.997
186.5	773.257
186.6	773.517
186.7	773.778
186.8	774.038
186.9	774.299
187	774.559
187.1	774.819
187.2	775.079
187.3	775.34
187.4	775.6
187.5	775.86
187.6	776.12
187.7	776.38
187.8	776.64
187.9	776.9
188	777.16
188.1	777.42
188.2	777.68
188.3	777.94
188.4	778.2
188.5	778.46
188.6	778.72
188.7	778.979
188.8	779.239
188.9	779.499
189	779.759
189.1	780.018
189.2	780.278
189.3	780.537
189.4	780.797
189.5	781.056
189.6	781.316
189.7	781.575
189.8	781.835
189.9	782.094
190	782.353
190.1	782.613
190.2	782.872
190.3	783.131
190.4	783.391
190.5	783.65
190.6	783.909
190.7	784.168
190.8	784.427
190.9	784.686
191	784.945
191.1	785.204
191.2	785.463
191.3	785.722
191.4	785.981
191.5	786.24
191.6	786.499
191.7	786.757
191.8	787.016
191.9	787.275
192	787.533
192.1	787.792
192.2	788.051
192.3	788.309
192.4	788.568
192.5	788.826
192.6	789.085
192.7	789.343
192.8	789.602
192.9	789.86
193	790.119
193.1	790.377
193.2	790.635
193.3	790.894
193.4	791.152
193.5	791.41
193.6	791.668
193.7	791.926
193.8	792.184
193.9	792.442
194	792.701
194.1	792.959
194.2	793.217
194.3	793.474
194.4	793.732
194.5	793.99
194.6	794.248
194.7	794.506
194.8	794.764
194.9	795.021
195	795.279
195.1	795.537
195.2	795.795
195.3	796.052
195.4	796.31
195.5	796.567
195.6	796.825
195.7	797.082
195.8	797.34
195.9	797.597
196	797.855
196.1	798.112
196.2	798.369
196.3	798.627
196.4	798.884
196.5	799.141
196.6	799.398
196.7	799.656
196.8	799.913
196.9	800.17
197	800.427
197.1	800.684
197.2	800.941
197.3	801.198
197.4	801.455
197.5	801.712
197.6	801.969
197.7	802.225
197.8	802.482
197.9	802.739
198	802.996
198.1	803.253
198.2	803.509
198.3	803.766
198.4	804.023
198.5	804.279
198.6	804.536
198.7	804.792
198.8	805.049
198.9	805.305
199	805.562
199.1	805.818
199.2	806.074
199.3	806.331
199.4	806.587
199.5	806.843
199.6	807.1
199.7	807.356
199.8	807.612
199.9	807.868
200	808.124
200.1	808.38
200.2	808.636
200.3	808.892
200.4	809.148
200.5	809.404
200.6	809.66
200.7	809.916
200.8	810.172
200.9	810.428
201	810.684
201.1	810.939
201.2	811.195
201.3	811.451
201.4	811.706
201.5	811.962
201.6	812.218
201.7	812.473
201.8	812.729
201.9	812.984
202	813.24
202.1	813.495
202.2	813.751
202.3	814.006
202.4	814.261
202.5	814.517
202.6	814.772
202.7	815.027
202.8	815.282
202.9	815.538
203	815.793
203.1	816.048
203.2	816.303
203.3	816.558
203.4	816.813
203.5	817.068
203.6	817.323
203.7	817.578
203.8	817.833
203.9	818.088
204	818.343
204.1	818.597
204.2	818.852
204.3	819.107
204.4	819.362
204.5	819.616
204.6	819.871
204.7	820.126
204.8	820.38
204.9	820.635
205	820.889
205.1	821.144
205.2	821.398
205.3	821.653
205.4	821.907
205.5	822.161
205.6	822.416
205.7	822.67
205.8	822.924
205.9	823.178
206	823.433
206.1	823.687
206.2	823.941
206.3	824.195
206.4	824.449
206.5	824.703
206.6	824.957
206.7	825.211
206.8	825.465
206.9	825.719
207	825.973
207.1	826.227
207.2	826.481
207.3	826.734
207.4	826.988
207.5	827.242
207.6	827.496
207.7	827.749
207.8	828.003
207.9	828.257
208	828.51
208.1	828.764
208.2	829.017
208.3	829.271
208.4	829.524
208.5	829.778
208.6	830.031
208.7	830.284
208.8	830.538
208.9	830.791
209	831.044
209.1	831.297
209.2	831.551
209.3	831.804
209.4	832.057
209.5	832.31
209.6	832.563
209.7	832.816
209.8	833.069
209.9	833.322
210	833.575
210.1	833.828
210.2	834.081
210.3	834.334
210.4	834.586
210.5	834.839
210.6	835.092
210.7	835.345
210.8	835.597
210.9	835.85
211	836.103
211.1	836.355
211.2	836.608
211.3	836.86
211.4	837.113
211.5	837.365
211.6	837.618
211.7	837.87
211.8	838.123
211.9	838.375
212	838.627
212.1	838.88
212.2	839.132
212.3	839.384
212.4	839.636
212.5	839.888
212.6	840.141
212.7	840.393
212.8	840.645
212.9	840.897
213	841.149
213.1	841.401
213.2	841.653
213.3	841.905
213.4	842.157
213.5	842.408
213.6	842.66
213.7	842.912
213.8	843.164
213.9	843.416
214	843.667
214.1	843.919
214.2	844.171
214.3	844.422
214.4	844.674
214.5	844.925
214.6	845.177
214.7	845.428
214.8	845.68
214.9	845.931
215	846.183
215.1	846.434
215.2	846.685
215.3	846.936
215.4	847.188
215.5	847.439
215.6	847.69
215.7	847.941
215.8	848.192
215.9	848.444
216	848.695
216.1	848.946
216.2	849.197
216.3	849.448
216.4	849.699
216.5	849.95
216.6	850.201
216.7	850.451
216.8	850.702
216.9	850.953
217	851.204
217.1	851.455
217.2	851.705
217.3	851.956
217.4	852.207
217.5	852.457
217.6	852.708
217.7	852.958
217.8	853.209
217.9	853.459
218	853.71
218.1	853.96
218.2	854.211
218.3	854.461
218.4	854.711
218.5	854.962
218.6	855.212
218.7	855.462
218.8	855.712
218.9	855.963
219	856.213
219.1	856.463
219.2	856.713
219.3	856.963
219.4	857.213
219.5	857.463
219.6	857.713
219.7	857.963
219.8	858.213
219.9	858.463
220	858.713
220.1	858.962
220.2	859.212
220.3	859.462
220.4	859.712
220.5	859.961
220.6	860.211
220.7	860.461
220.8	860.71
220.9	860.96
221	861.209
221.1	861.459
221.2	861.708
221.3	861.958
221.4	862.207
221.5	862.457
221.6	862.706
221.7	862.955
221.8	863.205
221.9	863.454
222	863.703
222.1	863.952
222.2	864.202
222.3	864.451
222.4	864.7
222.5	864.949
222.6	865.198
222.7	865.447
222.8	865.696
222.9	865.945
223	866.194
223.1	866.443
223.2	866.692
223.3	866.941
223.4	867.189
223.5	867.438
223.6	867.687
223.7	867.936
223.8	868.184
223.9	868.433
224	868.682
224.1	868.93
224.2	869.179
224.3	869.427
224.4	869.676
224.5	869.924
224.6	870.173
224.7	870.421
224.8	870.67
224.9	870.918
225	871.166
225.1	871.415
225.2	871.663
225.3	871.911
225.4	872.159
225.5	872.407
225.6	872.656
225.7	872.904
225.8	873.152
225.9	873.4
226	873.648
226.1	873.896
226.2	874.144
226.3	874.392
226.4	874.64
226.5	874.888
226.6	875.135
226.7	875.383
226.8	875.631
226.9	875.879
227	876.127
227.1	876.374
227.2	876.622
227.3	876.87
227.4	877.117
227.5	877.365
227.6	877.612
227.7	877.86
227.8	878.107
227.9	878.355
228	878.602
228.1	878.85
228.2	879.097
228.3	879.344
228.4	879.592
228.5	879.839
228.6	880.086
228.7	880.333
228.8	880.58
228.9	880.828
229	881.075
229.1	881.322
229.2	881.569
229.3	881.816
229.4	882.063
229.5	882.31
229.6	882.557
229.7	882.804
229.8	883.051
229.9	883.298
230	883.544
230.1	883.791
230.2	884.038
230.3	884.285
230.4	884.531
230.5	884.778
230.6	885.025
230.7	885.271
230.8	885.518
230.9	885.765
231	886.011
231.1	886.258
231.2	886.504
231.3	886.75
231.4	886.997
231.5	887.243
231.6	887.49
231.7	887.736
231.8	887.982
231.9	888.228
232	888.475
232.1	888.721
232.2	888.967
232.3	889.213
232.4	889.459
232.5	889.705
232.6	889.951
232.7	890.198
232.8	890.444
232.9	890.689
233	890.935
233.1	891.181
233.2	891.427
233.3	891.673
233.4	891.919
233.5	892.165
233.6	892.41
233.7	892.656
233.8	892.902
233.9	893.148
234	893.393
234.1	893.639
234.2	893.884
234.3	894.13
234.4	894.375
234.5	894.621
234.6	894.866
234.7	895.112
234.8	895.357
234.9	895.603
235	895.848
235.1	896.093
235.2	896.339
235.3	896.584
235.4	896.829
235.5	897.074
235.6	897.319
235.7	897.565
235.8	897.81
235.9	898.055
236	898.3
236.1	898.545
236.2	898.79
236.3	899.035
236.4	899.28
236.5	899.525
236.6	899.77
236.7	900.014
236.8	900.259
236.9	900.504
237	900.749
237.1	900.993
237.2	901.238
237.3	901.483
237.4	901.727
237.5	901.972
237.6	902.217
237.7	902.461
237.8	902.706
237.9	902.95
238	903.195
238.1	903.439
238.2	903.684
238.3	903.928
238.4	904.172
238.5	904.417
238.6	904.661
238.7	904.905
238.8	905.149
238.9	905.394
239	905.638
239.1	905.882
239.2	906.126
239.3	906.37
239.4	906.614
239.5	906.858
239.6	907.102
239.7	907.346
239.8	907.59
239.9	907.834
240	908.078
240.1	908.322
240.2	908.566
240.3	908.809
240.4	909.053
240.5	909.297
240.6	909.541
240.7	909.784
240.8	910.028
240.9	910.272
241	910.515
241.1	910.759
241.2	911.002
241.3	911.246
241.4	911.489
241.5	911.733
241.6	911.976
241.7	912.22
241.8	912.463
241.9	912.706
242	912.95
242.1	913.193
242.2	913.436
242.3	913.679
242.4	913.923
242.5	914.166
242.6	914.409
242.7	914.652
242.8	914.895
242.9	915.138
243	915.381
243.1	915.624
243.2	915.867
243.3	916.11
243.4	916.353
243.5	916.596
243.6	916.839
243.7	917.081
243.8	917.324
243.9	917.567
244	917.81
244.1	918.052
244.2	918.295
244.3	918.538
244.4	918.78
244.5	919.023
244.6	919.265
244.7	919.508
244.8	919.75
244.9	919.993
245	920.235
245.1	920.478
245.2	920.72
245.3	920.963
245.4	921.205
245.5	921.447
245.6	921.689
245.7	921.932
245.8	922.174
245.9	922.416
246	922.658
246.1	922.9
246.2	923.142
246.3	923.384
246.4	923.627
246.5	923.869
246.6	924.111
246.7	924.352
246.8	924.594
246.9	924.836
247	925.078
247.1	925.32
247.2	925.562
247.3	925.804
247.4	926.045
247.5	926.287
247.6	926.529
247.7	926.77
247.8	927.012
247.9	927.254
248	927.495
248.1	927.737
248.2	927.978
248.3	928.22
248.4	928.461
248.5	928.703
248.6	928.944
248.7	929.186
248.8	929.427
248.9	929.668
249	929.91
249.1	930.151
249.2	930.392
249.3	930.633
249.4	930.875
249.5	931.116
249.6	931.357
249.7	931.598
249.8	931.839
249.9	932.08
250	932.321
250.1	932.562
250.2	932.803
250.3	933.044
250.4	933.285
250.5	933.526
250.6	933.767
250.7	934.007
250.8	934.248
250.9	934.489
251	934.73
251.1	934.97
251.2	935.211
251.3	935.452
251.4	935.692
251.5	935.933
251.6	936.174
251.7	936.414
251.8	936.655
251.9	936.895
252	937.136
252.1	937.376
252.2	937.616
252.3	937.857
252.4	938.097
252.5	938.337
252.6	938.578
252.7	938.818
252.8	939.058
252.9	939.298
253	939.539
253.1	939.779
253.2	940.019
253.3	940.259
253.4	940.499
253.5	940.739
253.6	940.979
253.7	941.219
253.8	941.459
253.9	941.699
254	941.939
254.1	942.179
254.2	942.419
254.3	942.658
254.4	942.898
254.5	943.138
254.6	943.378
254.7	943.617
254.8	943.857
254.9	944.097
255	944.336
255.1	944.576
255.2	944.815
255.3	945.055
255.4	945.294
255.5	945.534
255.6	945.773
255.7	946.013
255.8	946.252
255.9	946.492
256	946.731
256.1	946.97
256.2	947.209
256.3	947.449
256.4	947.688
256.5	947.927
256.6	948.166
256.7	948.405
256.8	948.645
256.9	948.884
257	949.123
257.1	949.362
257.2	949.601
257.3	949.84
257.4	950.079
257.5	950.318
257.6	950.556
257.7	950.795
257.8	951.034
257.9	951.273
258	951.512
258.1	951.751
258.2	951.989
258.3	952.228
258.4	952.467
258.5	952.705
258.6	952.944
258.7	953.182
258.8	953.421
258.9	953.66
259	953.898
259.1	954.137
259.2	954.375
259.3	954.613
259.4	954.852
259.5	955.09
259.6	955.329
259.7	955.567
259.8	955.805
259.9	956.043
260	956.282
260.1	956.52
260.2	956.758
260.3	956.996
260.4	957.234
260.5	957.472
260.6	957.71
260.7	957.949
260.8	958.187
260.9	958.425
261	958.662
261.1	958.9
261.2	959.138
261.3	959.376
261.4	959.614
261.5	959.852
261.6	960.09
261.7	960.327
261.8	960.565
261.9	960.803
262	961.041
262.1	961.278
262.2	961.516
262.3	961.753
262.4	961.991
262.5	962.229
262.6	962.466
262.7	962.704
262.8	962.941
262.9	963.178
263	963.416
263.1	963.653
263.2	963.891
263.3	964.128
263.4	964.365
263.5	964.603
263.6	964.84
263.7	965.077
263.8	965.314
263.9	965.551
264	965.788
264.1	966.026
264.2	966.263
264.3	966.5
264.4	966.737
264.5	966.974
264.6	967.211
264.7	967.448
264.8	967.685
264.9	967.922
265	968.158
265.1	968.395
265.2	968.632
265.3	968.869
265.4	969.106
265.5	969.342
265.6	969.579
265.7	969.816
265.8	970.052
265.9	970.289
266	970.526
266.1	970.762
266.2	970.999
266.3	971.235
266.4	971.472
266.5	971.708
266.6	971.945
266.7	972.181
266.8	972.417
266.9	972.654
267	972.89
267.1	973.126
267.2	973.363
267.3	973.599
267.4	973.835
267.5	974.071
267.6	974.307
267.7	974.544
267.8	974.78
267.9	975.016
268	975.252
268.1	975.488
268.2	975.724
268.3	975.96
268.4	976.196
268.5	976.432
268.6	976.668
268.7	976.903
268.8	977.139
268.9	977.375
269	977.611
269.1	977.847
269.2	978.082
269.3	978.318
269.4	978.554
269.5	978.789
269.6	979.025
269.7	979.261
269.8	979.496
269.9	979.732
270	979.967
270.1	980.203
270.2	980.438
270.3	980.674
270.4	980.909
270.5	981.145
270.6	981.38
270.7	981.615
270.8	981.851
270.9	982.086
271	982.321
271.1	982.556
271.2	982.792
271.3	983.027
271.4	983.262
271.5	983.497
271.6	983.732
271.7	983.967
271.8	984.202
271.9	984.437
272	984.672
272.1	984.907
272.2	985.142
272.3	985.377
272.4	985.612
272.5	985.847
272.6	986.082
272.7	986.316
272.8	986.551
272.9	986.786
273	987.021
273.1	987.255
273.2	987.49
273.3	987.725
273.4	987.959
273.5	988.194
273.6	988.428
273.7	988.663
273.8	988.897
273.9	989.132
274	989.366
274.1	989.601
274.2	989.835
274.3	990.07
274.4	990.304
274.5	990.538
274.6	990.773
274.7	991.007
274.8	991.241
274.9	991.475
275	991.71
275.1	991.944
275.2	992.178
275.3	992.412
275.4	992.646
275.5	992.88
275.6	993.114
275.7	993.348
275.8	993.582
275.9	993.816
276	994.05
276.1	994.284
276.2	994.518
276.3	994.752
276.4	994.985
276.5	995.219
276.6	995.453
276.7	995.687
276.8	995.921
276.9	996.154
277	996.388
277.1	996.622
277.2	996.855
277.3	997.089
277.4	997.322
277.5	997.556
277.6	997.789
277.7	998.023
277.8	998.256
277.9	998.49
278	998.723
278.1	998.957
278.2	999.19
278.3	999.423
278.4	999.657
278.5	999.89
278.6	1000.12
278.7	1000.36
278.8	1000.59
278.9	1000.82
279	1001.06
279.1	1001.29
279.2	1001.52
279.3	1001.76
279.4	1001.99
279.5	1002.22
279.6	1002.45
279.7	1002.69
279.8	1002.92
279.9	1003.15
280	1003.39
280.1	1003.62
280.2	1003.85
280.3	1004.08
280.4	1004.32
280.5	1004.55
280.6	1004.78
280.7	1005.02
280.8	1005.25
280.9	1005.48
281	1005.71
281.1	1005.95
281.2	1006.18
281.3	1006.41
281.4	1006.64
281.5	1006.88
281.6	1007.11
281.7	1007.34
281.8	1007.57
281.9	1007.81
282	1008.04
282.1	1008.27
282.2	1008.5
282.3	1008.74
282.4	1008.97
282.5	1009.2
282.6	1009.43
282.7	1009.66
282.8	1009.9
282.9	1010.13
283	1010.36
283.1	1010.59
283.2	1010.82
283.3	1011.06
283.4	1011.29
283.5	1011.52
283.6	1011.75
283.7	1011.98
283.8	1012.22
283.9	1012.45
284	1012.68
284.1	1012.91
284.2	1013.14
284.3	1013.38
284.4	1013.61
284.5	1013.84
284.6	1014.07
284.7	1014.3
284.8	1014.53
284.9	1014.77
285	1015
285.1	1015.23
285.2	1015.46
285.3	1015.69
285.4	1015.92
285.5	1016.15
285.6	1016.39
285.7	1016.62
285.8	1016.85
285.9	1017.08
286	1017.31
286.1	1017.54
286.2	1017.77
286.3	1018.01
286.4	1018.24
286.5	1018.47
286.6	1018.7
286.7	1018.93
286.8	1019.16
286.9	1019.39
287	1019.62
287.1	1019.85
287.2	1020.09
287.3	1020.32
287.4	1020.55
287.5	1020.78
287.6	1021.01
287.7	1021.24
287.8	1021.47
287.9	1021.7
288	1021.93
288.1	1022.16
288.2	1022.39
288.3	1022.63
288.4	1022.86
288.5	1023.09
288.6	1023.32
288.7	1023.55
288.8	1023.78
288.9	1024.01
289	1024.24
289.1	1024.47
289.2	1024.7
289.3	1024.93
289.4	1025.16
289.5	1025.39
289.6	1025.62
289.7	1025.85
289.8	1026.08
289.9	1026.31
290	1026.54
290.1	1026.77
290.2	1027.01
290.3	1027.24
290.4	1027.47
290.5	1027.7
290.6	1027.93
290.7	1028.16
290.8	1028.39
290.9	1028.62
291	1028.85
291.1	1029.08
291.2	1029.31
291.3	1029.54
291.4	1029.77
291.5	1030
291.6	1030.23
291.7	1030.46
291.8	1030.69
291.9	1030.92
292	1031.15
292.1	1031.38
292.2	1031.61
292.3	1031.84
292.4	1032.06
292.5	1032.29
292.6	1032.52
292.7	1032.75
292.8	1032.98
292.9	1033.21
293	1033.44
293.1	1033.67
293.2	1033.9
293.3	1034.13
293.4	1034.36
293.5	1034.59
293.6	1034.82
293.7	1035.05
293.8	1035.28
293.9	1035.51
294	1035.74
294.1	1035.97
294.2	1036.2
294.3	1036.42
294.4	1036.65
294.5	1036.88
294.6	1037.11
294.7	1037.34
294.8	1037.57
294.9	1037.8
295	1038.03
295.1	1038.26
295.2	1038.49
295.3	1038.72
295.4	1038.94
295.5	1039.17
295.6	1039.4
295.7	1039.63
295.8	1039.86
295.9	1040.09
296	1040.32
296.1	1040.55
296.2	1040.78
296.3	1041
296.4	1041.23
296.5	1041.46
296.6	1041.69
296.7	1041.92
296.8	1042.15
296.9	1042.38
297	1042.6
297.1	1042.83
297.2	1043.06
297.3	1043.29
297.4	1043.52
297.5	1043.75
297.6	1043.98
297.7	1044.2
297.8	1044.43
297.9	1044.66
298	1044.89
298.1	1045.12
298.2	1045.35
298.3	1045.57
298.4	1045.8
298.5	1046.03
298.6	1046.26
298.7	1046.49
298.8	1046.72
298.9	1046.94
299	1047.17
299.1	1047.4
299.2	1047.63
299.3	1047.86
299.4	1048.08
299.5	1048.31
299.6	1048.54
299.7	1048.77
299.8	1048.99
299.9	1049.22
300	1049.45
