W	Pred
1.5	402.34
1.6	399.088
1.7	396.114
1.8	393.383
1.9	390.865
2	388.534
2.1	386.37
2.2	384.355
2.3	382.474
2.4	380.714
2.5	379.064
2.6	377.513
2.7	376.053
2.8	374.676
2.9	373.376
3	372.147
3.1	370.982
3.2	369.878
3.3	368.83
3.4	367.834
3.5	366.886
3.6	365.984
3.7	365.124
3.8	364.303
3.9	363.52
4	362.772
4.1	362.057
4.2	361.374
4.3	360.719
4.4	360.092
4.5	359.492
4.6	358.916
4.7	358.364
4.8	357.835
4.9	357.327
5	356.839
5.1	356.37
5.2	355.919
5.3	355.487
5.4	355.071
5.5	354.67
5.6	354.286
5.7	353.916
5.8	353.559
5.9	353.217
6	352.887
6.1	352.569
6.2	352.264
6.3	351.969
6.4	351.686
6.5	351.413
6.6	351.15
6.7	350.897
6.8	350.654
6.9	350.419
7	350.193
7.1	349.976
7.2	349.767
7.3	349.565
7.4	349.371
7.5	349.185
7.6	349.005
7.7	348.833
7.8	348.666
7.9	348.507
8	348.353
8.1	348.206
8.2	348.064
8.3	347.928
8.4	347.797
8.5	347.672
8.6	347.552
8.7	347.436
8.8	347.326
8.9	347.22
9	347.119
9.1	347.022
9.2	346.93
9.3	346.842
9.4	346.757
9.5	346.677
9.6	346.601
9.7	346.528
9.8	346.459
9.9	346.393
10	346.331
10.1	346.272
10.2	346.217
10.3	346.164
10.4	346.115
10.5	346.069
10.6	346.026
10.7	345.985
10.8	345.948
10.9	345.913
11	345.881
11.1	345.851
11.2	345.824
11.3	345.799
11.4	345.777
11.5	345.757
11.6	345.74
11.7	345.724
11.8	345.711
11.9	345.7
12	345.691
12.1	345.685
12.2	345.68
12.3	345.677
12.4	345.676
12.5	345.677
12.6	345.679
12.7	345.684
12.8	345.69
12.9	345.698
13	345.708
13.1	345.719
13.2	345.732
13.3	345.746
13.4	345.762
13.5	345.78
13.6	345.799
13.7	345.819
13.8	345.841
13.9	345.864
14	345.889
14.1	345.914
14.2	345.941
14.3	345.97
14.4	346
14.5	346.03
14.6	346.062
14.7	346.096
14.8	346.13
14.9	346.166
15	346.202
15.1	346.24
15.2	346.279
15.3	346.318
15.4	346.359
15.5	346.401
15.6	346.444
15.7	346.487
15.8	346.532
15.9	346.578
16	346.624
16.1	346.672
16.2	346.72
16.3	346.769
16.4	346.819
16.5	346.87
16.6	346.922
16.7	346.974
16.8	347.027
16.9	347.081
17	347.136
17.1	347.191
17.2	347.248
17.3	347.305
17.4	347.362
17.5	347.421
17.6	347.48
17.7	347.539
17.8	347.599
17.9	347.66
18	347.722
18.1	347.784
18.2	347.847
18.3	347.91
18.4	347.974
18.5	348.039
18.6	348.104
18.7	348.17
18.8	348.236
18.9	348.303
19	348.37
19.1	348.438
19.2	348.506
19.3	348.575
19.4	348.644
19.5	348.714
19.6	348.784
19.7	348.855
19.8	348.926
19.9	348.998
20	349.07
20.1	349.143
20.2	349.216
20.3	349.289
20.4	349.363
20.5	349.437
20.6	349.512
20.7	349.587
20.8	349.662
20.9	349.738
21	349.814
21.1	349.89
21.2	349.967
21.3	350.045
21.4	350.122
21.5	350.2
21.6	350.278
21.7	350.357
21.8	350.436
21.9	350.515
22	350.595
22.1	350.675
22.2	350.755
22.3	350.835
22.4	350.916
22.5	350.997
22.6	351.079
22.7	351.16
22.8	351.242
22.9	351.325
23	351.407
23.1	351.49
23.2	351.573
23.3	351.656
23.4	351.74
23.5	351.824
23.6	351.908
23.7	351.992
23.8	352.076
23.9	352.161
24	352.246
24.1	352.331
24.2	352.417
24.3	352.502
24.4	352.588
24.5	352.674
24.6	352.76
24.7	352.847
24.8	352.934
24.9	353.02
25	353.108
25.1	353.195
25.2	353.282
25.3	353.37
25.4	353.458
25.5	353.546
25.6	353.634
25.7	353.722
25.8	353.811
25.9	353.899
26	353.988
26.1	354.077
26.2	354.166
26.3	354.256
26.4	354.345
26.5	354.435
26.6	354.525
26.7	354.614
26.8	354.705
26.9	354.795
27	354.885
27.1	354.976
27.2	355.066
27.3	355.157
27.4	355.248
27.5	355.339
27.6	355.43
27.7	355.521
27.8	355.613
27.9	355.704
28	355.796
28.1	355.887
28.2	355.979
28.3	356.071
28.4	356.163
28.5	356.255
28.6	356.348
28.7	356.44
28.8	356.533
28.9	356.625
29	356.718
29.1	356.811
29.2	356.903
29.3	356.996
29.4	357.09
29.5	357.183
29.6	357.276
29.7	357.369
29.8	357.463
29.9	357.556
30	357.65
30.1	357.743
30.2	357.837
30.3	357.931
30.4	358.025
30.5	358.119
30.6	358.213
30.7	358.307
30.8	358.401
30.9	358.495
31	358.59
31.1	358.684
31.2	358.778
31.3	358.873
31.4	358.967
31.5	359.062
31.6	359.157
31.7	359.252
31.8	359.346
31.9	359.441
32	359.536
32.1	359.631
32.2	359.726
32.3	359.821
32.4	359.916
32.5	360.012
32.6	360.107
32.7	360.202
32.8	360.297
32.9	360.393
33	360.488
33.1	360.584
33.2	360.679
33.3	360.775
33.4	360.87
33.5	360.966
33.6	361.061
33.7	361.157
33.8	361.253
33.9	361.349
34	361.444
34.1	361.54
34.2	361.636
34.3	361.732
34.4	361.828
34.5	361.924
34.6	362.02
34.7	362.116
34.8	362.212
34.9	362.308
35	362.404
35.1	362.5
35.2	362.596
35.3	362.693
35.4	362.789
35.5	362.885
35.6	362.981
35.7	363.078
35.8	363.174
35.9	363.27
36	363.366
36.1	363.463
36.2	363.559
36.3	363.655
36.4	363.752
36.5	363.848
36.6	363.945
36.7	364.041
36.8	364.138
36.9	364.234
37	364.331
37.1	364.427
37.2	364.524
37.3	364.62
37.4	364.717
37.5	364.813
37.6	364.91
37.7	365.006
37.8	365.103
37.9	365.199
38	365.296
38.1	365.392
38.2	365.489
38.3	365.586
38.4	365.682
38.5	365.779
38.6	365.875
38.7	365.972
38.8	366.069
38.9	366.165
39	366.262
39.1	366.358
39.2	366.455
39.3	366.552
39.4	366.648
39.5	366.745
39.6	366.841
39.7	366.938
39.8	367.035
39.9	367.131
40	367.228
40.1	367.324
40.2	367.421
40.3	367.518
40.4	367.614
40.5	367.711
40.6	367.807
40.7	367.904
40.8	368
40.9	368.097
41	368.193
41.1	368.29
41.2	368.387
41.3	368.483
41.4	368.58
41.5	368.676
41.6	368.773
41.7	368.869
41.8	368.966
41.9	369.062
42	369.158
42.1	369.255
42.2	369.351
42.3	369.448
42.4	369.544
42.5	369.641
42.6	369.737
42.7	369.833
42.8	369.93
42.9	370.026
43	370.122
43.1	370.219
43.2	370.315
43.3	370.411
43.4	370.508
43.5	370.604
43.6	370.7
43.7	370.796
43.8	370.892
43.9	370.989
44	371.085
44.1	371.181
44.2	371.277
44.3	371.373
44.4	371.469
44.5	371.565
44.6	371.662
44.7	371.758
44.8	371.854
44.9	371.95
45	372.046
45.1	372.142
45.2	372.238
45.3	372.334
45.4	372.429
45.5	372.525
45.6	372.621
45.7	372.717
45.8	372.813
45.9	372.909
46	373.005
46.1	373.1
46.2	373.196
46.3	373.292
46.4	373.388
46.5	373.483
46.6	373.579
46.7	373.675
46.8	373.77
46.9	373.866
47	373.961
47.1	374.057
47.2	374.153
47.3	374.248
47.4	374.344
47.5	374.439
47.6	374.534
47.7	374.63
47.8	374.725
47.9	374.821
48	374.916
48.1	375.011
48.2	375.107
48.3	375.202
48.4	375.297
48.5	375.392
48.6	375.487
48.7	375.583
48.8	375.678
48.9	375.773
49	375.868
49.1	375.963
49.2	376.058
49.3	376.153
49.4	376.248
49.5	376.343
49.6	376.438
49.7	376.533
49.8	376.628
49.9	376.723
50	376.817
50.1	376.912
50.2	377.007
50.3	377.102
50.4	377.196
50.5	377.291
50.6	377.386
50.7	377.48
50.8	377.575
50.9	377.669
51	377.764
51.1	377.858
51.2	377.953
51.3	378.047
51.4	378.142
51.5	378.236
51.6	378.331
51.7	378.425
51.8	378.519
51.9	378.613
52	378.708
52.1	378.802
52.2	378.896
52.3	378.99
52.4	379.084
52.5	379.179
52.6	379.273
52.7	379.367
52.8	379.461
52.9	379.555
53	379.649
53.1	379.742
53.2	379.836
53.3	379.93
53.4	380.024
53.5	380.118
53.6	380.212
53.7	380.305
53.8	380.399
53.9	380.493
54	380.586
54.1	380.68
54.2	380.773
54.3	380.867
54.4	380.96
54.5	381.054
54.6	381.147
54.7	381.241
54.8	381.334
54.9	381.427
55	381.521
55.1	381.614
55.2	381.707
55.3	381.801
55.4	381.894
55.5	381.987
55.6	382.08
55.7	382.173
55.8	382.266
55.9	382.359
56	382.452
56.1	382.545
56.2	382.638
56.3	382.731
56.4	382.824
56.5	382.917
56.6	383.009
56.7	383.102
56.8	383.195
56.9	383.288
57	383.38
57.1	383.473
57.2	383.565
57.3	383.658
57.4	383.75
57.5	383.843
57.6	383.935
57.7	384.028
57.8	384.12
57.9	384.213
58	384.305
58.1	384.397
58.2	384.489
58.3	384.582
58.4	384.674
58.5	384.766
58.6	384.858
58.7	384.95
58.8	385.042
58.9	385.134
59	385.226
59.1	385.318
59.2	385.41
59.3	385.502
59.4	385.594
59.5	385.686
59.6	385.777
59.7	385.869
59.8	385.961
59.9	386.053
60	386.144
60.1	386.236
60.2	386.327
60.3	386.419
60.4	386.51
60.5	386.602
60.6	386.693
60.7	386.785
60.8	386.876
60.9	386.967
61	387.059
61.1	387.15
61.2	387.241
61.3	387.332
61.4	387.424
61.5	387.515
61.6	387.606
61.7	387.697
61.8	387.788
61.9	387.879
62	387.97
62.1	388.061
62.2	388.152
62.3	388.243
62.4	388.333
62.5	388.424
62.6	388.515
62.7	388.606
62.8	388.696
62.9	388.787
63	388.877
63.1	388.968
63.2	389.059
63.3	389.149
63.4	389.24
63.5	389.33
63.6	389.42
63.7	389.511
63.8	389.601
63.9	389.691
64	389.782
64.1	389.872
64.2	389.962
64.3	390.052
64.4	390.142
64.5	390.232
64.6	390.322
64.7	390.412
64.8	390.502
64.9	390.592
65	390.682
65.1	390.772
65.2	390.862
65.3	390.952
65.4	391.041
65.5	391.131
65.6	391.221
65.7	391.311
65.8	391.4
65.9	391.49
66	391.579
66.1	391.669
66.2	391.758
66.3	391.848
66.4	391.937
66.5	392.027
66.6	392.116
66.7	392.205
66.8	392.294
66.9	392.384
67	392.473
67.1	392.562
67.2	392.651
67.3	392.74
67.4	392.829
67.5	392.918
67.6	393.007
67.7	393.096
67.8	393.185
67.9	393.274
68	393.363
68.1	393.452
68.2	393.541
68.3	393.629
68.4	393.718
68.5	393.807
68.6	393.895
68.7	393.984
68.8	394.072
68.9	394.161
69	394.25
69.1	394.338
69.2	394.426
69.3	394.515
69.4	394.603
69.5	394.691
69.6	394.78
69.7	394.868
69.8	394.956
69.9	395.044
70	395.133
70.1	395.221
70.2	395.309
70.3	395.397
70.4	395.485
70.5	395.573
70.6	395.661
70.7	395.749
70.8	395.836
70.9	395.924
71	396.012
71.1	396.1
71.2	396.188
71.3	396.275
71.4	396.363
71.5	396.451
71.6	396.538
71.7	396.626
71.8	396.713
71.9	396.801
72	396.888
72.1	396.976
72.2	397.063
72.3	397.15
72.4	397.238
72.5	397.325
72.6	397.412
72.7	397.499
72.8	397.587
72.9	397.674
73	397.761
73.1	397.848
73.2	397.935
73.3	398.022
73.4	398.109
73.5	398.196
73.6	398.283
73.7	398.369
73.8	398.456
73.9	398.543
74	398.63
74.1	398.717
74.2	398.803
74.3	398.89
74.4	398.977
74.5	399.063
74.6	399.15
74.7	399.236
74.8	399.323
74.9	399.409
75	399.496
75.1	399.582
75.2	399.668
75.3	399.755
75.4	399.841
75.5	399.927
75.6	400.013
75.7	400.099
75.8	400.186
75.9	400.272
76	400.358
76.1	400.444
76.2	400.53
76.3	400.616
76.4	400.702
76.5	400.788
76.6	400.873
76.7	400.959
76.8	401.045
76.9	401.131
77	401.216
77.1	401.302
77.2	401.388
77.3	401.473
77.4	401.559
77.5	401.645
77.6	401.73
77.7	401.816
77.8	401.901
77.9	401.986
78	402.072
78.1	402.157
78.2	402.243
78.3	402.328
78.4	402.413
78.5	402.498
78.6	402.583
78.7	402.669
78.8	402.754
78.9	402.839
79	402.924
79.1	403.009
79.2	403.094
79.3	403.179
79.4	403.264
79.5	403.349
79.6	403.433
79.7	403.518
79.8	403.603
79.9	403.688
80	403.772
80.1	403.857
80.2	403.942
80.3	404.026
80.4	404.111
80.5	404.196
80.6	404.28
80.7	404.365
80.8	404.449
80.9	404.533
81	404.618
81.1	404.702
81.2	404.786
81.3	404.871
81.4	404.955
81.5	405.039
81.6	405.123
81.7	405.207
81.8	405.292
81.9	405.376
82	405.46
82.1	405.544
82.2	405.628
82.3	405.712
82.4	405.796
82.5	405.879
82.6	405.963
82.7	406.047
82.8	406.131
82.9	406.215
83	406.298
83.1	406.382
83.2	406.466
83.3	406.549
83.4	406.633
83.5	406.716
83.6	406.8
83.7	406.883
83.8	406.967
83.9	407.05
84	407.134
84.1	407.217
84.2	407.3
84.3	407.384
84.4	407.467
84.5	407.55
84.6	407.633
84.7	407.716
84.8	407.8
84.9	407.883
85	407.966
85.1	408.049
85.2	408.132
85.3	408.215
85.4	408.298
85.5	408.38
85.6	408.463
85.7	408.546
85.8	408.629
85.9	408.712
86	408.794
86.1	408.877
86.2	408.96
86.3	409.042
86.4	409.125
86.5	409.208
86.6	409.29
86.7	409.373
86.8	409.455
86.9	409.538
87	409.62
87.1	409.702
87.2	409.785
87.3	409.867
87.4	409.949
87.5	410.032
87.6	410.114
87.7	410.196
87.8	410.278
87.9	410.36
88	410.442
88.1	410.525
88.2	410.607
88.3	410.689
88.4	410.771
88.5	410.852
88.6	410.934
88.7	411.016
88.8	411.098
88.9	411.18
89	411.262
89.1	411.343
89.2	411.425
89.3	411.507
89.4	411.588
89.5	411.67
89.6	411.752
89.7	411.833
89.8	411.915
89.9	411.996
90	412.078
90.1	412.159
90.2	412.241
90.3	412.322
90.4	412.403
90.5	412.485
90.6	412.566
90.7	412.647
90.8	412.728
90.9	412.809
91	412.891
91.1	412.972
91.2	413.053
91.3	413.134
91.4	413.215
91.5	413.296
91.6	413.377
91.7	413.458
91.8	413.539
91.9	413.62
92	413.7
92.1	413.781
92.2	413.862
92.3	413.943
92.4	414.023
92.5	414.104
92.6	414.185
92.7	414.265
92.8	414.346
92.9	414.427
93	414.507
93.1	414.588
93.2	414.668
93.3	414.749
93.4	414.829
93.5	414.909
93.6	414.99
93.7	415.07
93.8	415.15
93.9	415.231
94	415.311
94.1	415.391
94.2	415.471
94.3	415.551
94.4	415.631
94.5	415.711
94.6	415.792
94.7	415.872
94.8	415.952
94.9	416.031
95	416.111
95.1	416.191
95.2	416.271
95.3	416.351
95.4	416.431
95.5	416.511
95.6	416.59
95.7	416.67
95.8	416.75
95.9	416.829
96	416.909
96.1	416.989
96.2	417.068
96.3	417.148
96.4	417.227
96.5	417.307
96.6	417.386
96.7	417.466
96.8	417.545
96.9	417.624
97	417.704
97.1	417.783
97.2	417.862
97.3	417.941
97.4	418.021
97.5	418.1
97.6	418.179
97.7	418.258
97.8	418.337
97.9	418.416
98	418.495
98.1	418.574
98.2	418.653
98.3	418.732
98.4	418.811
98.5	418.89
98.6	418.969
98.7	419.048
98.8	419.126
98.9	419.205
99	419.284
99.1	419.363
99.2	419.441
99.3	419.52
99.4	419.599
99.5	419.677
99.6	419.756
99.7	419.834
99.8	419.913
99.9	419.991
100	420.07
100.1	420.148
100.2	420.227
100.3	420.305
100.4	420.383
100.5	420.462
100.6	420.54
100.7	420.618
100.8	420.696
100.9	420.775
101	420.853
101.1	420.931
101.2	421.009
101.3	421.087
101.4	421.165
101.5	421.243
101.6	421.321
101.7	421.399
101.8	421.477
101.9	421.555
102	421.633
102.1	421.711
102.2	421.788
102.3	421.866
102.4	421.944
102.5	422.022
102.6	422.099
102.7	422.177
102.8	422.255
102.9	422.332
103	422.41
103.1	422.487
103.2	422.565
103.3	422.642
103.4	422.72
103.5	422.797
103.6	422.875
103.7	422.952
103.8	423.03
103.9	423.107
104	423.184
104.1	423.261
104.2	423.339
104.3	423.416
104.4	423.493
104.5	423.57
104.6	423.647
104.7	423.725
104.8	423.802
104.9	423.879
105	423.956
105.1	424.033
105.2	424.11
105.3	424.187
105.4	424.264
105.5	424.34
105.6	424.417
105.7	424.494
105.8	424.571
105.9	424.648
106	424.724
106.1	424.801
106.2	424.878
106.3	424.955
106.4	425.031
106.5	425.108
106.6	425.184
106.7	425.261
106.8	425.337
106.9	425.414
107	425.49
107.1	425.567
107.2	425.643
107.3	425.72
107.4	425.796
107.5	425.872
107.6	425.949
107.7	426.025
107.8	426.101
107.9	426.177
108	426.254
108.1	426.33
108.2	426.406
108.3	426.482
108.4	426.558
108.5	426.634
108.6	426.71
108.7	426.786
108.8	426.862
108.9	426.938
109	427.014
109.1	427.09
109.2	427.166
109.3	427.242
109.4	427.318
109.5	427.393
109.6	427.469
109.7	427.545
109.8	427.621
109.9	427.696
110	427.772
110.1	427.848
110.2	427.923
110.3	427.999
110.4	428.074
110.5	428.15
110.6	428.225
110.7	428.301
110.8	428.376
110.9	428.452
111	428.527
111.1	428.603
111.2	428.678
111.3	428.753
111.4	428.829
111.5	428.904
111.6	428.979
111.7	429.054
111.8	429.129
111.9	429.205
112	429.28
112.1	429.355
112.2	429.43
112.3	429.505
112.4	429.58
112.5	429.655
112.6	429.73
112.7	429.805
112.8	429.88
112.9	429.955
113	430.03
113.1	430.104
113.2	430.179
113.3	430.254
113.4	430.329
113.5	430.404
113.6	430.478
113.7	430.553
113.8	430.628
113.9	430.702
114	430.777
114.1	430.851
114.2	430.926
114.3	431.001
114.4	431.075
114.5	431.15
114.6	431.224
114.7	431.298
114.8	431.373
114.9	431.447
115	431.522
115.1	431.596
115.2	431.67
115.3	431.744
115.4	431.819
115.5	431.893
115.6	431.967
115.7	432.041
115.8	432.115
115.9	432.19
116	432.264
116.1	432.338
116.2	432.412
116.3	432.486
116.4	432.56
116.5	432.634
116.6	432.708
116.7	432.782
116.8	432.856
116.9	432.929
117	433.003
117.1	433.077
117.2	433.151
117.3	433.225
117.4	433.298
117.5	433.372
117.6	433.446
117.7	433.519
117.8	433.593
117.9	433.667
118	433.74
118.1	433.814
118.2	433.887
118.3	433.961
118.4	434.034
118.5	434.108
118.6	434.181
118.7	434.255
118.8	434.328
118.9	434.402
119	434.475
119.1	434.548
119.2	434.622
119.3	434.695
119.4	434.768
119.5	434.841
119.6	434.914
119.7	434.988
119.8	435.061
119.9	435.134
120	435.207
120.1	435.28
120.2	435.353
120.3	435.426
120.4	435.499
120.5	435.572
120.6	435.645
120.7	435.718
120.8	435.791
120.9	435.864
121	435.937
121.1	436.009
121.2	436.082
121.3	436.155
121.4	436.228
121.5	436.301
121.6	436.373
121.7	436.446
121.8	436.519
121.9	436.591
122	436.664
122.1	436.736
122.2	436.809
122.3	436.881
122.4	436.954
122.5	437.026
122.6	437.099
122.7	437.171
122.8	437.244
122.9	437.316
123	437.389
123.1	437.461
123.2	437.533
123.3	437.606
123.4	437.678
123.5	437.75
123.6	437.822
123.7	437.894
123.8	437.967
123.9	438.039
124	438.111
124.1	438.183
124.2	438.255
124.3	438.327
124.4	438.399
124.5	438.471
124.6	438.543
124.7	438.615
124.8	438.687
124.9	438.759
125	438.831
125.1	438.903
125.2	438.975
125.3	439.046
125.4	439.118
125.5	439.19
125.6	439.262
125.7	439.333
125.8	439.405
125.9	439.477
126	439.548
126.1	439.62
126.2	439.692
126.3	439.763
126.4	439.835
126.5	439.906
126.6	439.978
126.7	440.049
126.8	440.121
126.9	440.192
127	440.264
127.1	440.335
127.2	440.406
127.3	440.478
127.4	440.549
127.5	440.62
127.6	440.692
127.7	440.763
127.8	440.834
127.9	440.905
128	440.977
128.1	441.048
128.2	441.119
128.3	441.19
128.4	441.261
128.5	441.332
128.6	441.403
128.7	441.474
128.8	441.545
128.9	441.616
129	441.687
129.1	441.758
129.2	441.829
129.3	441.9
129.4	441.971
129.5	442.042
129.6	442.113
129.7	442.183
129.8	442.254
129.9	442.325
130	442.396
130.1	442.466
130.2	442.537
130.3	442.608
130.4	442.678
130.5	442.749
130.6	442.82
130.7	442.89
130.8	442.961
130.9	443.031
131	443.102
131.1	443.172
131.2	443.243
131.3	443.313
131.4	443.383
131.5	443.454
131.6	443.524
131.7	443.595
131.8	443.665
131.9	443.735
132	443.805
132.1	443.876
132.2	443.946
132.3	444.016
132.4	444.086
132.5	444.157
132.6	444.227
132.7	444.297
132.8	444.367
132.9	444.437
133	444.507
133.1	444.577
133.2	444.647
133.3	444.717
133.4	444.787
133.5	444.857
133.6	444.927
133.7	444.997
133.8	445.067
133.9	445.137
134	445.206
134.1	445.276
134.2	445.346
134.3	445.416
134.4	445.486
134.5	445.555
134.6	445.625
134.7	445.695
134.8	445.764
134.9	445.834
135	445.904
135.1	445.973
135.2	446.043
135.3	446.112
135.4	446.182
135.5	446.251
135.6	446.321
135.7	446.39
135.8	446.46
135.9	446.529
136	446.598
136.1	446.668
136.2	446.737
136.3	446.807
136.4	446.876
136.5	446.945
136.6	447.014
136.7	447.084
136.8	447.153
136.9	447.222
137	447.291
137.1	447.36
137.2	447.43
137.3	447.499
137.4	447.568
137.5	447.637
137.6	447.706
137.7	447.775
137.8	447.844
137.9	447.913
138	447.982
138.1	448.051
138.2	448.12
138.3	448.189
138.4	448.258
138.5	448.326
138.6	448.395
138.7	448.464
138.8	448.533
138.9	448.602
139	448.67
139.1	448.739
139.2	448.808
139.3	448.877
139.4	448.945
139.5	449.014
139.6	449.083
139.7	449.151
139.8	449.22
139.9	449.288
140	449.357
140.1	449.425
140.2	449.494
140.3	449.562
140.4	449.631
140.5	449.699
140.6	449.768
140.7	449.836
140.8	449.904
140.9	449.973
141	450.041
141.1	450.109
141.2	450.178
141.3	450.246
141.4	450.314
141.5	450.383
141.6	450.451
141.7	450.519
141.8	450.587
141.9	450.655
142	450.723
142.1	450.791
142.2	450.86
142.3	450.928
142.4	450.996
142.5	451.064
142.6	451.132
142.7	451.2
142.8	451.268
142.9	451.336
143	451.403
143.1	451.471
143.2	451.539
143.3	451.607
143.4	451.675
143.5	451.743
143.6	451.811
143.7	451.878
143.8	451.946
143.9	452.014
144	452.082
144.1	452.149
144.2	452.217
144.3	452.285
144.4	452.352
144.5	452.42
144.6	452.487
144.7	452.555
144.8	452.623
144.9	452.69
145	452.758
145.1	452.825
145.2	452.893
145.3	452.96
145.4	453.027
145.5	453.095
145.6	453.162
145.7	453.23
145.8	453.297
145.9	453.364
146	453.432
146.1	453.499
146.2	453.566
146.3	453.633
146.4	453.701
146.5	453.768
146.6	453.835
146.7	453.902
146.8	453.969
146.9	454.037
147	454.104
147.1	454.171
147.2	454.238
147.3	454.305
147.4	454.372
147.5	454.439
147.6	454.506
147.7	454.573
147.8	454.64
147.9	454.707
148	454.774
148.1	454.841
148.2	454.907
148.3	454.974
148.4	455.041
148.5	455.108
148.6	455.175
148.7	455.242
148.8	455.308
148.9	455.375
149	455.442
149.1	455.508
149.2	455.575
149.3	455.642
149.4	455.708
149.5	455.775
149.6	455.842
149.7	455.908
149.8	455.975
149.9	456.041
150	456.108
150.1	456.174
150.2	456.241
150.3	456.307
150.4	456.374
150.5	456.44
150.6	456.507
150.7	456.573
150.8	456.639
150.9	456.706
151	456.772
151.1	456.838
151.2	456.905
151.3	456.971
151.4	457.037
151.5	457.103
151.6	457.17
151.7	457.236
151.8	457.302
151.9	457.368
152	457.434
152.1	457.5
152.2	457.566
152.3	457.632
152.4	457.699
152.5	457.765
152.6	457.831
152.7	457.897
152.8	457.963
152.9	458.029
153	458.094
153.1	458.16
153.2	458.226
153.3	458.292
153.4	458.358
153.5	458.424
153.6	458.49
153.7	458.556
153.8	458.621
153.9	458.687
154	458.753
154.1	458.819
154.2	458.884
154.3	458.95
154.4	459.016
154.5	459.081
154.6	459.147
154.7	459.213
154.8	459.278
154.9	459.344
155	459.409
155.1	459.475
155.2	459.54
155.3	459.606
155.4	459.671
155.5	459.737
155.6	459.802
155.7	459.868
155.8	459.933
155.9	459.999
156	460.064
156.1	460.129
156.2	460.195
156.3	460.26
156.4	460.325
156.5	460.391
156.6	460.456
156.7	460.521
156.8	460.586
156.9	460.652
157	460.717
157.1	460.782
157.2	460.847
157.3	460.912
157.4	460.977
157.5	461.042
157.6	461.107
157.7	461.173
157.8	461.238
157.9	461.303
158	461.368
158.1	461.433
158.2	461.498
158.3	461.563
158.4	461.627
158.5	461.692
158.6	461.757
158.7	461.822
158.8	461.887
158.9	461.952
159	462.017
159.1	462.081
159.2	462.146
159.3	462.211
159.4	462.276
159.5	462.341
159.6	462.405
159.7	462.47
159.8	462.535
159.9	462.599
160	462.664
160.1	462.729
160.2	462.793
160.3	462.858
160.4	462.922
160.5	462.987
160.6	463.051
160.7	463.116
160.8	463.18
160.9	463.245
161	463.309
161.1	463.374
161.2	463.438
161.3	463.503
161.4	463.567
161.5	463.631
161.6	463.696
161.7	463.76
161.8	463.824
161.9	463.889
162	463.953
162.1	464.017
162.2	464.082
162.3	464.146
162.4	464.21
162.5	464.274
162.6	464.338
162.7	464.402
162.8	464.467
162.9	464.531
163	464.595
163.1	464.659
163.2	464.723
163.3	464.787
163.4	464.851
163.5	464.915
163.6	464.979
163.7	465.043
163.8	465.107
163.9	465.171
164	465.235
164.1	465.299
164.2	465.363
164.3	465.427
164.4	465.49
164.5	465.554
164.6	465.618
164.7	465.682
164.8	465.746
164.9	465.809
165	465.873
165.1	465.937
165.2	466.001
165.3	466.064
165.4	466.128
165.5	466.192
165.6	466.255
165.7	466.319
165.8	466.383
165.9	466.446
166	466.51
166.1	466.573
166.2	466.637
166.3	466.7
166.4	466.764
166.5	466.827
166.6	466.891
166.7	466.954
166.8	467.018
166.9	467.081
167	467.145
167.1	467.208
167.2	467.271
167.3	467.335
167.4	467.398
167.5	467.461
167.6	467.525
167.7	467.588
167.8	467.651
167.9	467.715
168	467.778
168.1	467.841
168.2	467.904
168.3	467.967
168.4	468.031
168.5	468.094
168.6	468.157
168.7	468.22
168.8	468.283
168.9	468.346
169	468.409
169.1	468.472
169.2	468.535
169.3	468.598
169.4	468.661
169.5	468.724
169.6	468.787
169.7	468.85
169.8	468.913
169.9	468.976
170	469.039
170.1	469.102
170.2	469.165
170.3	469.227
170.4	469.29
170.5	469.353
170.6	469.416
170.7	469.479
170.8	469.541
170.9	469.604
171	469.667
171.1	469.73
171.2	469.792
171.3	469.855
171.4	469.918
171.5	469.98
171.6	470.043
171.7	470.106
171.8	470.168
171.9	470.231
172	470.293
172.1	470.356
172.2	470.418
172.3	470.481
172.4	470.543
172.5	470.606
172.6	470.668
172.7	470.731
172.8	470.793
172.9	470.856
173	470.918
173.1	470.98
173.2	471.043
173.3	471.105
173.4	471.167
173.5	471.23
173.6	471.292
173.7	471.354
173.8	471.416
173.9	471.479
174	471.541
174.1	471.603
174.2	471.665
174.3	471.728
174.4	471.79
174.5	471.852
174.6	471.914
174.7	471.976
174.8	472.038
174.9	472.1
175	472.162
175.1	472.224
175.2	472.286
175.3	472.348
175.4	472.41
175.5	472.472
175.6	472.534
175.7	472.596
175.8	472.658
175.9	472.72
176	472.782
176.1	472.844
176.2	472.906
176.3	472.968
176.4	473.03
176.5	473.091
176.6	473.153
176.7	473.215
176.8	473.277
176.9	473.338
177	473.4
177.1	473.462
177.2	473.524
177.3	473.585
177.4	473.647
177.5	473.709
177.6	473.77
177.7	473.832
177.8	473.894
177.9	473.955
178	474.017
178.1	474.078
178.2	474.14
178.3	474.201
178.4	474.263
178.5	474.324
178.6	474.386
178.7	474.447
178.8	474.509
178.9	474.57
179	474.632
179.1	474.693
179.2	474.754
179.3	474.816
179.4	474.877
179.5	474.939
179.6	475
179.7	475.061
179.8	475.122
179.9	475.184
180	475.245
180.1	475.306
180.2	475.368
180.3	475.429
180.4	475.49
180.5	475.551
180.6	475.612
180.7	475.673
180.8	475.735
180.9	475.796
181	475.857
181.1	475.918
181.2	475.979
181.3	476.04
181.4	476.101
181.5	476.162
181.6	476.223
181.7	476.284
181.8	476.345
181.9	476.406
182	476.467
182.1	476.528
182.2	476.589
182.3	476.65
182.4	476.711
182.5	476.772
182.6	476.832
182.7	476.893
182.8	476.954
182.9	477.015
183	477.076
183.1	477.136
183.2	477.197
183.3	477.258
183.4	477.319
183.5	477.379
183.6	477.44
183.7	477.501
183.8	477.561
183.9	477.622
184	477.683
184.1	477.743
184.2	477.804
184.3	477.865
184.4	477.925
184.5	477.986
184.6	478.046
184.7	478.107
184.8	478.167
184.9	478.228
185	478.288
185.1	478.349
185.2	478.409
185.3	478.47
185.4	478.53
185.5	478.591
185.6	478.651
185.7	478.711
185.8	478.772
185.9	478.832
186	478.892
186.1	478.953
186.2	479.013
186.3	479.073
186.4	479.134
186.5	479.194
186.6	479.254
186.7	479.314
186.8	479.375
186.9	479.435
187	479.495
187.1	479.555
187.2	479.615
187.3	479.675
187.4	479.736
187.5	479.796
187.6	479.856
187.7	479.916
187.8	479.976
187.9	480.036
188	480.096
188.1	480.156
188.2	480.216
188.3	480.276
188.4	480.336
188.5	480.396
188.6	480.456
188.7	480.516
188.8	480.576
188.9	480.636
189	480.695
189.1	480.755
189.2	480.815
189.3	480.875
189.4	480.935
189.5	480.995
189.6	481.054
189.7	481.114
189.8	481.174
189.9	481.234
190	481.294
190.1	481.353
190.2	481.413
190.3	481.473
190.4	481.532
190.5	481.592
190.6	481.652
190.7	481.711
190.8	481.771
190.9	481.831
191	481.89
191.1	481.95
191.2	482.009
191.3	482.069
191.4	482.128
191.5	482.188
191.6	482.247
191.7	482.307
191.8	482.366
191.9	482.426
192	482.485
192.1	482.545
192.2	482.604
192.3	482.663
192.4	482.723
192.5	482.782
192.6	482.842
192.7	482.901
192.8	482.96
192.9	483.02
193	483.079
193.1	483.138
193.2	483.197
193.3	483.257
193.4	483.316
193.5	483.375
193.6	483.434
193.7	483.494
193.8	483.553
193.9	483.612
194	483.671
194.1	483.73
194.2	483.789
194.3	483.848
194.4	483.908
194.5	483.967
194.6	484.026
194.7	484.085
194.8	484.144
194.9	484.203
195	484.262
195.1	484.321
195.2	484.38
195.3	484.439
195.4	484.498
195.5	484.557
195.6	484.616
195.7	484.674
195.8	484.733
195.9	484.792
196	484.851
196.1	484.91
196.2	484.969
196.3	485.028
196.4	485.086
196.5	485.145
196.6	485.204
196.7	485.263
196.8	485.322
196.9	485.38
197	485.439
197.1	485.498
197.2	485.556
197.3	485.615
197.4	485.674
197.5	485.732
197.6	485.791
197.7	485.85
197.8	485.908
197.9	485.967
198	486.026
198.1	486.084
198.2	486.143
198.3	486.201
198.4	486.26
198.5	486.318
198.6	486.377
198.7	486.435
198.8	486.494
198.9	486.552
199	486.611
199.1	486.669
199.2	486.728
199.3	486.786
199.4	486.844
199.5	486.903
199.6	486.961
199.7	487.019
199.8	487.078
199.9	487.136
200	487.194
200.1	487.253
200.2	487.311
200.3	487.369
200.4	487.427
200.5	487.486
200.6	487.544
200.7	487.602
200.8	487.66
200.9	487.719
201	487.777
201.1	487.835
201.2	487.893
201.3	487.951
201.4	488.009
201.5	488.067
201.6	488.125
201.7	488.183
201.8	488.242
201.9	488.3
202	488.358
202.1	488.416
202.2	488.474
202.3	488.532
202.4	488.59
202.5	488.648
202.6	488.706
202.7	488.763
202.8	488.821
202.9	488.879
203	488.937
203.1	488.995
203.2	489.053
203.3	489.111
203.4	489.169
203.5	489.226
203.6	489.284
203.7	489.342
203.8	489.4
203.9	489.458
204	489.515
204.1	489.573
204.2	489.631
204.3	489.689
204.4	489.746
204.5	489.804
204.6	489.862
204.7	489.919
204.8	489.977
204.9	490.035
205	490.092
205.1	490.15
205.2	490.207
205.3	490.265
205.4	490.323
205.5	490.38
205.6	490.438
205.7	490.495
205.8	490.553
205.9	490.61
206	490.668
206.1	490.725
206.2	490.783
206.3	490.84
206.4	490.898
206.5	490.955
206.6	491.012
206.7	491.07
206.8	491.127
206.9	491.185
207	491.242
207.1	491.299
207.2	491.357
207.3	491.414
207.4	491.471
207.5	491.529
207.6	491.586
207.7	491.643
207.8	491.7
207.9	491.758
208	491.815
208.1	491.872
208.2	491.929
208.3	491.986
208.4	492.044
208.5	492.101
208.6	492.158
208.7	492.215
208.8	492.272
208.9	492.329
209	492.386
209.1	492.443
209.2	492.501
209.3	492.558
209.4	492.615
209.5	492.672
209.6	492.729
209.7	492.786
209.8	492.843
209.9	492.9
210	492.957
210.1	493.014
210.2	493.07
210.3	493.127
210.4	493.184
210.5	493.241
210.6	493.298
210.7	493.355
210.8	493.412
210.9	493.469
211	493.526
211.1	493.582
211.2	493.639
211.3	493.696
211.4	493.753
211.5	493.81
211.6	493.866
211.7	493.923
211.8	493.98
211.9	494.036
212	494.093
212.1	494.15
212.2	494.207
212.3	494.263
212.4	494.32
212.5	494.376
212.6	494.433
212.7	494.49
212.8	494.546
212.9	494.603
213	494.66
213.1	494.716
213.2	494.773
213.3	494.829
213.4	494.886
213.5	494.942
213.6	494.999
213.7	495.055
213.8	495.112
213.9	495.168
214	495.225
214.1	495.281
214.2	495.337
214.3	495.394
214.4	495.45
214.5	495.507
214.6	495.563
214.7	495.619
214.8	495.676
214.9	495.732
215	495.788
215.1	495.845
215.2	495.901
215.3	495.957
215.4	496.014
215.5	496.07
215.6	496.126
215.7	496.182
215.8	496.238
215.9	496.295
216	496.351
216.1	496.407
216.2	496.463
216.3	496.519
216.4	496.576
216.5	496.632
216.6	496.688
216.7	496.744
216.8	496.8
216.9	496.856
217	496.912
217.1	496.968
217.2	497.024
217.3	497.08
217.4	497.136
217.5	497.192
217.6	497.248
217.7	497.304
217.8	497.36
217.9	497.416
218	497.472
218.1	497.528
218.2	497.584
218.3	497.64
218.4	497.696
218.5	497.752
218.6	497.808
218.7	497.863
218.8	497.919
218.9	497.975
219	498.031
219.1	498.087
219.2	498.143
219.3	498.198
219.4	498.254
219.5	498.31
219.6	498.366
219.7	498.421
219.8	498.477
219.9	498.533
220	498.588
220.1	498.644
220.2	498.7
220.3	498.755
220.4	498.811
220.5	498.867
220.6	498.922
220.7	498.978
220.8	499.034
220.9	499.089
221	499.145
221.1	499.2
221.2	499.256
221.3	499.311
221.4	499.367
221.5	499.422
221.6	499.478
221.7	499.533
221.8	499.589
221.9	499.644
222	499.7
222.1	499.755
222.2	499.811
222.3	499.866
222.4	499.922
222.5	499.977
222.6	500.032
222.7	500.088
222.8	500.143
222.9	500.198
223	500.254
223.1	500.309
223.2	500.364
223.3	500.42
223.4	500.475
223.5	500.53
223.6	500.585
223.7	500.641
223.8	500.696
223.9	500.751
224	500.806
224.1	500.862
224.2	500.917
224.3	500.972
224.4	501.027
224.5	501.082
224.6	501.137
224.7	501.193
224.8	501.248
224.9	501.303
225	501.358
225.1	501.413
225.2	501.468
225.3	501.523
225.4	501.578
225.5	501.633
225.6	501.688
225.7	501.743
225.8	501.798
225.9	501.853
226	501.908
226.1	501.963
226.2	502.018
226.3	502.073
226.4	502.128
226.5	502.183
226.6	502.238
226.7	502.293
226.8	502.348
226.9	502.402
227	502.457
227.1	502.512
227.2	502.567
227.3	502.622
227.4	502.677
227.5	502.731
227.6	502.786
227.7	502.841
227.8	502.896
227.9	502.95
228	503.005
228.1	503.06
228.2	503.115
228.3	503.169
228.4	503.224
228.5	503.279
228.6	503.333
228.7	503.388
228.8	503.443
228.9	503.497
229	503.552
229.1	503.606
229.2	503.661
229.3	503.716
229.4	503.77
229.5	503.825
229.6	503.879
229.7	503.934
229.8	503.988
229.9	504.043
230	504.097
230.1	504.152
230.2	504.206
230.3	504.261
230.4	504.315
230.5	504.37
230.6	504.424
230.7	504.479
230.8	504.533
230.9	504.587
231	504.642
231.1	504.696
231.2	504.751
231.3	504.805
231.4	504.859
231.5	504.914
231.6	504.968
231.7	505.022
231.8	505.077
231.9	505.131
232	505.185
232.1	505.239
232.2	505.294
232.3	505.348
232.4	505.402
232.5	505.456
232.6	505.51
232.7	505.565
232.8	505.619
232.9	505.673
233	505.727
233.1	505.781
233.2	505.835
233.3	505.89
233.4	505.944
233.5	505.998
233.6	506.052
233.7	506.106
233.8	506.16
233.9	506.214
234	506.268
234.1	506.322
234.2	506.376
234.3	506.43
234.4	506.484
234.5	506.538
234.6	506.592
234.7	506.646
234.8	506.7
234.9	506.754
235	506.808
235.1	506.862
235.2	506.916
235.3	506.97
235.4	507.024
235.5	507.077
235.6	507.131
235.7	507.185
235.8	507.239
235.9	507.293
236	507.347
236.1	507.4
236.2	507.454
236.3	507.508
236.4	507.562
236.5	507.616
236.6	507.669
236.7	507.723
236.8	507.777
236.9	507.831
237	507.884
237.1	507.938
237.2	507.992
237.3	508.045
237.4	508.099
237.5	508.153
237.6	508.206
237.7	508.26
237.8	508.313
237.9	508.367
238	508.421
238.1	508.474
238.2	508.528
238.3	508.581
238.4	508.635
238.5	508.689
238.6	508.742
238.7	508.796
238.8	508.849
238.9	508.903
239	508.956
239.1	509.01
239.2	509.063
239.3	509.116
239.4	509.17
239.5	509.223
239.6	509.277
239.7	509.33
239.8	509.384
239.9	509.437
240	509.49
240.1	509.544
240.2	509.597
240.3	509.65
240.4	509.704
240.5	509.757
240.6	509.81
240.7	509.864
240.8	509.917
240.9	509.97
241	510.023
241.1	510.077
241.2	510.13
241.3	510.183
241.4	510.236
241.5	510.29
241.6	510.343
241.7	510.396
241.8	510.449
241.9	510.502
242	510.555
242.1	510.609
242.2	510.662
242.3	510.715
242.4	510.768
242.5	510.821
242.6	510.874
242.7	510.927
242.8	510.98
242.9	511.033
243	511.086
243.1	511.139
243.2	511.193
243.3	511.246
243.4	511.299
243.5	511.352
243.6	511.405
243.7	511.457
243.8	511.51
243.9	511.563
244	511.616
244.1	511.669
244.2	511.722
244.3	511.775
244.4	511.828
244.5	511.881
244.6	511.934
244.7	511.987
244.8	512.039
244.9	512.092
245	512.145
245.1	512.198
245.2	512.251
245.3	512.304
245.4	512.356
245.5	512.409
245.6	512.462
245.7	512.515
245.8	512.567
245.9	512.62
246	512.673
246.1	512.726
246.2	512.778
246.3	512.831
246.4	512.884
246.5	512.936
246.6	512.989
246.7	513.042
246.8	513.094
246.9	513.147
247	513.2
247.1	513.252
247.2	513.305
247.3	513.357
247.4	513.41
247.5	513.463
247.6	513.515
247.7	513.568
247.8	513.62
247.9	513.673
248	513.725
248.1	513.778
248.2	513.83
248.3	513.883
248.4	513.935
248.5	513.988
248.6	514.04
248.7	514.093
248.8	514.145
248.9	514.197
249	514.25
249.1	514.302
249.2	514.355
249.3	514.407
249.4	514.459
249.5	514.512
249.6	514.564
249.7	514.616
249.8	514.669
249.9	514.721
250	514.773
250.1	514.826
250.2	514.878
250.3	514.93
250.4	514.982
250.5	515.035
250.6	515.087
250.7	515.139
250.8	515.191
250.9	515.244
251	515.296
251.1	515.348
251.2	515.4
251.3	515.452
251.4	515.504
251.5	515.557
251.6	515.609
251.7	515.661
251.8	515.713
251.9	515.765
252	515.817
252.1	515.869
252.2	515.921
252.3	515.973
252.4	516.025
252.5	516.078
252.6	516.13
252.7	516.182
252.8	516.234
252.9	516.286
253	516.338
253.1	516.39
253.2	516.442
253.3	516.494
253.4	516.546
253.5	516.597
253.6	516.649
253.7	516.701
253.8	516.753
253.9	516.805
254	516.857
254.1	516.909
254.2	516.961
254.3	517.013
254.4	517.064
254.5	517.116
254.6	517.168
254.7	517.22
254.8	517.272
254.9	517.324
255	517.375
255.1	517.427
255.2	517.479
255.3	517.531
255.4	517.582
255.5	517.634
255.6	517.686
255.7	517.738
255.8	517.789
255.9	517.841
256	517.893
256.1	517.944
256.2	517.996
256.3	518.048
256.4	518.099
256.5	518.151
256.6	518.203
256.7	518.254
256.8	518.306
256.9	518.357
257	518.409
257.1	518.461
257.2	518.512
257.3	518.564
257.4	518.615
257.5	518.667
257.6	518.718
257.7	518.77
257.8	518.821
257.9	518.873
258	518.924
258.1	518.976
258.2	519.027
258.3	519.079
258.4	519.13
258.5	519.182
258.6	519.233
258.7	519.285
258.8	519.336
258.9	519.387
259	519.439
259.1	519.49
259.2	519.542
259.3	519.593
259.4	519.644
259.5	519.696
259.6	519.747
259.7	519.798
259.8	519.85
259.9	519.901
260	519.952
260.1	520.003
260.2	520.055
260.3	520.106
260.4	520.157
260.5	520.208
260.6	520.26
260.7	520.311
260.8	520.362
260.9	520.413
261	520.464
261.1	520.516
261.2	520.567
261.3	520.618
261.4	520.669
261.5	520.72
261.6	520.771
261.7	520.823
261.8	520.874
261.9	520.925
262	520.976
262.1	521.027
262.2	521.078
262.3	521.129
262.4	521.18
262.5	521.231
262.6	521.282
262.7	521.333
262.8	521.384
262.9	521.435
263	521.486
263.1	521.537
263.2	521.588
263.3	521.639
263.4	521.69
263.5	521.741
263.6	521.792
263.7	521.843
263.8	521.894
263.9	521.945
264	521.996
264.1	522.047
264.2	522.097
264.3	522.148
264.4	522.199
264.5	522.25
264.6	522.301
264.7	522.352
264.8	522.403
264.9	522.453
265	522.504
265.1	522.555
265.2	522.606
265.3	522.656
265.4	522.707
265.5	522.758
265.6	522.809
265.7	522.859
265.8	522.91
265.9	522.961
266	523.012
266.1	523.062
266.2	523.113
266.3	523.164
266.4	523.214
266.5	523.265
266.6	523.316
266.7	523.366
266.8	523.417
266.9	523.468
267	523.518
267.1	523.569
267.2	523.619
267.3	523.67
267.4	523.72
267.5	523.771
267.6	523.822
267.7	523.872
267.8	523.923
267.9	523.973
268	524.024
268.1	524.074
268.2	524.125
268.3	524.175
268.4	524.226
268.5	524.276
268.6	524.327
268.7	524.377
268.8	524.428
268.9	524.478
269	524.528
269.1	524.579
269.2	524.629
269.3	524.68
269.4	524.73
269.5	524.78
269.6	524.831
269.7	524.881
269.8	524.931
269.9	524.982
270	525.032
270.1	525.082
270.2	525.133
270.3	525.183
270.4	525.233
270.5	525.284
270.6	525.334
270.7	525.384
270.8	525.434
270.9	525.485
271	525.535
271.1	525.585
271.2	525.635
271.3	525.685
271.4	525.736
271.5	525.786
271.6	525.836
271.7	525.886
271.8	525.936
271.9	525.986
272	526.037
272.1	526.087
272.2	526.137
272.3	526.187
272.4	526.237
272.5	526.287
272.6	526.337
272.7	526.387
272.8	526.437
272.9	526.487
273	526.537
273.1	526.587
273.2	526.638
273.3	526.688
273.4	526.738
273.5	526.788
273.6	526.838
273.7	526.888
273.8	526.937
273.9	526.987
274	527.037
274.1	527.087
274.2	527.137
274.3	527.187
274.4	527.237
274.5	527.287
274.6	527.337
274.7	527.387
274.8	527.437
274.9	527.487
275	527.536
275.1	527.586
275.2	527.636
275.3	527.686
275.4	527.736
275.5	527.786
275.6	527.835
275.7	527.885
275.8	527.935
275.9	527.985
276	528.035
276.1	528.084
276.2	528.134
276.3	528.184
276.4	528.234
276.5	528.283
276.6	528.333
276.7	528.383
276.8	528.432
276.9	528.482
277	528.532
277.1	528.581
277.2	528.631
277.3	528.681
277.4	528.73
277.5	528.78
277.6	528.83
277.7	528.879
277.8	528.929
277.9	528.978
278	529.028
278.1	529.078
278.2	529.127
278.3	529.177
278.4	529.226
278.5	529.276
278.6	529.325
278.7	529.375
278.8	529.424
278.9	529.474
279	529.523
279.1	529.573
279.2	529.622
279.3	529.672
279.4	529.721
279.5	529.771
279.6	529.82
279.7	529.87
279.8	529.919
279.9	529.968
280	530.018
280.1	530.067
280.2	530.117
280.3	530.166
280.4	530.215
280.5	530.265
280.6	530.314
280.7	530.363
280.8	530.413
280.9	530.462
281	530.511
281.1	530.561
281.2	530.61
281.3	530.659
281.4	530.709
281.5	530.758
281.6	530.807
281.7	530.856
281.8	530.906
281.9	530.955
282	531.004
282.1	531.053
282.2	531.103
282.3	531.152
282.4	531.201
282.5	531.25
282.6	531.299
282.7	531.349
282.8	531.398
282.9	531.447
283	531.496
283.1	531.545
283.2	531.594
283.3	531.643
283.4	531.692
283.5	531.742
283.6	531.791
283.7	531.84
283.8	531.889
283.9	531.938
284	531.987
284.1	532.036
284.2	532.085
284.3	532.134
284.4	532.183
284.5	532.232
284.6	532.281
284.7	532.33
284.8	532.379
284.9	532.428
285	532.477
285.1	532.526
285.2	532.575
285.3	532.624
285.4	532.673
285.5	532.722
285.6	532.771
285.7	532.819
285.8	532.868
285.9	532.917
286	532.966
286.1	533.015
286.2	533.064
286.3	533.113
286.4	533.162
286.5	533.21
286.6	533.259
286.7	533.308
286.8	533.357
286.9	533.406
287	533.454
287.1	533.503
287.2	533.552
287.3	533.601
287.4	533.649
287.5	533.698
287.6	533.747
287.7	533.796
287.8	533.844
287.9	533.893
288	533.942
288.1	533.991
288.2	534.039
288.3	534.088
288.4	534.137
288.5	534.185
288.6	534.234
288.7	534.283
288.8	534.331
288.9	534.38
289	534.428
289.1	534.477
289.2	534.526
289.3	534.574
289.4	534.623
289.5	534.671
289.6	534.72
289.7	534.769
289.8	534.817
289.9	534.866
290	534.914
290.1	534.963
290.2	535.011
290.3	535.06
290.4	535.108
290.5	535.157
290.6	535.205
290.7	535.254
290.8	535.302
290.9	535.351
291	535.399
291.1	535.447
291.2	535.496
291.3	535.544
291.4	535.593
291.5	535.641
291.6	535.689
291.7	535.738
291.8	535.786
291.9	535.835
292	535.883
292.1	535.931
292.2	535.98
292.3	536.028
292.4	536.076
292.5	536.125
292.6	536.173
292.7	536.221
292.8	536.27
292.9	536.318
293	536.366
293.1	536.414
293.2	536.463
293.3	536.511
293.4	536.559
293.5	536.607
293.6	536.656
293.7	536.704
293.8	536.752
293.9	536.8
294	536.848
294.1	536.897
294.2	536.945
294.3	536.993
294.4	537.041
294.5	537.089
294.6	537.137
294.7	537.186
294.8	537.234
294.9	537.282
295	537.33
295.1	537.378
295.2	537.426
295.3	537.474
295.4	537.522
295.5	537.57
295.6	537.618
295.7	537.666
295.8	537.715
295.9	537.763
296	537.811
296.1	537.859
296.2	537.907
296.3	537.955
296.4	538.003
296.5	538.051
296.6	538.099
296.7	538.147
296.8	538.195
296.9	538.242
297	538.29
297.1	538.338
297.2	538.386
297.3	538.434
297.4	538.482
297.5	538.53
297.6	538.578
297.7	538.626
297.8	538.674
297.9	538.722
298	538.769
298.1	538.817
298.2	538.865
298.3	538.913
298.4	538.961
298.5	539.009
298.6	539.056
298.7	539.104
298.8	539.152
298.9	539.2
299	539.248
299.1	539.295
299.2	539.343
299.3	539.391
299.4	539.439
299.5	539.486
299.6	539.534
299.7	539.582
299.8	539.629
299.9	539.677
300	539.725
