W	Pred
1.5	390.122
1.6	387.055
1.7	384.255
1.8	381.687
1.9	379.323
2	377.138
2.1	375.113
2.2	373.23
2.3	371.475
2.4	369.836
2.5	368.301
2.6	366.861
2.7	365.507
2.8	364.234
2.9	363.033
3	361.899
3.1	360.827
3.2	359.812
3.3	358.851
3.4	357.939
3.5	357.073
3.6	356.25
3.7	355.467
3.8	354.722
3.9	354.013
4	353.336
4.1	352.691
4.2	352.075
4.3	351.487
4.4	350.926
4.5	350.389
4.6	349.875
4.7	349.384
4.8	348.914
4.9	348.464
5	348.033
5.1	347.621
5.2	347.225
5.3	346.846
5.4	346.483
5.5	346.135
5.6	345.802
5.7	345.482
5.8	345.175
5.9	344.881
6	344.599
6.1	344.328
6.2	344.069
6.3	343.82
6.4	343.582
6.5	343.353
6.6	343.134
6.7	342.924
6.8	342.723
6.9	342.53
7	342.345
7.1	342.168
7.2	341.999
7.3	341.837
7.4	341.682
7.5	341.534
7.6	341.393
7.7	341.257
7.8	341.128
7.9	341.005
8	340.888
8.1	340.776
8.2	340.67
8.3	340.569
8.4	340.472
8.5	340.381
8.6	340.295
8.7	340.213
8.8	340.135
8.9	340.062
9	339.993
9.1	339.929
9.2	339.868
9.3	339.811
9.4	339.758
9.5	339.708
9.6	339.662
9.7	339.619
9.8	339.58
9.9	339.544
10	339.511
10.1	339.481
10.2	339.455
10.3	339.431
10.4	339.41
10.5	339.391
10.6	339.376
10.7	339.363
10.8	339.352
10.9	339.345
11	339.339
11.1	339.336
11.2	339.335
11.3	339.337
11.4	339.34
11.5	339.346
11.6	339.354
11.7	339.364
11.8	339.376
11.9	339.39
12	339.405
12.1	339.423
12.2	339.442
12.3	339.464
12.4	339.487
12.5	339.511
12.6	339.537
12.7	339.565
12.8	339.595
12.9	339.626
13	339.658
13.1	339.692
13.2	339.728
13.3	339.764
13.4	339.803
13.5	339.842
13.6	339.883
13.7	339.925
13.8	339.969
13.9	340.013
14	340.059
14.1	340.106
14.2	340.154
14.3	340.204
14.4	340.254
14.5	340.306
14.6	340.358
14.7	340.412
14.8	340.467
14.9	340.522
15	340.579
15.1	340.637
15.2	340.695
15.3	340.755
15.4	340.815
15.5	340.876
15.6	340.938
15.7	341.001
15.8	341.065
15.9	341.13
16	341.195
16.1	341.261
16.2	341.328
16.3	341.396
16.4	341.464
16.5	341.534
16.6	341.604
16.7	341.674
16.8	341.745
16.9	341.817
17	341.89
17.1	341.963
17.2	342.037
17.3	342.112
17.4	342.187
17.5	342.262
17.6	342.339
17.7	342.416
17.8	342.493
17.9	342.571
18	342.65
18.1	342.729
18.2	342.808
18.3	342.888
18.4	342.969
18.5	343.05
18.6	343.132
18.7	343.214
18.8	343.296
18.9	343.379
19	343.463
19.1	343.547
19.2	343.631
19.3	343.716
19.4	343.801
19.5	343.886
19.6	343.972
19.7	344.059
19.8	344.146
19.9	344.233
20	344.32
20.1	344.408
20.2	344.496
20.3	344.585
20.4	344.674
20.5	344.763
20.6	344.853
20.7	344.943
20.8	345.033
20.9	345.124
21	345.215
21.1	345.306
21.2	345.397
21.3	345.489
21.4	345.581
21.5	345.674
21.6	345.766
21.7	345.859
21.8	345.953
21.9	346.046
22	346.14
22.1	346.234
22.2	346.328
22.3	346.423
22.4	346.517
22.5	346.612
22.6	346.708
22.7	346.803
22.8	346.899
22.9	346.995
23	347.091
23.1	347.187
23.2	347.284
23.3	347.38
23.4	347.477
23.5	347.574
23.6	347.672
23.7	347.769
23.8	347.867
23.9	347.965
24	348.063
24.1	348.161
24.2	348.26
24.3	348.358
24.4	348.457
24.5	348.556
24.6	348.655
24.7	348.754
24.8	348.854
24.9	348.953
25	349.053
25.1	349.153
25.2	349.253
25.3	349.353
25.4	349.453
25.5	349.553
25.6	349.654
25.7	349.755
25.8	349.855
25.9	349.956
26	350.057
26.1	350.159
26.2	350.26
26.3	350.361
26.4	350.463
26.5	350.564
26.6	350.666
26.7	350.768
26.8	350.87
26.9	350.972
27	351.074
27.1	351.176
27.2	351.279
27.3	351.381
27.4	351.484
27.5	351.586
27.6	351.689
27.7	351.792
27.8	351.895
27.9	351.998
28	352.101
28.1	352.204
28.2	352.307
28.3	352.41
28.4	352.514
28.5	352.617
28.6	352.721
28.7	352.824
28.8	352.928
28.9	353.031
29	353.135
29.1	353.239
29.2	353.343
29.3	353.447
29.4	353.551
29.5	353.655
29.6	353.759
29.7	353.863
29.8	353.967
29.9	354.072
30	354.176
30.1	354.28
30.2	354.385
30.3	354.489
30.4	354.594
30.5	354.698
30.6	354.803
30.7	354.908
30.8	355.012
30.9	355.117
31	355.222
31.1	355.327
31.2	355.431
31.3	355.536
31.4	355.641
31.5	355.746
31.6	355.851
31.7	355.956
31.8	356.061
31.9	356.166
32	356.271
32.1	356.376
32.2	356.482
32.3	356.587
32.4	356.692
32.5	356.797
32.6	356.902
32.7	357.008
32.8	357.113
32.9	357.218
33	357.323
33.1	357.429
33.2	357.534
33.3	357.64
33.4	357.745
33.5	357.85
33.6	357.956
33.7	358.061
33.8	358.167
33.9	358.272
34	358.377
34.1	358.483
34.2	358.588
34.3	358.694
34.4	358.799
34.5	358.905
34.6	359.01
34.7	359.116
34.8	359.221
34.9	359.327
35	359.432
35.1	359.538
35.2	359.643
35.3	359.749
35.4	359.854
35.5	359.96
35.6	360.065
35.7	360.171
35.8	360.276
35.9	360.382
36	360.487
36.1	360.593
36.2	360.698
36.3	360.804
36.4	360.909
36.5	361.015
36.6	361.12
36.7	361.226
36.8	361.331
36.9	361.437
37	361.542
37.1	361.647
37.2	361.753
37.3	361.858
37.4	361.964
37.5	362.069
37.6	362.174
37.7	362.28
37.8	362.385
37.9	362.49
38	362.596
38.1	362.701
38.2	362.806
38.3	362.912
38.4	363.017
38.5	363.122
38.6	363.227
38.7	363.333
38.8	363.438
38.9	363.543
39	363.648
39.1	363.753
39.2	363.858
39.3	363.964
39.4	364.069
39.5	364.174
39.6	364.279
39.7	364.384
39.8	364.489
39.9	364.594
40	364.699
40.1	364.804
40.2	364.909
40.3	365.014
40.4	365.119
40.5	365.223
40.6	365.328
40.7	365.433
40.8	365.538
40.9	365.643
41	365.747
41.1	365.852
41.2	365.957
41.3	366.061
41.4	366.166
41.5	366.271
41.6	366.375
41.7	366.48
41.8	366.584
41.9	366.689
42	366.793
42.1	366.898
42.2	367.002
42.3	367.107
42.4	367.211
42.5	367.316
42.6	367.42
42.7	367.524
42.8	367.628
42.9	367.733
43	367.837
43.1	367.941
43.2	368.045
43.3	368.149
43.4	368.253
43.5	368.357
43.6	368.461
43.7	368.565
43.8	368.669
43.9	368.773
44	368.877
44.1	368.981
44.2	369.085
44.3	369.189
44.4	369.293
44.5	369.396
44.6	369.5
44.7	369.604
44.8	369.707
44.9	369.811
45	369.915
45.1	370.018
45.2	370.122
45.3	370.225
45.4	370.329
45.5	370.432
45.6	370.535
45.7	370.639
45.8	370.742
45.9	370.845
46	370.948
46.1	371.052
46.2	371.155
46.3	371.258
46.4	371.361
46.5	371.464
46.6	371.567
46.7	371.67
46.8	371.773
46.9	371.876
47	371.979
47.1	372.082
47.2	372.185
47.3	372.287
47.4	372.39
47.5	372.493
47.6	372.595
47.7	372.698
47.8	372.801
47.9	372.903
48	373.006
48.1	373.108
48.2	373.211
48.3	373.313
48.4	373.415
48.5	373.518
48.6	373.62
48.7	373.722
48.8	373.824
48.9	373.927
49	374.029
49.1	374.131
49.2	374.233
49.3	374.335
49.4	374.437
49.5	374.539
49.6	374.641
49.7	374.743
49.8	374.844
49.9	374.946
50	375.048
50.1	375.15
50.2	375.251
50.3	375.353
50.4	375.455
50.5	375.556
50.6	375.658
50.7	375.759
50.8	375.86
50.9	375.962
51	376.063
51.1	376.165
51.2	376.266
51.3	376.367
51.4	376.468
51.5	376.569
51.6	376.67
51.7	376.772
51.8	376.873
51.9	376.974
52	377.074
52.1	377.175
52.2	377.276
52.3	377.377
52.4	377.478
52.5	377.579
52.6	377.679
52.7	377.78
52.8	377.881
52.9	377.981
53	378.082
53.1	378.182
53.2	378.283
53.3	378.383
53.4	378.483
53.5	378.584
53.6	378.684
53.7	378.784
53.8	378.884
53.9	378.985
54	379.085
54.1	379.185
54.2	379.285
54.3	379.385
54.4	379.485
54.5	379.585
54.6	379.685
54.7	379.784
54.8	379.884
54.9	379.984
55	380.084
55.1	380.183
55.2	380.283
55.3	380.383
55.4	380.482
55.5	380.582
55.6	380.681
55.7	380.78
55.8	380.88
55.9	380.979
56	381.078
56.1	381.178
56.2	381.277
56.3	381.376
56.4	381.475
56.5	381.574
56.6	381.673
56.7	381.772
56.8	381.871
56.9	381.97
57	382.069
57.1	382.168
57.2	382.267
57.3	382.365
57.4	382.464
57.5	382.563
57.6	382.661
57.7	382.76
57.8	382.858
57.9	382.957
58	383.055
58.1	383.154
58.2	383.252
58.3	383.35
58.4	383.449
58.5	383.547
58.6	383.645
58.7	383.743
58.8	383.841
58.9	383.939
59	384.037
59.1	384.135
59.2	384.233
59.3	384.331
59.4	384.429
59.5	384.527
59.6	384.624
59.7	384.722
59.8	384.82
59.9	384.917
60	385.015
60.1	385.113
60.2	385.21
60.3	385.308
60.4	385.405
60.5	385.502
60.6	385.6
60.7	385.697
60.8	385.794
60.9	385.891
61	385.989
61.1	386.086
61.2	386.183
61.3	386.28
61.4	386.377
61.5	386.474
61.6	386.571
61.7	386.667
61.8	386.764
61.9	386.861
62	386.958
62.1	387.054
62.2	387.151
62.3	387.248
62.4	387.344
62.5	387.441
62.6	387.537
62.7	387.634
62.8	387.73
62.9	387.826
63	387.923
63.1	388.019
63.2	388.115
63.3	388.211
63.4	388.308
63.5	388.404
63.6	388.5
63.7	388.596
63.8	388.692
63.9	388.788
64	388.883
64.1	388.979
64.2	389.075
64.3	389.171
64.4	389.267
64.5	389.362
64.6	389.458
64.7	389.554
64.8	389.649
64.9	389.745
65	389.84
65.1	389.935
65.2	390.031
65.3	390.126
65.4	390.221
65.5	390.317
65.6	390.412
65.7	390.507
65.8	390.602
65.9	390.697
66	390.792
66.1	390.887
66.2	390.982
66.3	391.077
66.4	391.172
66.5	391.267
66.6	391.362
66.7	391.456
66.8	391.551
66.9	391.646
67	391.74
67.1	391.835
67.2	391.93
67.3	392.024
67.4	392.118
67.5	392.213
67.6	392.307
67.7	392.402
67.8	392.496
67.9	392.59
68	392.684
68.1	392.778
68.2	392.873
68.3	392.967
68.4	393.061
68.5	393.155
68.6	393.249
68.7	393.343
68.8	393.436
68.9	393.53
69	393.624
69.1	393.718
69.2	393.811
69.3	393.905
69.4	393.999
69.5	394.092
69.6	394.186
69.7	394.279
69.8	394.373
69.9	394.466
70	394.56
70.1	394.653
70.2	394.746
70.3	394.84
70.4	394.933
70.5	395.026
70.6	395.119
70.7	395.212
70.8	395.305
70.9	395.398
71	395.491
71.1	395.584
71.2	395.677
71.3	395.77
71.4	395.863
71.5	395.955
71.6	396.048
71.7	396.141
71.8	396.233
71.9	396.326
72	396.419
72.1	396.511
72.2	396.603
72.3	396.696
72.4	396.788
72.5	396.881
72.6	396.973
72.7	397.065
72.8	397.157
72.9	397.25
73	397.342
73.1	397.434
73.2	397.526
73.3	397.618
73.4	397.71
73.5	397.802
73.6	397.894
73.7	397.986
73.8	398.078
73.9	398.169
74	398.261
74.1	398.353
74.2	398.444
74.3	398.536
74.4	398.628
74.5	398.719
74.6	398.811
74.7	398.902
74.8	398.994
74.9	399.085
75	399.176
75.1	399.268
75.2	399.359
75.3	399.45
75.4	399.541
75.5	399.633
75.6	399.724
75.7	399.815
75.8	399.906
75.9	399.997
76	400.088
76.1	400.179
76.2	400.269
76.3	400.36
76.4	400.451
76.5	400.542
76.6	400.633
76.7	400.723
76.8	400.814
76.9	400.904
77	400.995
77.1	401.085
77.2	401.176
77.3	401.266
77.4	401.357
77.5	401.447
77.6	401.537
77.7	401.628
77.8	401.718
77.9	401.808
78	401.898
78.1	401.988
78.2	402.079
78.3	402.169
78.4	402.259
78.5	402.349
78.6	402.439
78.7	402.528
78.8	402.618
78.9	402.708
79	402.798
79.1	402.888
79.2	402.977
79.3	403.067
79.4	403.157
79.5	403.246
79.6	403.336
79.7	403.425
79.8	403.515
79.9	403.604
80	403.694
80.1	403.783
80.2	403.872
80.3	403.961
80.4	404.051
80.5	404.14
80.6	404.229
80.7	404.318
80.8	404.407
80.9	404.496
81	404.585
81.1	404.674
81.2	404.763
81.3	404.852
81.4	404.941
81.5	405.03
81.6	405.119
81.7	405.207
81.8	405.296
81.9	405.385
82	405.473
82.1	405.562
82.2	405.65
82.3	405.739
82.4	405.827
82.5	405.916
82.6	406.004
82.7	406.093
82.8	406.181
82.9	406.269
83	406.358
83.1	406.446
83.2	406.534
83.3	406.622
83.4	406.71
83.5	406.798
83.6	406.886
83.7	406.974
83.8	407.062
83.9	407.15
84	407.238
84.1	407.326
84.2	407.414
84.3	407.502
84.4	407.589
84.5	407.677
84.6	407.765
84.7	407.852
84.8	407.94
84.9	408.027
85	408.115
85.1	408.202
85.2	408.29
85.3	408.377
85.4	408.465
85.5	408.552
85.6	408.639
85.7	408.726
85.8	408.814
85.9	408.901
86	408.988
86.1	409.075
86.2	409.162
86.3	409.249
86.4	409.336
86.5	409.423
86.6	409.51
86.7	409.597
86.8	409.684
86.9	409.771
87	409.857
87.1	409.944
87.2	410.031
87.3	410.118
87.4	410.204
87.5	410.291
87.6	410.377
87.7	410.464
87.8	410.55
87.9	410.637
88	410.723
88.1	410.81
88.2	410.896
88.3	410.982
88.4	411.069
88.5	411.155
88.6	411.241
88.7	411.327
88.8	411.413
88.9	411.5
89	411.586
89.1	411.672
89.2	411.758
89.3	411.844
89.4	411.93
89.5	412.015
89.6	412.101
89.7	412.187
89.8	412.273
89.9	412.359
90	412.444
90.1	412.53
90.2	412.616
90.3	412.701
90.4	412.787
90.5	412.872
90.6	412.958
90.7	413.043
90.8	413.129
90.9	413.214
91	413.3
91.1	413.385
91.2	413.47
91.3	413.555
91.4	413.641
91.5	413.726
91.6	413.811
91.7	413.896
91.8	413.981
91.9	414.066
92	414.151
92.1	414.236
92.2	414.321
92.3	414.406
92.4	414.491
92.5	414.576
92.6	414.661
92.7	414.745
92.8	414.83
92.9	414.915
93	415
93.1	415.084
93.2	415.169
93.3	415.253
93.4	415.338
93.5	415.422
93.6	415.507
93.7	415.591
93.8	415.676
93.9	415.76
94	415.844
94.1	415.929
94.2	416.013
94.3	416.097
94.4	416.181
94.5	416.266
94.6	416.35
94.7	416.434
94.8	416.518
94.9	416.602
95	416.686
95.1	416.77
95.2	416.854
95.3	416.938
95.4	417.022
95.5	417.105
95.6	417.189
95.7	417.273
95.8	417.357
95.9	417.44
96	417.524
96.1	417.608
96.2	417.691
96.3	417.775
96.4	417.858
96.5	417.942
96.6	418.025
96.7	418.109
96.8	418.192
96.9	418.275
97	418.359
97.1	418.442
97.2	418.525
97.3	418.609
97.4	418.692
97.5	418.775
97.6	418.858
97.7	418.941
97.8	419.024
97.9	419.107
98	419.19
98.1	419.273
98.2	419.356
98.3	419.439
98.4	419.522
98.5	419.605
98.6	419.688
98.7	419.77
98.8	419.853
98.9	419.936
99	420.018
99.1	420.101
99.2	420.184
99.3	420.266
99.4	420.349
99.5	420.431
99.6	420.514
99.7	420.596
99.8	420.679
99.9	420.761
100	420.843
100.1	420.926
100.2	421.008
100.3	421.09
100.4	421.172
100.5	421.255
100.6	421.337
100.7	421.419
100.8	421.501
100.9	421.583
101	421.665
101.1	421.747
101.2	421.829
101.3	421.911
101.4	421.993
101.5	422.075
101.6	422.157
101.7	422.238
101.8	422.32
101.9	422.402
102	422.484
102.1	422.565
102.2	422.647
102.3	422.729
102.4	422.81
102.5	422.892
102.6	422.973
102.7	423.055
102.8	423.136
102.9	423.218
103	423.299
103.1	423.38
103.2	423.462
103.3	423.543
103.4	423.624
103.5	423.706
103.6	423.787
103.7	423.868
103.8	423.949
103.9	424.03
104	424.111
104.1	424.192
104.2	424.273
104.3	424.354
104.4	424.435
104.5	424.516
104.6	424.597
104.7	424.678
104.8	424.759
104.9	424.84
105	424.92
105.1	425.001
105.2	425.082
105.3	425.163
105.4	425.243
105.5	425.324
105.6	425.404
105.7	425.485
105.8	425.566
105.9	425.646
106	425.727
106.1	425.807
106.2	425.887
106.3	425.968
106.4	426.048
106.5	426.128
106.6	426.209
106.7	426.289
106.8	426.369
106.9	426.449
107	426.53
107.1	426.61
107.2	426.69
107.3	426.77
107.4	426.85
107.5	426.93
107.6	427.01
107.7	427.09
107.8	427.17
107.9	427.25
108	427.33
108.1	427.409
108.2	427.489
108.3	427.569
108.4	427.649
108.5	427.729
108.6	427.808
108.7	427.888
108.8	427.968
108.9	428.047
109	428.127
109.1	428.206
109.2	428.286
109.3	428.365
109.4	428.445
109.5	428.524
109.6	428.604
109.7	428.683
109.8	428.762
109.9	428.842
110	428.921
110.1	429
110.2	429.079
110.3	429.158
110.4	429.238
110.5	429.317
110.6	429.396
110.7	429.475
110.8	429.554
110.9	429.633
111	429.712
111.1	429.791
111.2	429.87
111.3	429.949
111.4	430.028
111.5	430.106
111.6	430.185
111.7	430.264
111.8	430.343
111.9	430.421
112	430.5
112.1	430.579
112.2	430.657
112.3	430.736
112.4	430.815
112.5	430.893
112.6	430.972
112.7	431.05
112.8	431.129
112.9	431.207
113	431.286
113.1	431.364
113.2	431.442
113.3	431.521
113.4	431.599
113.5	431.677
113.6	431.755
113.7	431.834
113.8	431.912
113.9	431.99
114	432.068
114.1	432.146
114.2	432.224
114.3	432.302
114.4	432.38
114.5	432.458
114.6	432.536
114.7	432.614
114.8	432.692
114.9	432.77
115	432.848
115.1	432.926
115.2	433.003
115.3	433.081
115.4	433.159
115.5	433.236
115.6	433.314
115.7	433.392
115.8	433.469
115.9	433.547
116	433.625
116.1	433.702
116.2	433.78
116.3	433.857
116.4	433.935
116.5	434.012
116.6	434.089
116.7	434.167
116.8	434.244
116.9	434.321
117	434.399
117.1	434.476
117.2	434.553
117.3	434.63
117.4	434.707
117.5	434.785
117.6	434.862
117.7	434.939
117.8	435.016
117.9	435.093
118	435.17
118.1	435.247
118.2	435.324
118.3	435.401
118.4	435.478
118.5	435.555
118.6	435.631
118.7	435.708
118.8	435.785
118.9	435.862
119	435.939
119.1	436.015
119.2	436.092
119.3	436.169
119.4	436.245
119.5	436.322
119.6	436.398
119.7	436.475
119.8	436.551
119.9	436.628
120	436.704
120.1	436.781
120.2	436.857
120.3	436.934
120.4	437.01
120.5	437.086
120.6	437.163
120.7	437.239
120.8	437.315
120.9	437.391
121	437.468
121.1	437.544
121.2	437.62
121.3	437.696
121.4	437.772
121.5	437.848
121.6	437.924
121.7	438
121.8	438.076
121.9	438.152
122	438.228
122.1	438.304
122.2	438.38
122.3	438.456
122.4	438.532
122.5	438.607
122.6	438.683
122.7	438.759
122.8	438.835
122.9	438.91
123	438.986
123.1	439.062
123.2	439.137
123.3	439.213
123.4	439.288
123.5	439.364
123.6	439.439
123.7	439.515
123.8	439.59
123.9	439.666
124	439.741
124.1	439.817
124.2	439.892
124.3	439.967
124.4	440.043
124.5	440.118
124.6	440.193
124.7	440.268
124.8	440.344
124.9	440.419
125	440.494
125.1	440.569
125.2	440.644
125.3	440.719
125.4	440.794
125.5	440.869
125.6	440.944
125.7	441.019
125.8	441.094
125.9	441.169
126	441.244
126.1	441.319
126.2	441.394
126.3	441.469
126.4	441.543
126.5	441.618
126.6	441.693
126.7	441.768
126.8	441.842
126.9	441.917
127	441.992
127.1	442.066
127.2	442.141
127.3	442.215
127.4	442.29
127.5	442.364
127.6	442.439
127.7	442.513
127.8	442.588
127.9	442.662
128	442.737
128.1	442.811
128.2	442.885
128.3	442.96
128.4	443.034
128.5	443.108
128.6	443.182
128.7	443.257
128.8	443.331
128.9	443.405
129	443.479
129.1	443.553
129.2	443.627
129.3	443.701
129.4	443.775
129.5	443.849
129.6	443.923
129.7	443.997
129.8	444.071
129.9	444.145
130	444.219
130.1	444.293
130.2	444.367
130.3	444.441
130.4	444.514
130.5	444.588
130.6	444.662
130.7	444.736
130.8	444.809
130.9	444.883
131	444.957
131.1	445.03
131.2	445.104
131.3	445.177
131.4	445.251
131.5	445.325
131.6	445.398
131.7	445.472
131.8	445.545
131.9	445.618
132	445.692
132.1	445.765
132.2	445.839
132.3	445.912
132.4	445.985
132.5	446.058
132.6	446.132
132.7	446.205
132.8	446.278
132.9	446.351
133	446.424
133.1	446.498
133.2	446.571
133.3	446.644
133.4	446.717
133.5	446.79
133.6	446.863
133.7	446.936
133.8	447.009
133.9	447.082
134	447.155
134.1	447.228
134.2	447.301
134.3	447.373
134.4	447.446
134.5	447.519
134.6	447.592
134.7	447.665
134.8	447.737
134.9	447.81
135	447.883
135.1	447.955
135.2	448.028
135.3	448.101
135.4	448.173
135.5	448.246
135.6	448.318
135.7	448.391
135.8	448.463
135.9	448.536
136	448.608
136.1	448.681
136.2	448.753
136.3	448.825
136.4	448.898
136.5	448.97
136.6	449.042
136.7	449.115
136.8	449.187
136.9	449.259
137	449.331
137.1	449.404
137.2	449.476
137.3	449.548
137.4	449.62
137.5	449.692
137.6	449.764
137.7	449.836
137.8	449.908
137.9	449.98
138	450.052
138.1	450.124
138.2	450.196
138.3	450.268
138.4	450.34
138.5	450.412
138.6	450.484
138.7	450.555
138.8	450.627
138.9	450.699
139	450.771
139.1	450.843
139.2	450.914
139.3	450.986
139.4	451.058
139.5	451.129
139.6	451.201
139.7	451.272
139.8	451.344
139.9	451.416
140	451.487
140.1	451.559
140.2	451.63
140.3	451.701
140.4	451.773
140.5	451.844
140.6	451.916
140.7	451.987
140.8	452.058
140.9	452.13
141	452.201
141.1	452.272
141.2	452.344
141.3	452.415
141.4	452.486
141.5	452.557
141.6	452.628
141.7	452.699
141.8	452.771
141.9	452.842
142	452.913
142.1	452.984
142.2	453.055
142.3	453.126
142.4	453.197
142.5	453.268
142.6	453.339
142.7	453.41
142.8	453.481
142.9	453.551
143	453.622
143.1	453.693
143.2	453.764
143.3	453.835
143.4	453.905
143.5	453.976
143.6	454.047
143.7	454.118
143.8	454.188
143.9	454.259
144	454.33
144.1	454.4
144.2	454.471
144.3	454.541
144.4	454.612
144.5	454.682
144.6	454.753
144.7	454.823
144.8	454.894
144.9	454.964
145	455.035
145.1	455.105
145.2	455.175
145.3	455.246
145.4	455.316
145.5	455.386
145.6	455.457
145.7	455.527
145.8	455.597
145.9	455.667
146	455.738
146.1	455.808
146.2	455.878
146.3	455.948
146.4	456.018
146.5	456.088
146.6	456.158
146.7	456.228
146.8	456.298
146.9	456.368
147	456.438
147.1	456.508
147.2	456.578
147.3	456.648
147.4	456.718
147.5	456.788
147.6	456.858
147.7	456.928
147.8	456.997
147.9	457.067
148	457.137
148.1	457.207
148.2	457.276
148.3	457.346
148.4	457.416
148.5	457.485
148.6	457.555
148.7	457.625
148.8	457.694
148.9	457.764
149	457.833
149.1	457.903
149.2	457.972
149.3	458.042
149.4	458.111
149.5	458.181
149.6	458.25
149.7	458.32
149.8	458.389
149.9	458.458
150	458.528
150.1	458.597
150.2	458.666
150.3	458.736
150.4	458.805
150.5	458.874
150.6	458.943
150.7	459.013
150.8	459.082
150.9	459.151
151	459.22
151.1	459.289
151.2	459.358
151.3	459.427
151.4	459.496
151.5	459.565
151.6	459.634
151.7	459.703
151.8	459.772
151.9	459.841
152	459.91
152.1	459.979
152.2	460.048
152.3	460.117
152.4	460.186
152.5	460.255
152.6	460.323
152.7	460.392
152.8	460.461
152.9	460.53
153	460.598
153.1	460.667
153.2	460.736
153.3	460.804
153.4	460.873
153.5	460.942
153.6	461.01
153.7	461.079
153.8	461.147
153.9	461.216
154	461.284
154.1	461.353
154.2	461.421
154.3	461.49
154.4	461.558
154.5	461.627
154.6	461.695
154.7	461.763
154.8	461.832
154.9	461.9
155	461.968
155.1	462.037
155.2	462.105
155.3	462.173
155.4	462.242
155.5	462.31
155.6	462.378
155.7	462.446
155.8	462.514
155.9	462.582
156	462.65
156.1	462.719
156.2	462.787
156.3	462.855
156.4	462.923
156.5	462.991
156.6	463.059
156.7	463.127
156.8	463.195
156.9	463.263
157	463.331
157.1	463.398
157.2	463.466
157.3	463.534
157.4	463.602
157.5	463.67
157.6	463.738
157.7	463.805
157.8	463.873
157.9	463.941
158	464.009
158.1	464.076
158.2	464.144
158.3	464.212
158.4	464.279
158.5	464.347
158.6	464.414
158.7	464.482
158.8	464.55
158.9	464.617
159	464.685
159.1	464.752
159.2	464.82
159.3	464.887
159.4	464.954
159.5	465.022
159.6	465.089
159.7	465.157
159.8	465.224
159.9	465.291
160	465.359
160.1	465.426
160.2	465.493
160.3	465.561
160.4	465.628
160.5	465.695
160.6	465.762
160.7	465.829
160.8	465.897
160.9	465.964
161	466.031
161.1	466.098
161.2	466.165
161.3	466.232
161.4	466.299
161.5	466.366
161.6	466.433
161.7	466.5
161.8	466.567
161.9	466.634
162	466.701
162.1	466.768
162.2	466.835
162.3	466.902
162.4	466.969
162.5	467.036
162.6	467.102
162.7	467.169
162.8	467.236
162.9	467.303
163	467.369
163.1	467.436
163.2	467.503
163.3	467.57
163.4	467.636
163.5	467.703
163.6	467.77
163.7	467.836
163.8	467.903
163.9	467.969
164	468.036
164.1	468.102
164.2	468.169
164.3	468.235
164.4	468.302
164.5	468.368
164.6	468.435
164.7	468.501
164.8	468.568
164.9	468.634
165	468.7
165.1	468.767
165.2	468.833
165.3	468.899
165.4	468.966
165.5	469.032
165.6	469.098
165.7	469.164
165.8	469.231
165.9	469.297
166	469.363
166.1	469.429
166.2	469.495
166.3	469.562
166.4	469.628
166.5	469.694
166.6	469.76
166.7	469.826
166.8	469.892
166.9	469.958
167	470.024
167.1	470.09
167.2	470.156
167.3	470.222
167.4	470.288
167.5	470.354
167.6	470.419
167.7	470.485
167.8	470.551
167.9	470.617
168	470.683
168.1	470.749
168.2	470.814
168.3	470.88
168.4	470.946
168.5	471.012
168.6	471.077
168.7	471.143
168.8	471.209
168.9	471.274
169	471.34
169.1	471.406
169.2	471.471
169.3	471.537
169.4	471.602
169.5	471.668
169.6	471.733
169.7	471.799
169.8	471.864
169.9	471.93
170	471.995
170.1	472.061
170.2	472.126
170.3	472.192
170.4	472.257
170.5	472.322
170.6	472.388
170.7	472.453
170.8	472.518
170.9	472.584
171	472.649
171.1	472.714
171.2	472.779
171.3	472.845
171.4	472.91
171.5	472.975
171.6	473.04
171.7	473.105
171.8	473.17
171.9	473.235
172	473.301
172.1	473.366
172.2	473.431
172.3	473.496
172.4	473.561
172.5	473.626
172.6	473.691
172.7	473.756
172.8	473.821
172.9	473.886
173	473.95
173.1	474.015
173.2	474.08
173.3	474.145
173.4	474.21
173.5	474.275
173.6	474.34
173.7	474.404
173.8	474.469
173.9	474.534
174	474.599
174.1	474.663
174.2	474.728
174.3	474.793
174.4	474.857
174.5	474.922
174.6	474.987
174.7	475.051
174.8	475.116
174.9	475.181
175	475.245
175.1	475.31
175.2	475.374
175.3	475.439
175.4	475.503
175.5	475.568
175.6	475.632
175.7	475.697
175.8	475.761
175.9	475.825
176	475.89
176.1	475.954
176.2	476.018
176.3	476.083
176.4	476.147
176.5	476.211
176.6	476.276
176.7	476.34
176.8	476.404
176.9	476.468
177	476.533
177.1	476.597
177.2	476.661
177.3	476.725
177.4	476.789
177.5	476.854
177.6	476.918
177.7	476.982
177.8	477.046
177.9	477.11
178	477.174
178.1	477.238
178.2	477.302
178.3	477.366
178.4	477.43
178.5	477.494
178.6	477.558
178.7	477.622
178.8	477.686
178.9	477.75
179	477.813
179.1	477.877
179.2	477.941
179.3	478.005
179.4	478.069
179.5	478.133
179.6	478.196
179.7	478.26
179.8	478.324
179.9	478.388
180	478.451
180.1	478.515
180.2	478.579
180.3	478.642
180.4	478.706
180.5	478.77
180.6	478.833
180.7	478.897
180.8	478.96
180.9	479.024
181	479.087
181.1	479.151
181.2	479.214
181.3	479.278
181.4	479.341
181.5	479.405
181.6	479.468
181.7	479.532
181.8	479.595
181.9	479.659
182	479.722
182.1	479.785
182.2	479.849
182.3	479.912
182.4	479.975
182.5	480.039
182.6	480.102
182.7	480.165
182.8	480.228
182.9	480.292
183	480.355
183.1	480.418
183.2	480.481
183.3	480.544
183.4	480.607
183.5	480.671
183.6	480.734
183.7	480.797
183.8	480.86
183.9	480.923
184	480.986
184.1	481.049
184.2	481.112
184.3	481.175
184.4	481.238
184.5	481.301
184.6	481.364
184.7	481.427
184.8	481.49
184.9	481.553
185	481.615
185.1	481.678
185.2	481.741
185.3	481.804
185.4	481.867
185.5	481.93
185.6	481.992
185.7	482.055
185.8	482.118
185.9	482.181
186	482.243
186.1	482.306
186.2	482.369
186.3	482.431
186.4	482.494
186.5	482.557
186.6	482.619
186.7	482.682
186.8	482.745
186.9	482.807
187	482.87
187.1	482.932
187.2	482.995
187.3	483.057
187.4	483.12
187.5	483.182
187.6	483.245
187.7	483.307
187.8	483.37
187.9	483.432
188	483.494
188.1	483.557
188.2	483.619
188.3	483.681
188.4	483.744
188.5	483.806
188.6	483.868
188.7	483.931
188.8	483.993
188.9	484.055
189	484.117
189.1	484.18
189.2	484.242
189.3	484.304
189.4	484.366
189.5	484.428
189.6	484.491
189.7	484.553
189.8	484.615
189.9	484.677
190	484.739
190.1	484.801
190.2	484.863
190.3	484.925
190.4	484.987
190.5	485.049
190.6	485.111
190.7	485.173
190.8	485.235
190.9	485.297
191	485.359
191.1	485.421
191.2	485.483
191.3	485.545
191.4	485.606
191.5	485.668
191.6	485.73
191.7	485.792
191.8	485.854
191.9	485.916
192	485.977
192.1	486.039
192.2	486.101
192.3	486.163
192.4	486.224
192.5	486.286
192.6	486.348
192.7	486.409
192.8	486.471
192.9	486.533
193	486.594
193.1	486.656
193.2	486.717
193.3	486.779
193.4	486.84
193.5	486.902
193.6	486.963
193.7	487.025
193.8	487.086
193.9	487.148
194	487.209
194.1	487.271
194.2	487.332
194.3	487.394
194.4	487.455
194.5	487.516
194.6	487.578
194.7	487.639
194.8	487.701
194.9	487.762
195	487.823
195.1	487.884
195.2	487.946
195.3	488.007
195.4	488.068
195.5	488.129
195.6	488.191
195.7	488.252
195.8	488.313
195.9	488.374
196	488.435
196.1	488.497
196.2	488.558
196.3	488.619
196.4	488.68
196.5	488.741
196.6	488.802
196.7	488.863
196.8	488.924
196.9	488.985
197	489.046
197.1	489.107
197.2	489.168
197.3	489.229
197.4	489.29
197.5	489.351
197.6	489.412
197.7	489.473
197.8	489.534
197.9	489.595
198	489.655
198.1	489.716
198.2	489.777
198.3	489.838
198.4	489.899
198.5	489.959
198.6	490.02
198.7	490.081
198.8	490.142
198.9	490.202
199	490.263
199.1	490.324
199.2	490.384
199.3	490.445
199.4	490.506
199.5	490.566
199.6	490.627
199.7	490.688
199.8	490.748
199.9	490.809
200	490.869
200.1	490.93
200.2	490.99
200.3	491.051
200.4	491.111
200.5	491.172
200.6	491.232
200.7	491.293
200.8	491.353
200.9	491.414
201	491.474
201.1	491.535
201.2	491.595
201.3	491.655
201.4	491.716
201.5	491.776
201.6	491.836
201.7	491.897
201.8	491.957
201.9	492.017
202	492.077
202.1	492.138
202.2	492.198
202.3	492.258
202.4	492.318
202.5	492.379
202.6	492.439
202.7	492.499
202.8	492.559
202.9	492.619
203	492.679
203.1	492.739
203.2	492.8
203.3	492.86
203.4	492.92
203.5	492.98
203.6	493.04
203.7	493.1
203.8	493.16
203.9	493.22
204	493.28
204.1	493.34
204.2	493.4
204.3	493.46
204.4	493.519
204.5	493.579
204.6	493.639
204.7	493.699
204.8	493.759
204.9	493.819
205	493.879
205.1	493.939
205.2	493.998
205.3	494.058
205.4	494.118
205.5	494.178
205.6	494.237
205.7	494.297
205.8	494.357
205.9	494.417
206	494.476
206.1	494.536
206.2	494.596
206.3	494.655
206.4	494.715
206.5	494.775
206.6	494.834
206.7	494.894
206.8	494.953
206.9	495.013
207	495.072
207.1	495.132
207.2	495.191
207.3	495.251
207.4	495.31
207.5	495.37
207.6	495.429
207.7	495.489
207.8	495.548
207.9	495.608
208	495.667
208.1	495.727
208.2	495.786
208.3	495.845
208.4	495.905
208.5	495.964
208.6	496.023
208.7	496.083
208.8	496.142
208.9	496.201
209	496.26
209.1	496.32
209.2	496.379
209.3	496.438
209.4	496.497
209.5	496.557
209.6	496.616
209.7	496.675
209.8	496.734
209.9	496.793
210	496.852
210.1	496.912
210.2	496.971
210.3	497.03
210.4	497.089
210.5	497.148
210.6	497.207
210.7	497.266
210.8	497.325
210.9	497.384
211	497.443
211.1	497.502
211.2	497.561
211.3	497.62
211.4	497.679
211.5	497.738
211.6	497.797
211.7	497.856
211.8	497.914
211.9	497.973
212	498.032
212.1	498.091
212.2	498.15
212.3	498.209
212.4	498.267
212.5	498.326
212.6	498.385
212.7	498.444
212.8	498.502
212.9	498.561
213	498.62
213.1	498.679
213.2	498.737
213.3	498.796
213.4	498.855
213.5	498.913
213.6	498.972
213.7	499.031
213.8	499.089
213.9	499.148
214	499.206
214.1	499.265
214.2	499.324
214.3	499.382
214.4	499.441
214.5	499.499
214.6	499.558
214.7	499.616
214.8	499.675
214.9	499.733
215	499.791
215.1	499.85
215.2	499.908
215.3	499.967
215.4	500.025
215.5	500.084
215.6	500.142
215.7	500.2
215.8	500.259
215.9	500.317
216	500.375
216.1	500.434
216.2	500.492
216.3	500.55
216.4	500.608
216.5	500.667
216.6	500.725
216.7	500.783
216.8	500.841
216.9	500.899
217	500.958
217.1	501.016
217.2	501.074
217.3	501.132
217.4	501.19
217.5	501.248
217.6	501.306
217.7	501.365
217.8	501.423
217.9	501.481
218	501.539
218.1	501.597
218.2	501.655
218.3	501.713
218.4	501.771
218.5	501.829
218.6	501.887
218.7	501.945
218.8	502.003
218.9	502.061
219	502.119
219.1	502.176
219.2	502.234
219.3	502.292
219.4	502.35
219.5	502.408
219.6	502.466
219.7	502.524
219.8	502.581
219.9	502.639
220	502.697
220.1	502.755
220.2	502.813
220.3	502.87
220.4	502.928
220.5	502.986
220.6	503.043
220.7	503.101
220.8	503.159
220.9	503.217
221	503.274
221.1	503.332
221.2	503.389
221.3	503.447
221.4	503.505
221.5	503.562
221.6	503.62
221.7	503.677
221.8	503.735
221.9	503.793
222	503.85
222.1	503.908
222.2	503.965
222.3	504.023
222.4	504.08
222.5	504.138
222.6	504.195
222.7	504.252
222.8	504.31
222.9	504.367
223	504.425
223.1	504.482
223.2	504.539
223.3	504.597
223.4	504.654
223.5	504.711
223.6	504.769
223.7	504.826
223.8	504.883
223.9	504.941
224	504.998
224.1	505.055
224.2	505.112
224.3	505.17
224.4	505.227
224.5	505.284
224.6	505.341
224.7	505.399
224.8	505.456
224.9	505.513
225	505.57
225.1	505.627
225.2	505.684
225.3	505.741
225.4	505.798
225.5	505.856
225.6	505.913
225.7	505.97
225.8	506.027
225.9	506.084
226	506.141
226.1	506.198
226.2	506.255
226.3	506.312
226.4	506.369
226.5	506.426
226.6	506.483
226.7	506.54
226.8	506.597
226.9	506.653
227	506.71
227.1	506.767
227.2	506.824
227.3	506.881
227.4	506.938
227.5	506.995
227.6	507.051
227.7	507.108
227.8	507.165
227.9	507.222
228	507.279
228.1	507.335
228.2	507.392
228.3	507.449
228.4	507.506
228.5	507.562
228.6	507.619
228.7	507.676
228.8	507.732
228.9	507.789
229	507.846
229.1	507.902
229.2	507.959
229.3	508.015
229.4	508.072
229.5	508.129
229.6	508.185
229.7	508.242
229.8	508.298
229.9	508.355
230	508.411
230.1	508.468
230.2	508.524
230.3	508.581
230.4	508.637
230.5	508.694
230.6	508.75
230.7	508.807
230.8	508.863
230.9	508.92
231	508.976
231.1	509.032
231.2	509.089
231.3	509.145
231.4	509.201
231.5	509.258
231.6	509.314
231.7	509.37
231.8	509.427
231.9	509.483
232	509.539
232.1	509.596
232.2	509.652
232.3	509.708
232.4	509.764
232.5	509.821
232.6	509.877
232.7	509.933
232.8	509.989
232.9	510.045
233	510.101
233.1	510.158
233.2	510.214
233.3	510.27
233.4	510.326
233.5	510.382
233.6	510.438
233.7	510.494
233.8	510.55
233.9	510.606
234	510.662
234.1	510.718
234.2	510.774
234.3	510.83
234.4	510.886
234.5	510.942
234.6	510.998
234.7	511.054
234.8	511.11
234.9	511.166
235	511.222
235.1	511.278
235.2	511.334
235.3	511.39
235.4	511.446
235.5	511.501
235.6	511.557
235.7	511.613
235.8	511.669
235.9	511.725
236	511.781
236.1	511.836
236.2	511.892
236.3	511.948
236.4	512.004
236.5	512.059
236.6	512.115
236.7	512.171
236.8	512.227
236.9	512.282
237	512.338
237.1	512.394
237.2	512.449
237.3	512.505
237.4	512.561
237.5	512.616
237.6	512.672
237.7	512.727
237.8	512.783
237.9	512.839
238	512.894
238.1	512.95
238.2	513.005
238.3	513.061
238.4	513.116
238.5	513.172
238.6	513.227
238.7	513.283
238.8	513.338
238.9	513.394
239	513.449
239.1	513.504
239.2	513.56
239.3	513.615
239.4	513.671
239.5	513.726
239.6	513.781
239.7	513.837
239.8	513.892
239.9	513.948
240	514.003
240.1	514.058
240.2	514.113
240.3	514.169
240.4	514.224
240.5	514.279
240.6	514.335
240.7	514.39
240.8	514.445
240.9	514.5
241	514.556
241.1	514.611
241.2	514.666
241.3	514.721
241.4	514.776
241.5	514.831
241.6	514.887
241.7	514.942
241.8	514.997
241.9	515.052
242	515.107
242.1	515.162
242.2	515.217
242.3	515.272
242.4	515.327
242.5	515.382
242.6	515.437
242.7	515.492
242.8	515.547
242.9	515.602
243	515.657
243.1	515.712
243.2	515.767
243.3	515.822
243.4	515.877
243.5	515.932
243.6	515.987
243.7	516.042
243.8	516.097
243.9	516.152
244	516.207
244.1	516.261
244.2	516.316
244.3	516.371
244.4	516.426
244.5	516.481
244.6	516.536
244.7	516.59
244.8	516.645
244.9	516.7
245	516.755
245.1	516.809
245.2	516.864
245.3	516.919
245.4	516.974
245.5	517.028
245.6	517.083
245.7	517.138
245.8	517.192
245.9	517.247
246	517.302
246.1	517.356
246.2	517.411
246.3	517.465
246.4	517.52
246.5	517.575
246.6	517.629
246.7	517.684
246.8	517.738
246.9	517.793
247	517.847
247.1	517.902
247.2	517.956
247.3	518.011
247.4	518.065
247.5	518.12
247.6	518.174
247.7	518.229
247.8	518.283
247.9	518.338
248	518.392
248.1	518.447
248.2	518.501
248.3	518.555
248.4	518.61
248.5	518.664
248.6	518.718
248.7	518.773
248.8	518.827
248.9	518.881
249	518.936
249.1	518.99
249.2	519.044
249.3	519.099
249.4	519.153
249.5	519.207
249.6	519.261
249.7	519.316
249.8	519.37
249.9	519.424
250	519.478
250.1	519.532
250.2	519.587
250.3	519.641
250.4	519.695
250.5	519.749
250.6	519.803
250.7	519.857
250.8	519.911
250.9	519.966
251	520.02
251.1	520.074
251.2	520.128
251.3	520.182
251.4	520.236
251.5	520.29
251.6	520.344
251.7	520.398
251.8	520.452
251.9	520.506
252	520.56
252.1	520.614
252.2	520.668
252.3	520.722
252.4	520.776
252.5	520.83
252.6	520.884
252.7	520.937
252.8	520.991
252.9	521.045
253	521.099
253.1	521.153
253.2	521.207
253.3	521.261
253.4	521.314
253.5	521.368
253.6	521.422
253.7	521.476
253.8	521.53
253.9	521.583
254	521.637
254.1	521.691
254.2	521.745
254.3	521.798
254.4	521.852
254.5	521.906
254.6	521.96
254.7	522.013
254.8	522.067
254.9	522.121
255	522.174
255.1	522.228
255.2	522.282
255.3	522.335
255.4	522.389
255.5	522.442
255.6	522.496
255.7	522.55
255.8	522.603
255.9	522.657
256	522.71
256.1	522.764
256.2	522.817
256.3	522.871
256.4	522.924
256.5	522.978
256.6	523.031
256.7	523.085
256.8	523.138
256.9	523.192
257	523.245
257.1	523.299
257.2	523.352
257.3	523.405
257.4	523.459
257.5	523.512
257.6	523.566
257.7	523.619
257.8	523.672
257.9	523.726
258	523.779
258.1	523.832
258.2	523.886
258.3	523.939
258.4	523.992
258.5	524.046
258.6	524.099
258.7	524.152
258.8	524.205
258.9	524.259
259	524.312
259.1	524.365
259.2	524.418
259.3	524.471
259.4	524.525
259.5	524.578
259.6	524.631
259.7	524.684
259.8	524.737
259.9	524.79
260	524.844
260.1	524.897
260.2	524.95
260.3	525.003
260.4	525.056
260.5	525.109
260.6	525.162
260.7	525.215
260.8	525.268
260.9	525.321
261	525.374
261.1	525.427
261.2	525.48
261.3	525.533
261.4	525.586
261.5	525.639
261.6	525.692
261.7	525.745
261.8	525.798
261.9	525.851
262	525.904
262.1	525.957
262.2	526.01
262.3	526.063
262.4	526.116
262.5	526.168
262.6	526.221
262.7	526.274
262.8	526.327
262.9	526.38
263	526.433
263.1	526.485
263.2	526.538
263.3	526.591
263.4	526.644
263.5	526.697
263.6	526.749
263.7	526.802
263.8	526.855
263.9	526.907
264	526.96
264.1	527.013
264.2	527.066
264.3	527.118
264.4	527.171
264.5	527.224
264.6	527.276
264.7	527.329
264.8	527.382
264.9	527.434
265	527.487
265.1	527.539
265.2	527.592
265.3	527.645
265.4	527.697
265.5	527.75
265.6	527.802
265.7	527.855
265.8	527.907
265.9	527.96
266	528.012
266.1	528.065
266.2	528.117
266.3	528.17
266.4	528.222
266.5	528.275
266.6	528.327
266.7	528.38
266.8	528.432
266.9	528.484
267	528.537
267.1	528.589
267.2	528.642
267.3	528.694
267.4	528.746
267.5	528.799
267.6	528.851
267.7	528.903
267.8	528.956
267.9	529.008
268	529.06
268.1	529.113
268.2	529.165
268.3	529.217
268.4	529.27
268.5	529.322
268.6	529.374
268.7	529.426
268.8	529.479
268.9	529.531
269	529.583
269.1	529.635
269.2	529.687
269.3	529.74
269.4	529.792
269.5	529.844
269.6	529.896
269.7	529.948
269.8	530
269.9	530.052
270	530.105
270.1	530.157
270.2	530.209
270.3	530.261
270.4	530.313
270.5	530.365
270.6	530.417
270.7	530.469
270.8	530.521
270.9	530.573
271	530.625
271.1	530.677
271.2	530.729
271.3	530.781
271.4	530.833
271.5	530.885
271.6	530.937
271.7	530.989
271.8	531.041
271.9	531.093
272	531.145
272.1	531.197
272.2	531.249
272.3	531.3
272.4	531.352
272.5	531.404
272.6	531.456
272.7	531.508
272.8	531.56
272.9	531.611
273	531.663
273.1	531.715
273.2	531.767
273.3	531.819
273.4	531.87
273.5	531.922
273.6	531.974
273.7	532.026
273.8	532.077
273.9	532.129
274	532.181
274.1	532.233
274.2	532.284
274.3	532.336
274.4	532.388
274.5	532.439
274.6	532.491
274.7	532.543
274.8	532.594
274.9	532.646
275	532.698
275.1	532.749
275.2	532.801
275.3	532.852
275.4	532.904
275.5	532.956
275.6	533.007
275.7	533.059
275.8	533.11
275.9	533.162
276	533.213
276.1	533.265
276.2	533.316
276.3	533.368
276.4	533.419
276.5	533.471
276.6	533.522
276.7	533.574
276.8	533.625
276.9	533.677
277	533.728
277.1	533.779
277.2	533.831
277.3	533.882
277.4	533.934
277.5	533.985
277.6	534.036
277.7	534.088
277.8	534.139
277.9	534.19
278	534.242
278.1	534.293
278.2	534.344
278.3	534.396
278.4	534.447
278.5	534.498
278.6	534.55
278.7	534.601
278.8	534.652
278.9	534.703
279	534.755
279.1	534.806
279.2	534.857
279.3	534.908
279.4	534.959
279.5	535.011
279.6	535.062
279.7	535.113
279.8	535.164
279.9	535.215
280	535.266
280.1	535.318
280.2	535.369
280.3	535.42
280.4	535.471
280.5	535.522
280.6	535.573
280.7	535.624
280.8	535.675
280.9	535.726
281	535.777
281.1	535.828
281.2	535.879
281.3	535.93
281.4	535.981
281.5	536.032
281.6	536.083
281.7	536.134
281.8	536.185
281.9	536.236
282	536.287
282.1	536.338
282.2	536.389
282.3	536.44
282.4	536.491
282.5	536.542
282.6	536.593
282.7	536.644
282.8	536.695
282.9	536.746
283	536.796
283.1	536.847
283.2	536.898
283.3	536.949
283.4	537
283.5	537.051
283.6	537.101
283.7	537.152
283.8	537.203
283.9	537.254
284	537.304
284.1	537.355
284.2	537.406
284.3	537.457
284.4	537.507
284.5	537.558
284.6	537.609
284.7	537.66
284.8	537.71
284.9	537.761
285	537.812
285.1	537.862
285.2	537.913
285.3	537.964
285.4	538.014
285.5	538.065
285.6	538.116
285.7	538.166
285.8	538.217
285.9	538.267
286	538.318
286.1	538.369
286.2	538.419
286.3	538.47
286.4	538.52
286.5	538.571
286.6	538.621
286.7	538.672
286.8	538.722
286.9	538.773
287	538.823
287.1	538.874
287.2	538.924
287.3	538.975
287.4	539.025
287.5	539.076
287.6	539.126
287.7	539.177
287.8	539.227
287.9	539.277
288	539.328
288.1	539.378
288.2	539.429
288.3	539.479
288.4	539.529
288.5	539.58
288.6	539.63
288.7	539.68
288.8	539.731
288.9	539.781
289	539.831
289.1	539.882
289.2	539.932
289.3	539.982
289.4	540.032
289.5	540.083
289.6	540.133
289.7	540.183
289.8	540.233
289.9	540.284
290	540.334
290.1	540.384
290.2	540.434
290.3	540.485
290.4	540.535
290.5	540.585
290.6	540.635
290.7	540.685
290.8	540.735
290.9	540.786
291	540.836
291.1	540.886
291.2	540.936
291.3	540.986
291.4	541.036
291.5	541.086
291.6	541.136
291.7	541.186
291.8	541.236
291.9	541.286
292	541.337
292.1	541.387
292.2	541.437
292.3	541.487
292.4	541.537
292.5	541.587
292.6	541.637
292.7	541.687
292.8	541.737
292.9	541.787
293	541.836
293.1	541.886
293.2	541.936
293.3	541.986
293.4	542.036
293.5	542.086
293.6	542.136
293.7	542.186
293.8	542.236
293.9	542.286
294	542.336
294.1	542.385
294.2	542.435
294.3	542.485
294.4	542.535
294.5	542.585
294.6	542.635
294.7	542.684
294.8	542.734
294.9	542.784
295	542.834
295.1	542.883
295.2	542.933
295.3	542.983
295.4	543.033
295.5	543.082
295.6	543.132
295.7	543.182
295.8	543.232
295.9	543.281
296	543.331
296.1	543.381
296.2	543.43
296.3	543.48
296.4	543.53
296.5	543.579
296.6	543.629
296.7	543.679
296.8	543.728
296.9	543.778
297	543.827
297.1	543.877
297.2	543.927
297.3	543.976
297.4	544.026
297.5	544.075
297.6	544.125
297.7	544.174
297.8	544.224
297.9	544.273
298	544.323
298.1	544.373
298.2	544.422
298.3	544.472
298.4	544.521
298.5	544.57
298.6	544.62
298.7	544.669
298.8	544.719
298.9	544.768
299	544.818
299.1	544.867
299.2	544.917
299.3	544.966
299.4	545.015
299.5	545.065
299.6	545.114
299.7	545.163
299.8	545.213
299.9	545.262
300	545.312
