W	Pred
1.5	419.862
1.6	414.069
1.7	408.76
1.8	403.876
1.9	399.365
2	395.183
2.1	391.295
2.2	387.671
2.3	384.283
2.4	381.11
2.5	378.131
2.6	375.33
2.7	372.69
2.8	370.2
2.9	367.845
3	365.618
3.1	363.507
3.2	361.504
3.3	359.602
3.4	357.793
3.5	356.073
3.6	354.433
3.7	352.871
3.8	351.38
3.9	349.957
4	348.598
4.1	347.299
4.2	346.056
4.3	344.866
4.4	343.727
4.5	342.636
4.6	341.591
4.7	340.589
4.8	339.627
4.9	338.705
5	337.82
5.1	336.97
5.2	336.154
5.3	335.37
5.4	334.617
5.5	333.893
5.6	333.198
5.7	332.53
5.8	331.887
5.9	331.269
6	330.675
6.1	330.104
6.2	329.555
6.3	329.027
6.4	328.519
6.5	328.031
6.6	327.562
6.7	327.11
6.8	326.677
6.9	326.26
7	325.859
7.1	325.474
7.2	325.104
7.3	324.748
7.4	324.407
7.5	324.079
7.6	323.765
7.7	323.463
7.8	323.174
7.9	322.897
8	322.631
8.1	322.377
8.2	322.133
8.3	321.9
8.4	321.677
8.5	321.465
8.6	321.262
8.7	321.068
8.8	320.883
8.9	320.707
9	320.54
9.1	320.381
9.2	320.23
9.3	320.087
9.4	319.952
9.5	319.824
9.6	319.703
9.7	319.59
9.8	319.483
9.9	319.383
10	319.29
10.1	319.203
10.2	319.122
10.3	319.047
10.4	318.978
10.5	318.915
10.6	318.857
10.7	318.805
10.8	318.758
10.9	318.716
11	318.679
11.1	318.648
11.2	318.621
11.3	318.599
11.4	318.581
11.5	318.568
11.6	318.559
11.7	318.555
11.8	318.554
11.9	318.558
12	318.566
12.1	318.578
12.2	318.593
12.3	318.613
12.4	318.636
12.5	318.662
12.6	318.692
12.7	318.726
12.8	318.762
12.9	318.802
13	318.846
13.1	318.892
13.2	318.942
13.3	318.994
13.4	319.05
13.5	319.108
13.6	319.169
13.7	319.233
13.8	319.3
13.9	319.369
14	319.441
14.1	319.515
14.2	319.592
14.3	319.671
14.4	319.753
14.5	319.837
14.6	319.924
14.7	320.012
14.8	320.103
14.9	320.196
15	320.292
15.1	320.389
15.2	320.488
15.3	320.59
15.4	320.693
15.5	320.798
15.6	320.905
15.7	321.014
15.8	321.125
15.9	321.238
16	321.352
16.1	321.468
16.2	321.586
16.3	321.706
16.4	321.827
16.5	321.95
16.6	322.074
16.7	322.2
16.8	322.327
16.9	322.456
17	322.587
17.1	322.718
17.2	322.851
17.3	322.986
17.4	323.122
17.5	323.259
17.6	323.398
17.7	323.538
17.8	323.679
17.9	323.821
18	323.965
18.1	324.11
18.2	324.256
18.3	324.403
18.4	324.552
18.5	324.701
18.6	324.852
18.7	325.003
18.8	325.156
18.9	325.31
19	325.465
19.1	325.621
19.2	325.777
19.3	325.935
19.4	326.094
19.5	326.254
19.6	326.414
19.7	326.576
19.8	326.738
19.9	326.902
20	327.066
20.1	327.231
20.2	327.397
20.3	327.564
20.4	327.731
20.5	327.9
20.6	328.069
20.7	328.239
20.8	328.41
20.9	328.581
21	328.753
21.1	328.926
21.2	329.1
21.3	329.274
21.4	329.449
21.5	329.625
21.6	329.801
21.7	329.978
21.8	330.156
21.9	330.335
22	330.513
22.1	330.693
22.2	330.873
22.3	331.054
22.4	331.235
22.5	331.417
22.6	331.6
22.7	331.783
22.8	331.967
22.9	332.151
23	332.335
23.1	332.521
23.2	332.706
23.3	332.893
23.4	333.079
23.5	333.267
23.6	333.454
23.7	333.643
23.8	333.831
23.9	334.02
24	334.21
24.1	334.4
24.2	334.59
24.3	334.781
24.4	334.973
24.5	335.164
24.6	335.357
24.7	335.549
24.8	335.742
24.9	335.935
25	336.129
25.1	336.323
25.2	336.518
25.3	336.713
25.4	336.908
25.5	337.103
25.6	337.299
25.7	337.496
25.8	337.692
25.9	337.889
26	338.087
26.1	338.284
26.2	338.482
26.3	338.68
26.4	338.879
26.5	339.078
26.6	339.277
26.7	339.476
26.8	339.676
26.9	339.876
27	340.076
27.1	340.277
27.2	340.477
27.3	340.679
27.4	340.88
27.5	341.081
27.6	341.283
27.7	341.485
27.8	341.688
27.9	341.89
28	342.093
28.1	342.296
28.2	342.499
28.3	342.703
28.4	342.907
28.5	343.11
28.6	343.315
28.7	343.519
28.8	343.723
28.9	343.928
29	344.133
29.1	344.338
29.2	344.544
29.3	344.749
29.4	344.955
29.5	345.161
29.6	345.367
29.7	345.573
29.8	345.779
29.9	345.986
30	346.193
30.1	346.4
30.2	346.607
30.3	346.814
30.4	347.021
30.5	347.229
30.6	347.436
30.7	347.644
30.8	347.852
30.9	348.06
31	348.268
31.1	348.477
31.2	348.685
31.3	348.894
31.4	349.103
31.5	349.311
31.6	349.52
31.7	349.73
31.8	349.939
31.9	350.148
32	350.358
32.1	350.567
32.2	350.777
32.3	350.987
32.4	351.196
32.5	351.406
32.6	351.616
32.7	351.827
32.8	352.037
32.9	352.247
33	352.458
33.1	352.668
33.2	352.879
33.3	353.09
33.4	353.3
33.5	353.511
33.6	353.722
33.7	353.933
33.8	354.144
33.9	354.355
34	354.567
34.1	354.778
34.2	354.989
34.3	355.201
34.4	355.412
34.5	355.624
34.6	355.835
34.7	356.047
34.8	356.259
34.9	356.471
35	356.683
35.1	356.894
35.2	357.106
35.3	357.318
35.4	357.53
35.5	357.743
35.6	357.955
35.7	358.167
35.8	358.379
35.9	358.591
36	358.804
36.1	359.016
36.2	359.229
36.3	359.441
36.4	359.653
36.5	359.866
36.6	360.078
36.7	360.291
36.8	360.504
36.9	360.716
37	360.929
37.1	361.141
37.2	361.354
37.3	361.567
37.4	361.78
37.5	361.992
37.6	362.205
37.7	362.418
37.8	362.631
37.9	362.843
38	363.056
38.1	363.269
38.2	363.482
38.3	363.695
38.4	363.908
38.5	364.121
38.6	364.334
38.7	364.546
38.8	364.759
38.9	364.972
39	365.185
39.1	365.398
39.2	365.611
39.3	365.824
39.4	366.037
39.5	366.25
39.6	366.463
39.7	366.676
39.8	366.889
39.9	367.102
40	367.314
40.1	367.527
40.2	367.74
40.3	367.953
40.4	368.166
40.5	368.379
40.6	368.592
40.7	368.805
40.8	369.018
40.9	369.23
41	369.443
41.1	369.656
41.2	369.869
41.3	370.082
41.4	370.294
41.5	370.507
41.6	370.72
41.7	370.933
41.8	371.145
41.9	371.358
42	371.571
42.1	371.783
42.2	371.996
42.3	372.208
42.4	372.421
42.5	372.633
42.6	372.846
42.7	373.059
42.8	373.271
42.9	373.483
43	373.696
43.1	373.908
43.2	374.121
43.3	374.333
43.4	374.545
43.5	374.758
43.6	374.97
43.7	375.182
43.8	375.394
43.9	375.606
44	375.818
44.1	376.031
44.2	376.243
44.3	376.455
44.4	376.667
44.5	376.879
44.6	377.09
44.7	377.302
44.8	377.514
44.9	377.726
45	377.938
45.1	378.15
45.2	378.361
45.3	378.573
45.4	378.785
45.5	378.996
45.6	379.208
45.7	379.419
45.8	379.631
45.9	379.842
46	380.053
46.1	380.265
46.2	380.476
46.3	380.687
46.4	380.898
46.5	381.11
46.6	381.321
46.7	381.532
46.8	381.743
46.9	381.954
47	382.165
47.1	382.376
47.2	382.587
47.3	382.797
47.4	383.008
47.5	383.219
47.6	383.429
47.7	383.64
47.8	383.851
47.9	384.061
48	384.272
48.1	384.482
48.2	384.692
48.3	384.903
48.4	385.113
48.5	385.323
48.6	385.533
48.7	385.743
48.8	385.953
48.9	386.163
49	386.373
49.1	386.583
49.2	386.793
49.3	387.003
49.4	387.213
49.5	387.422
49.6	387.632
49.7	387.842
49.8	388.051
49.9	388.261
50	388.47
50.1	388.679
50.2	388.889
50.3	389.098
50.4	389.307
50.5	389.516
50.6	389.725
50.7	389.934
50.8	390.143
50.9	390.352
51	390.561
51.1	390.77
51.2	390.979
51.3	391.187
51.4	391.396
51.5	391.604
51.6	391.813
51.7	392.021
51.8	392.23
51.9	392.438
52	392.646
52.1	392.855
52.2	393.063
52.3	393.271
52.4	393.479
52.5	393.687
52.6	393.895
52.7	394.103
52.8	394.31
52.9	394.518
53	394.726
53.1	394.933
53.2	395.141
53.3	395.348
53.4	395.556
53.5	395.763
53.6	395.97
53.7	396.177
53.8	396.385
53.9	396.592
54	396.799
54.1	397.006
54.2	397.213
54.3	397.419
54.4	397.626
54.5	397.833
54.6	398.04
54.7	398.246
54.8	398.453
54.9	398.659
55	398.866
55.1	399.072
55.2	399.278
55.3	399.484
55.4	399.69
55.5	399.896
55.6	400.102
55.7	400.308
55.8	400.514
55.9	400.72
56	400.926
56.1	401.131
56.2	401.337
56.3	401.543
56.4	401.748
56.5	401.953
56.6	402.159
56.7	402.364
56.8	402.569
56.9	402.774
57	402.979
57.1	403.184
57.2	403.389
57.3	403.594
57.4	403.799
57.5	404.004
57.6	404.208
57.7	404.413
57.8	404.617
57.9	404.822
58	405.026
58.1	405.231
58.2	405.435
58.3	405.639
58.4	405.843
58.5	406.047
58.6	406.251
58.7	406.455
58.8	406.659
58.9	406.863
59	407.066
59.1	407.27
59.2	407.474
59.3	407.677
59.4	407.881
59.5	408.084
59.6	408.287
59.7	408.49
59.8	408.693
59.9	408.897
60	409.1
60.1	409.303
60.2	409.505
60.3	409.708
60.4	409.911
60.5	410.114
60.6	410.316
60.7	410.519
60.8	410.721
60.9	410.923
61	411.126
61.1	411.328
61.2	411.53
61.3	411.732
61.4	411.934
61.5	412.136
61.6	412.338
61.7	412.54
61.8	412.742
61.9	412.943
62	413.145
62.1	413.346
62.2	413.548
62.3	413.749
62.4	413.951
62.5	414.152
62.6	414.353
62.7	414.554
62.8	414.755
62.9	414.956
63	415.157
63.1	415.358
63.2	415.559
63.3	415.759
63.4	415.96
63.5	416.16
63.6	416.361
63.7	416.561
63.8	416.762
63.9	416.962
64	417.162
64.1	417.362
64.2	417.562
64.3	417.762
64.4	417.962
64.5	418.162
64.6	418.362
64.7	418.561
64.8	418.761
64.9	418.96
65	419.16
65.1	419.359
65.2	419.559
65.3	419.758
65.4	419.957
65.5	420.156
65.6	420.355
65.7	420.554
65.8	420.753
65.9	420.952
66	421.151
66.1	421.349
66.2	421.548
66.3	421.746
66.4	421.945
66.5	422.143
66.6	422.341
66.7	422.54
66.8	422.738
66.9	422.936
67	423.134
67.1	423.332
67.2	423.53
67.3	423.728
67.4	423.925
67.5	424.123
67.6	424.321
67.7	424.518
67.8	424.716
67.9	424.913
68	425.11
68.1	425.308
68.2	425.505
68.3	425.702
68.4	425.899
68.5	426.096
68.6	426.293
68.7	426.489
68.8	426.686
68.9	426.883
69	427.079
69.1	427.276
69.2	427.472
69.3	427.669
69.4	427.865
69.5	428.061
69.6	428.257
69.7	428.454
69.8	428.65
69.9	428.846
70	429.041
70.1	429.237
70.2	429.433
70.3	429.629
70.4	429.824
70.5	430.02
70.6	430.215
70.7	430.41
70.8	430.606
70.9	430.801
71	430.996
71.1	431.191
71.2	431.386
71.3	431.581
71.4	431.776
71.5	431.971
71.6	432.166
71.7	432.36
71.8	432.555
71.9	432.749
72	432.944
72.1	433.138
72.2	433.332
72.3	433.527
72.4	433.721
72.5	433.915
72.6	434.109
72.7	434.303
72.8	434.497
72.9	434.691
73	434.884
73.1	435.078
73.2	435.271
73.3	435.465
73.4	435.658
73.5	435.852
73.6	436.045
73.7	436.238
73.8	436.431
73.9	436.625
74	436.818
74.1	437.011
74.2	437.203
74.3	437.396
74.4	437.589
74.5	437.782
74.6	437.974
74.7	438.167
74.8	438.359
74.9	438.551
75	438.744
75.1	438.936
75.2	439.128
75.3	439.32
75.4	439.512
75.5	439.704
75.6	439.896
75.7	440.088
75.8	440.28
75.9	440.471
76	440.663
76.1	440.854
76.2	441.046
76.3	441.237
76.4	441.429
76.5	441.62
76.6	441.811
76.7	442.002
76.8	442.193
76.9	442.384
77	442.575
77.1	442.766
77.2	442.957
77.3	443.147
77.4	443.338
77.5	443.528
77.6	443.719
77.7	443.909
77.8	444.1
77.9	444.29
78	444.48
78.1	444.67
78.2	444.86
78.3	445.05
78.4	445.24
78.5	445.43
78.6	445.62
78.7	445.809
78.8	445.999
78.9	446.189
79	446.378
79.1	446.568
79.2	446.757
79.3	446.946
79.4	447.135
79.5	447.325
79.6	447.514
79.7	447.703
79.8	447.892
79.9	448.081
80	448.269
80.1	448.458
80.2	448.647
80.3	448.835
80.4	449.024
80.5	449.212
80.6	449.401
80.7	449.589
80.8	449.777
80.9	449.965
81	450.154
81.1	450.342
81.2	450.53
81.3	450.717
81.4	450.905
81.5	451.093
81.6	451.281
81.7	451.468
81.8	451.656
81.9	451.843
82	452.031
82.1	452.218
82.2	452.406
82.3	452.593
82.4	452.78
82.5	452.967
82.6	453.154
82.7	453.341
82.8	453.528
82.9	453.715
83	453.901
83.1	454.088
83.2	454.275
83.3	454.461
83.4	454.648
83.5	454.834
83.6	455.02
83.7	455.207
83.8	455.393
83.9	455.579
84	455.765
84.1	455.951
84.2	456.137
84.3	456.323
84.4	456.509
84.5	456.694
84.6	456.88
84.7	457.066
84.8	457.251
84.9	457.437
85	457.622
85.1	457.807
85.2	457.993
85.3	458.178
85.4	458.363
85.5	458.548
85.6	458.733
85.7	458.918
85.8	459.103
85.9	459.287
86	459.472
86.1	459.657
86.2	459.841
86.3	460.026
86.4	460.21
86.5	460.395
86.6	460.579
86.7	460.763
86.8	460.948
86.9	461.132
87	461.316
87.1	461.5
87.2	461.684
87.3	461.867
87.4	462.051
87.5	462.235
87.6	462.419
87.7	462.602
87.8	462.786
87.9	462.969
88	463.153
88.1	463.336
88.2	463.519
88.3	463.702
88.4	463.885
88.5	464.069
88.6	464.252
88.7	464.434
88.8	464.617
88.9	464.8
89	464.983
89.1	465.166
89.2	465.348
89.3	465.531
89.4	465.713
89.5	465.896
89.6	466.078
89.7	466.26
89.8	466.442
89.9	466.625
90	466.807
90.1	466.989
90.2	467.171
90.3	467.353
90.4	467.534
90.5	467.716
90.6	467.898
90.7	468.079
90.8	468.261
90.9	468.442
91	468.624
91.1	468.805
91.2	468.987
91.3	469.168
91.4	469.349
91.5	469.53
91.6	469.711
91.7	469.892
91.8	470.073
91.9	470.254
92	470.435
92.1	470.615
92.2	470.796
92.3	470.977
92.4	471.157
92.5	471.338
92.6	471.518
92.7	471.698
92.8	471.879
92.9	472.059
93	472.239
93.1	472.419
93.2	472.599
93.3	472.779
93.4	472.959
93.5	473.139
93.6	473.319
93.7	473.498
93.8	473.678
93.9	473.858
94	474.037
94.1	474.217
94.2	474.396
94.3	474.575
94.4	474.755
94.5	474.934
94.6	475.113
94.7	475.292
94.8	475.471
94.9	475.65
95	475.829
95.1	476.008
95.2	476.186
95.3	476.365
95.4	476.544
95.5	476.722
95.6	476.901
95.7	477.079
95.8	477.258
95.9	477.436
96	477.614
96.1	477.792
96.2	477.971
96.3	478.149
96.4	478.327
96.5	478.505
96.6	478.683
96.7	478.86
96.8	479.038
96.9	479.216
97	479.393
97.1	479.571
97.2	479.749
97.3	479.926
97.4	480.103
97.5	480.281
97.6	480.458
97.7	480.635
97.8	480.812
97.9	480.989
98	481.167
98.1	481.343
98.2	481.52
98.3	481.697
98.4	481.874
98.5	482.051
98.6	482.227
98.7	482.404
98.8	482.581
98.9	482.757
99	482.933
99.1	483.11
99.2	483.286
99.3	483.462
99.4	483.638
99.5	483.815
99.6	483.991
99.7	484.167
99.8	484.343
99.9	484.518
100	484.694
100.1	484.87
100.2	485.046
100.3	485.221
100.4	485.397
100.5	485.572
100.6	485.748
100.7	485.923
100.8	486.098
100.9	486.274
101	486.449
101.1	486.624
101.2	486.799
101.3	486.974
101.4	487.149
101.5	487.324
101.6	487.499
101.7	487.674
101.8	487.848
101.9	488.023
102	488.198
102.1	488.372
102.2	488.547
102.3	488.721
102.4	488.896
102.5	489.07
102.6	489.244
102.7	489.418
102.8	489.592
102.9	489.767
103	489.941
103.1	490.115
103.2	490.288
103.3	490.462
103.4	490.636
103.5	490.81
103.6	490.983
103.7	491.157
103.8	491.331
103.9	491.504
104	491.677
104.1	491.851
104.2	492.024
104.3	492.197
104.4	492.371
104.5	492.544
104.6	492.717
104.7	492.89
104.8	493.063
104.9	493.236
105	493.408
105.1	493.581
105.2	493.754
105.3	493.927
105.4	494.099
105.5	494.272
105.6	494.444
105.7	494.617
105.8	494.789
105.9	494.961
106	495.134
106.1	495.306
106.2	495.478
106.3	495.65
106.4	495.822
106.5	495.994
106.6	496.166
106.7	496.338
106.8	496.51
106.9	496.681
107	496.853
107.1	497.025
107.2	497.196
107.3	497.368
107.4	497.539
107.5	497.711
107.6	497.882
107.7	498.053
107.8	498.225
107.9	498.396
108	498.567
108.1	498.738
108.2	498.909
108.3	499.08
108.4	499.251
108.5	499.422
108.6	499.592
108.7	499.763
108.8	499.934
108.9	500.104
109	500.275
109.1	500.445
109.2	500.616
109.3	500.786
109.4	500.957
109.5	501.127
109.6	501.297
109.7	501.467
109.8	501.637
109.9	501.807
110	501.977
110.1	502.147
110.2	502.317
110.3	502.487
110.4	502.657
110.5	502.826
110.6	502.996
110.7	503.166
110.8	503.335
110.9	503.505
111	503.674
111.1	503.844
111.2	504.013
111.3	504.182
111.4	504.351
111.5	504.52
111.6	504.69
111.7	504.859
111.8	505.028
111.9	505.197
112	505.365
112.1	505.534
112.2	505.703
112.3	505.872
112.4	506.04
112.5	506.209
112.6	506.378
112.7	506.546
112.8	506.714
112.9	506.883
113	507.051
113.1	507.219
113.2	507.388
113.3	507.556
113.4	507.724
113.5	507.892
113.6	508.06
113.7	508.228
113.8	508.396
113.9	508.564
114	508.731
114.1	508.899
114.2	509.067
114.3	509.234
114.4	509.402
114.5	509.57
114.6	509.737
114.7	509.904
114.8	510.072
114.9	510.239
115	510.406
115.1	510.574
115.2	510.741
115.3	510.908
115.4	511.075
115.5	511.242
115.6	511.409
115.7	511.576
115.8	511.742
115.9	511.909
116	512.076
116.1	512.242
116.2	512.409
116.3	512.576
116.4	512.742
116.5	512.909
116.6	513.075
116.7	513.241
116.8	513.408
116.9	513.574
117	513.74
117.1	513.906
117.2	514.072
117.3	514.238
117.4	514.404
117.5	514.57
117.6	514.736
117.7	514.902
117.8	515.067
117.9	515.233
118	515.399
118.1	515.564
118.2	515.73
118.3	515.895
118.4	516.061
118.5	516.226
118.6	516.392
118.7	516.557
118.8	516.722
118.9	516.887
119	517.052
119.1	517.217
119.2	517.382
119.3	517.547
119.4	517.712
119.5	517.877
119.6	518.042
119.7	518.207
119.8	518.371
119.9	518.536
120	518.701
120.1	518.865
120.2	519.03
120.3	519.194
120.4	519.359
120.5	519.523
120.6	519.687
120.7	519.852
120.8	520.016
120.9	520.18
121	520.344
121.1	520.508
121.2	520.672
121.3	520.836
121.4	521
121.5	521.164
121.6	521.327
121.7	521.491
121.8	521.655
121.9	521.818
122	521.982
122.1	522.145
122.2	522.309
122.3	522.472
122.4	522.636
122.5	522.799
122.6	522.962
122.7	523.126
122.8	523.289
122.9	523.452
123	523.615
123.1	523.778
123.2	523.941
123.3	524.104
123.4	524.267
123.5	524.43
123.6	524.592
123.7	524.755
123.8	524.918
123.9	525.08
124	525.243
124.1	525.405
124.2	525.568
124.3	525.73
124.4	525.893
124.5	526.055
124.6	526.217
124.7	526.379
124.8	526.542
124.9	526.704
125	526.866
125.1	527.028
125.2	527.19
125.3	527.352
125.4	527.513
125.5	527.675
125.6	527.837
125.7	527.999
125.8	528.16
125.9	528.322
126	528.484
126.1	528.645
126.2	528.807
126.3	528.968
126.4	529.129
126.5	529.291
126.6	529.452
126.7	529.613
126.8	529.774
126.9	529.935
127	530.097
127.1	530.258
127.2	530.419
127.3	530.579
127.4	530.74
127.5	530.901
127.6	531.062
127.7	531.223
127.8	531.383
127.9	531.544
128	531.705
128.1	531.865
128.2	532.026
128.3	532.186
128.4	532.346
128.5	532.507
128.6	532.667
128.7	532.827
128.8	532.988
128.9	533.148
129	533.308
129.1	533.468
129.2	533.628
129.3	533.788
129.4	533.948
129.5	534.108
129.6	534.267
129.7	534.427
129.8	534.587
129.9	534.746
130	534.906
130.1	535.066
130.2	535.225
130.3	535.385
130.4	535.544
130.5	535.703
130.6	535.863
130.7	536.022
130.8	536.181
130.9	536.341
131	536.5
131.1	536.659
131.2	536.818
131.3	536.977
131.4	537.136
131.5	537.295
131.6	537.454
131.7	537.612
131.8	537.771
131.9	537.93
132	538.088
132.1	538.247
132.2	538.406
132.3	538.564
132.4	538.723
132.5	538.881
132.6	539.039
132.7	539.198
132.8	539.356
132.9	539.514
133	539.673
133.1	539.831
133.2	539.989
133.3	540.147
133.4	540.305
133.5	540.463
133.6	540.621
133.7	540.779
133.8	540.936
133.9	541.094
134	541.252
134.1	541.41
134.2	541.567
134.3	541.725
134.4	541.882
134.5	542.04
134.6	542.197
134.7	542.355
134.8	542.512
134.9	542.669
135	542.827
135.1	542.984
135.2	543.141
135.3	543.298
135.4	543.455
135.5	543.612
135.6	543.769
135.7	543.926
135.8	544.083
135.9	544.24
136	544.397
136.1	544.554
136.2	544.71
136.3	544.867
136.4	545.024
136.5	545.18
136.6	545.337
136.7	545.493
136.8	545.65
136.9	545.806
137	545.962
137.1	546.119
137.2	546.275
137.3	546.431
137.4	546.587
137.5	546.743
137.6	546.899
137.7	547.055
137.8	547.211
137.9	547.367
138	547.523
138.1	547.679
138.2	547.835
138.3	547.991
138.4	548.146
138.5	548.302
138.6	548.458
138.7	548.613
138.8	548.769
138.9	548.924
139	549.08
139.1	549.235
139.2	549.391
139.3	549.546
139.4	549.701
139.5	549.856
139.6	550.012
139.7	550.167
139.8	550.322
139.9	550.477
140	550.632
140.1	550.787
140.2	550.942
140.3	551.097
140.4	551.251
140.5	551.406
140.6	551.561
140.7	551.716
140.8	551.87
140.9	552.025
141	552.179
141.1	552.334
141.2	552.488
141.3	552.643
141.4	552.797
141.5	552.951
141.6	553.106
141.7	553.26
141.8	553.414
141.9	553.568
142	553.722
142.1	553.877
142.2	554.031
142.3	554.185
142.4	554.338
142.5	554.492
142.6	554.646
142.7	554.8
142.8	554.954
142.9	555.108
143	555.261
143.1	555.415
143.2	555.568
143.3	555.722
143.4	555.876
143.5	556.029
143.6	556.182
143.7	556.336
143.8	556.489
143.9	556.642
144	556.796
144.1	556.949
144.2	557.102
144.3	557.255
144.4	557.408
144.5	557.561
144.6	557.714
144.7	557.867
144.8	558.02
144.9	558.173
145	558.326
145.1	558.478
145.2	558.631
145.3	558.784
145.4	558.937
145.5	559.089
145.6	559.242
145.7	559.394
145.8	559.547
145.9	559.699
146	559.852
146.1	560.004
146.2	560.156
146.3	560.308
146.4	560.461
146.5	560.613
146.6	560.765
146.7	560.917
146.8	561.069
146.9	561.221
147	561.373
147.1	561.525
147.2	561.677
147.3	561.829
147.4	561.98
147.5	562.132
147.6	562.284
147.7	562.436
147.8	562.587
147.9	562.739
148	562.89
148.1	563.042
148.2	563.193
148.3	563.345
148.4	563.496
148.5	563.647
148.6	563.799
148.7	563.95
148.8	564.101
148.9	564.252
149	564.403
149.1	564.555
149.2	564.706
149.3	564.857
149.4	565.008
149.5	565.158
149.6	565.309
149.7	565.46
149.8	565.611
149.9	565.762
150	565.912
150.1	566.063
150.2	566.214
150.3	566.364
150.4	566.515
150.5	566.665
150.6	566.816
150.7	566.966
150.8	567.117
150.9	567.267
151	567.417
151.1	567.567
151.2	567.718
151.3	567.868
151.4	568.018
151.5	568.168
151.6	568.318
151.7	568.468
151.8	568.618
151.9	568.768
152	568.918
152.1	569.068
152.2	569.218
152.3	569.367
152.4	569.517
152.5	569.667
152.6	569.816
152.7	569.966
152.8	570.116
152.9	570.265
153	570.415
153.1	570.564
153.2	570.713
153.3	570.863
153.4	571.012
153.5	571.161
153.6	571.311
153.7	571.46
153.8	571.609
153.9	571.758
154	571.907
154.1	572.056
154.2	572.205
154.3	572.354
154.4	572.503
154.5	572.652
154.6	572.801
154.7	572.95
154.8	573.098
154.9	573.247
155	573.396
155.1	573.544
155.2	573.693
155.3	573.842
155.4	573.99
155.5	574.139
155.6	574.287
155.7	574.435
155.8	574.584
155.9	574.732
156	574.88
156.1	575.029
156.2	575.177
156.3	575.325
156.4	575.473
156.5	575.621
156.6	575.769
156.7	575.917
156.8	576.065
156.9	576.213
157	576.361
157.1	576.509
157.2	576.657
157.3	576.804
157.4	576.952
157.5	577.1
157.6	577.247
157.7	577.395
157.8	577.543
157.9	577.69
158	577.838
158.1	577.985
158.2	578.132
158.3	578.28
158.4	578.427
158.5	578.574
158.6	578.722
158.7	578.869
158.8	579.016
158.9	579.163
159	579.31
159.1	579.457
159.2	579.604
159.3	579.751
159.4	579.898
159.5	580.045
159.6	580.192
159.7	580.339
159.8	580.486
159.9	580.633
160	580.779
160.1	580.926
160.2	581.073
160.3	581.219
160.4	581.366
160.5	581.512
160.6	581.659
160.7	581.805
160.8	581.952
160.9	582.098
161	582.244
161.1	582.391
161.2	582.537
161.3	582.683
161.4	582.829
161.5	582.975
161.6	583.122
161.7	583.268
161.8	583.414
161.9	583.56
162	583.706
162.1	583.851
162.2	583.997
162.3	584.143
162.4	584.289
162.5	584.435
162.6	584.58
162.7	584.726
162.8	584.872
162.9	585.017
163	585.163
163.1	585.308
163.2	585.454
163.3	585.599
163.4	585.745
163.5	585.89
163.6	586.036
163.7	586.181
163.8	586.326
163.9	586.471
164	586.617
164.1	586.762
164.2	586.907
164.3	587.052
164.4	587.197
164.5	587.342
164.6	587.487
164.7	587.632
164.8	587.777
164.9	587.922
165	588.066
165.1	588.211
165.2	588.356
165.3	588.501
165.4	588.645
165.5	588.79
165.6	588.935
165.7	589.079
165.8	589.224
165.9	589.368
166	589.513
166.1	589.657
166.2	589.801
166.3	589.946
166.4	590.09
166.5	590.234
166.6	590.379
166.7	590.523
166.8	590.667
166.9	590.811
167	590.955
167.1	591.099
167.2	591.243
167.3	591.387
167.4	591.531
167.5	591.675
167.6	591.819
167.7	591.963
167.8	592.106
167.9	592.25
168	592.394
168.1	592.538
168.2	592.681
168.3	592.825
168.4	592.968
168.5	593.112
168.6	593.255
168.7	593.399
168.8	593.542
168.9	593.686
169	593.829
169.1	593.972
169.2	594.116
169.3	594.259
169.4	594.402
169.5	594.545
169.6	594.688
169.7	594.831
169.8	594.975
169.9	595.118
170	595.261
170.1	595.403
170.2	595.546
170.3	595.689
170.4	595.832
170.5	595.975
170.6	596.118
170.7	596.26
170.8	596.403
170.9	596.546
171	596.688
171.1	596.831
171.2	596.974
171.3	597.116
171.4	597.259
171.5	597.401
171.6	597.543
171.7	597.686
171.8	597.828
171.9	597.971
172	598.113
172.1	598.255
172.2	598.397
172.3	598.539
172.4	598.682
172.5	598.824
172.6	598.966
172.7	599.108
172.8	599.25
172.9	599.392
173	599.534
173.1	599.675
173.2	599.817
173.3	599.959
173.4	600.101
173.5	600.243
173.6	600.384
173.7	600.526
173.8	600.668
173.9	600.809
174	600.951
174.1	601.092
174.2	601.234
174.3	601.375
174.4	601.517
174.5	601.658
174.6	601.8
174.7	601.941
174.8	602.082
174.9	602.223
175	602.365
175.1	602.506
175.2	602.647
175.3	602.788
175.4	602.929
175.5	603.07
175.6	603.211
175.7	603.352
175.8	603.493
175.9	603.634
176	603.775
176.1	603.916
176.2	604.056
176.3	604.197
176.4	604.338
176.5	604.479
176.6	604.619
176.7	604.76
176.8	604.901
176.9	605.041
177	605.182
177.1	605.322
177.2	605.463
177.3	605.603
177.4	605.743
177.5	605.884
177.6	606.024
177.7	606.164
177.8	606.305
177.9	606.445
178	606.585
178.1	606.725
178.2	606.865
178.3	607.005
178.4	607.145
178.5	607.285
178.6	607.425
178.7	607.565
178.8	607.705
178.9	607.845
179	607.985
179.1	608.125
179.2	608.265
179.3	608.404
179.4	608.544
179.5	608.684
179.6	608.823
179.7	608.963
179.8	609.103
179.9	609.242
180	609.382
180.1	609.521
180.2	609.66
180.3	609.8
180.4	609.939
180.5	610.079
180.6	610.218
180.7	610.357
180.8	610.496
180.9	610.636
181	610.775
181.1	610.914
181.2	611.053
181.3	611.192
181.4	611.331
181.5	611.47
181.6	611.609
181.7	611.748
181.8	611.887
181.9	612.026
182	612.165
182.1	612.303
182.2	612.442
182.3	612.581
182.4	612.72
182.5	612.858
182.6	612.997
182.7	613.135
182.8	613.274
182.9	613.413
183	613.551
183.1	613.69
183.2	613.828
183.3	613.966
183.4	614.105
183.5	614.243
183.6	614.381
183.7	614.52
183.8	614.658
183.9	614.796
184	614.934
184.1	615.072
184.2	615.211
184.3	615.349
184.4	615.487
184.5	615.625
184.6	615.763
184.7	615.901
184.8	616.039
184.9	616.176
185	616.314
185.1	616.452
185.2	616.59
185.3	616.728
185.4	616.865
185.5	617.003
185.6	617.141
185.7	617.278
185.8	617.416
185.9	617.553
186	617.691
186.1	617.828
186.2	617.966
186.3	618.103
186.4	618.241
186.5	618.378
186.6	618.515
186.7	618.653
186.8	618.79
186.9	618.927
187	619.064
187.1	619.201
187.2	619.339
187.3	619.476
187.4	619.613
187.5	619.75
187.6	619.887
187.7	620.024
187.8	620.161
187.9	620.298
188	620.434
188.1	620.571
188.2	620.708
188.3	620.845
188.4	620.982
188.5	621.118
188.6	621.255
188.7	621.392
188.8	621.528
188.9	621.665
189	621.801
189.1	621.938
189.2	622.074
189.3	622.211
189.4	622.347
189.5	622.484
189.6	622.62
189.7	622.756
189.8	622.893
189.9	623.029
190	623.165
190.1	623.301
190.2	623.438
190.3	623.574
190.4	623.71
190.5	623.846
190.6	623.982
190.7	624.118
190.8	624.254
190.9	624.39
191	624.526
191.1	624.662
191.2	624.798
191.3	624.933
191.4	625.069
191.5	625.205
191.6	625.341
191.7	625.476
191.8	625.612
191.9	625.748
192	625.883
192.1	626.019
192.2	626.155
192.3	626.29
192.4	626.426
192.5	626.561
192.6	626.696
192.7	626.832
192.8	626.967
192.9	627.102
193	627.238
193.1	627.373
193.2	627.508
193.3	627.643
193.4	627.779
193.5	627.914
193.6	628.049
193.7	628.184
193.8	628.319
193.9	628.454
194	628.589
194.1	628.724
194.2	628.859
194.3	628.994
194.4	629.129
194.5	629.263
194.6	629.398
194.7	629.533
194.8	629.668
194.9	629.803
195	629.937
195.1	630.072
195.2	630.206
195.3	630.341
195.4	630.476
195.5	630.61
195.6	630.745
195.7	630.879
195.8	631.014
195.9	631.148
196	631.282
196.1	631.417
196.2	631.551
196.3	631.685
196.4	631.819
196.5	631.954
196.6	632.088
196.7	632.222
196.8	632.356
196.9	632.49
197	632.624
197.1	632.758
197.2	632.892
197.3	633.026
197.4	633.16
197.5	633.294
197.6	633.428
197.7	633.562
197.8	633.696
197.9	633.83
198	633.963
198.1	634.097
198.2	634.231
198.3	634.364
198.4	634.498
198.5	634.632
198.6	634.765
198.7	634.899
198.8	635.032
198.9	635.166
199	635.299
199.1	635.433
199.2	635.566
199.3	635.7
199.4	635.833
199.5	635.966
199.6	636.1
199.7	636.233
199.8	636.366
199.9	636.499
200	636.632
200.1	636.766
200.2	636.899
200.3	637.032
200.4	637.165
200.5	637.298
200.6	637.431
200.7	637.564
200.8	637.697
200.9	637.83
201	637.962
201.1	638.095
201.2	638.228
201.3	638.361
201.4	638.494
201.5	638.626
201.6	638.759
201.7	638.892
201.8	639.024
201.9	639.157
202	639.29
202.1	639.422
202.2	639.555
202.3	639.687
202.4	639.82
202.5	639.952
202.6	640.084
202.7	640.217
202.8	640.349
202.9	640.481
203	640.614
203.1	640.746
203.2	640.878
203.3	641.01
203.4	641.143
203.5	641.275
203.6	641.407
203.7	641.539
203.8	641.671
203.9	641.803
204	641.935
204.1	642.067
204.2	642.199
204.3	642.331
204.4	642.463
204.5	642.594
204.6	642.726
204.7	642.858
204.8	642.99
204.9	643.121
205	643.253
205.1	643.385
205.2	643.517
205.3	643.648
205.4	643.78
205.5	643.911
205.6	644.043
205.7	644.174
205.8	644.306
205.9	644.437
206	644.569
206.1	644.7
206.2	644.831
206.3	644.963
206.4	645.094
206.5	645.225
206.6	645.356
206.7	645.488
206.8	645.619
206.9	645.75
207	645.881
207.1	646.012
207.2	646.143
207.3	646.274
207.4	646.405
207.5	646.536
207.6	646.667
207.7	646.798
207.8	646.929
207.9	647.06
208	647.191
208.1	647.322
208.2	647.452
208.3	647.583
208.4	647.714
208.5	647.845
208.6	647.975
208.7	648.106
208.8	648.237
208.9	648.367
209	648.498
209.1	648.628
209.2	648.759
209.3	648.889
209.4	649.02
209.5	649.15
209.6	649.28
209.7	649.411
209.8	649.541
209.9	649.671
210	649.802
210.1	649.932
210.2	650.062
210.3	650.192
210.4	650.323
210.5	650.453
210.6	650.583
210.7	650.713
210.8	650.843
210.9	650.973
211	651.103
211.1	651.233
211.2	651.363
211.3	651.493
211.4	651.623
211.5	651.753
211.6	651.882
211.7	652.012
211.8	652.142
211.9	652.272
212	652.401
212.1	652.531
212.2	652.661
212.3	652.79
212.4	652.92
212.5	653.05
212.6	653.179
212.7	653.309
212.8	653.438
212.9	653.568
213	653.697
213.1	653.826
213.2	653.956
213.3	654.085
213.4	654.215
213.5	654.344
213.6	654.473
213.7	654.602
213.8	654.732
213.9	654.861
214	654.99
214.1	655.119
214.2	655.248
214.3	655.377
214.4	655.506
214.5	655.635
214.6	655.764
214.7	655.893
214.8	656.022
214.9	656.151
215	656.28
215.1	656.409
215.2	656.538
215.3	656.667
215.4	656.795
215.5	656.924
215.6	657.053
215.7	657.182
215.8	657.31
215.9	657.439
216	657.568
216.1	657.696
216.2	657.825
216.3	657.953
216.4	658.082
216.5	658.21
216.6	658.339
216.7	658.467
216.8	658.596
216.9	658.724
217	658.852
217.1	658.981
217.2	659.109
217.3	659.237
217.4	659.365
217.5	659.494
217.6	659.622
217.7	659.75
217.8	659.878
217.9	660.006
218	660.134
218.1	660.262
218.2	660.39
218.3	660.518
218.4	660.646
218.5	660.774
218.6	660.902
218.7	661.03
218.8	661.158
218.9	661.286
219	661.414
219.1	661.542
219.2	661.669
219.3	661.797
219.4	661.925
219.5	662.052
219.6	662.18
219.7	662.308
219.8	662.435
219.9	662.563
220	662.69
220.1	662.818
220.2	662.945
220.3	663.073
220.4	663.2
220.5	663.328
220.6	663.455
220.7	663.583
220.8	663.71
220.9	663.837
221	663.964
221.1	664.092
221.2	664.219
221.3	664.346
221.4	664.473
221.5	664.6
221.6	664.728
221.7	664.855
221.8	664.982
221.9	665.109
222	665.236
222.1	665.363
222.2	665.49
222.3	665.617
222.4	665.744
222.5	665.871
222.6	665.997
222.7	666.124
222.8	666.251
222.9	666.378
223	666.505
223.1	666.631
223.2	666.758
223.3	666.885
223.4	667.011
223.5	667.138
223.6	667.265
223.7	667.391
223.8	667.518
223.9	667.644
224	667.771
224.1	667.897
224.2	668.024
224.3	668.15
224.4	668.277
224.5	668.403
224.6	668.529
224.7	668.656
224.8	668.782
224.9	668.908
225	669.034
225.1	669.161
225.2	669.287
225.3	669.413
225.4	669.539
225.5	669.665
225.6	669.791
225.7	669.917
225.8	670.043
225.9	670.169
226	670.295
226.1	670.421
226.2	670.547
226.3	670.673
226.4	670.799
226.5	670.925
226.6	671.051
226.7	671.177
226.8	671.302
226.9	671.428
227	671.554
227.1	671.68
227.2	671.805
227.3	671.931
227.4	672.057
227.5	672.182
227.6	672.308
227.7	672.433
227.8	672.559
227.9	672.684
228	672.81
228.1	672.935
228.2	673.061
228.3	673.186
228.4	673.311
228.5	673.437
228.6	673.562
228.7	673.687
228.8	673.813
228.9	673.938
229	674.063
229.1	674.188
229.2	674.313
229.3	674.439
229.4	674.564
229.5	674.689
229.6	674.814
229.7	674.939
229.8	675.064
229.9	675.189
230	675.314
230.1	675.439
230.2	675.564
230.3	675.689
230.4	675.814
230.5	675.938
230.6	676.063
230.7	676.188
230.8	676.313
230.9	676.438
231	676.562
231.1	676.687
231.2	676.812
231.3	676.936
231.4	677.061
231.5	677.186
231.6	677.31
231.7	677.435
231.8	677.559
231.9	677.684
232	677.808
232.1	677.933
232.2	678.057
232.3	678.181
232.4	678.306
232.5	678.43
232.6	678.554
232.7	678.679
232.8	678.803
232.9	678.927
233	679.051
233.1	679.176
233.2	679.3
233.3	679.424
233.4	679.548
233.5	679.672
233.6	679.796
233.7	679.92
233.8	680.044
233.9	680.168
234	680.292
234.1	680.416
234.2	680.54
234.3	680.664
234.4	680.788
234.5	680.912
234.6	681.036
234.7	681.16
234.8	681.283
234.9	681.407
235	681.531
235.1	681.655
235.2	681.778
235.3	681.902
235.4	682.025
235.5	682.149
235.6	682.273
235.7	682.396
235.8	682.52
235.9	682.643
236	682.767
236.1	682.89
236.2	683.014
236.3	683.137
236.4	683.261
236.5	683.384
236.6	683.507
236.7	683.631
236.8	683.754
236.9	683.877
237	684
237.1	684.124
237.2	684.247
237.3	684.37
237.4	684.493
237.5	684.616
237.6	684.739
237.7	684.862
237.8	684.985
237.9	685.109
238	685.232
238.1	685.354
238.2	685.477
238.3	685.6
238.4	685.723
238.5	685.846
238.6	685.969
238.7	686.092
238.8	686.215
238.9	686.337
239	686.46
239.1	686.583
239.2	686.706
239.3	686.828
239.4	686.951
239.5	687.074
239.6	687.196
239.7	687.319
239.8	687.442
239.9	687.564
240	687.687
240.1	687.809
240.2	687.932
240.3	688.054
240.4	688.177
240.5	688.299
240.6	688.421
240.7	688.544
240.8	688.666
240.9	688.788
241	688.911
241.1	689.033
241.2	689.155
241.3	689.277
241.4	689.4
241.5	689.522
241.6	689.644
241.7	689.766
241.8	689.888
241.9	690.01
242	690.132
242.1	690.254
242.2	690.376
242.3	690.498
242.4	690.62
242.5	690.742
242.6	690.864
242.7	690.986
242.8	691.108
242.9	691.23
243	691.351
243.1	691.473
243.2	691.595
243.3	691.717
243.4	691.839
243.5	691.96
243.6	692.082
243.7	692.204
243.8	692.325
243.9	692.447
244	692.568
244.1	692.69
244.2	692.812
244.3	692.933
244.4	693.055
244.5	693.176
244.6	693.297
244.7	693.419
244.8	693.54
244.9	693.662
245	693.783
245.1	693.904
245.2	694.026
245.3	694.147
245.4	694.268
245.5	694.389
245.6	694.511
245.7	694.632
245.8	694.753
245.9	694.874
246	694.995
246.1	695.116
246.2	695.237
246.3	695.359
246.4	695.48
246.5	695.601
246.6	695.722
246.7	695.843
246.8	695.963
246.9	696.084
247	696.205
247.1	696.326
247.2	696.447
247.3	696.568
247.4	696.689
247.5	696.809
247.6	696.93
247.7	697.051
247.8	697.172
247.9	697.292
248	697.413
248.1	697.534
248.2	697.654
248.3	697.775
248.4	697.895
248.5	698.016
248.6	698.136
248.7	698.257
248.8	698.377
248.9	698.498
249	698.618
249.1	698.739
249.2	698.859
249.3	698.98
249.4	699.1
249.5	699.22
249.6	699.341
249.7	699.461
249.8	699.581
249.9	699.701
250	699.821
250.1	699.942
250.2	700.062
250.3	700.182
250.4	700.302
250.5	700.422
250.6	700.542
250.7	700.662
250.8	700.782
250.9	700.902
251	701.022
251.1	701.142
251.2	701.262
251.3	701.382
251.4	701.502
251.5	701.622
251.6	701.742
251.7	701.862
251.8	701.981
251.9	702.101
252	702.221
252.1	702.341
252.2	702.46
252.3	702.58
252.4	702.7
252.5	702.819
252.6	702.939
252.7	703.059
252.8	703.178
252.9	703.298
253	703.417
253.1	703.537
253.2	703.656
253.3	703.776
253.4	703.895
253.5	704.015
253.6	704.134
253.7	704.254
253.8	704.373
253.9	704.492
254	704.612
254.1	704.731
254.2	704.85
254.3	704.969
254.4	705.089
254.5	705.208
254.6	705.327
254.7	705.446
254.8	705.565
254.9	705.684
255	705.804
255.1	705.923
255.2	706.042
255.3	706.161
255.4	706.28
255.5	706.399
255.6	706.518
255.7	706.637
255.8	706.755
255.9	706.874
256	706.993
256.1	707.112
256.2	707.231
256.3	707.35
256.4	707.469
256.5	707.587
256.6	707.706
256.7	707.825
256.8	707.944
256.9	708.062
257	708.181
257.1	708.299
257.2	708.418
257.3	708.537
257.4	708.655
257.5	708.774
257.6	708.892
257.7	709.011
257.8	709.129
257.9	709.248
258	709.366
258.1	709.485
258.2	709.603
258.3	709.721
258.4	709.84
258.5	709.958
258.6	710.076
258.7	710.195
258.8	710.313
258.9	710.431
259	710.549
259.1	710.668
259.2	710.786
259.3	710.904
259.4	711.022
259.5	711.14
259.6	711.258
259.7	711.376
259.8	711.494
259.9	711.613
260	711.731
260.1	711.849
260.2	711.966
260.3	712.084
260.4	712.202
260.5	712.32
260.6	712.438
260.7	712.556
260.8	712.674
260.9	712.792
261	712.909
261.1	713.027
261.2	713.145
261.3	713.263
261.4	713.38
261.5	713.498
261.6	713.616
261.7	713.733
261.8	713.851
261.9	713.969
262	714.086
262.1	714.204
262.2	714.321
262.3	714.439
262.4	714.556
262.5	714.674
262.6	714.791
262.7	714.909
262.8	715.026
262.9	715.143
263	715.261
263.1	715.378
263.2	715.496
263.3	715.613
263.4	715.73
263.5	715.847
263.6	715.965
263.7	716.082
263.8	716.199
263.9	716.316
264	716.433
264.1	716.551
264.2	716.668
264.3	716.785
264.4	716.902
264.5	717.019
264.6	717.136
264.7	717.253
264.8	717.37
264.9	717.487
265	717.604
265.1	717.721
265.2	717.838
265.3	717.955
265.4	718.071
265.5	718.188
265.6	718.305
265.7	718.422
265.8	718.539
265.9	718.655
266	718.772
266.1	718.889
266.2	719.006
266.3	719.122
266.4	719.239
266.5	719.356
266.6	719.472
266.7	719.589
266.8	719.705
266.9	719.822
267	719.938
267.1	720.055
267.2	720.171
267.3	720.288
267.4	720.404
267.5	720.521
267.6	720.637
267.7	720.754
267.8	720.87
267.9	720.986
268	721.103
268.1	721.219
268.2	721.335
268.3	721.451
268.4	721.568
268.5	721.684
268.6	721.8
268.7	721.916
268.8	722.032
268.9	722.149
269	722.265
269.1	722.381
269.2	722.497
269.3	722.613
269.4	722.729
269.5	722.845
269.6	722.961
269.7	723.077
269.8	723.193
269.9	723.309
270	723.425
270.1	723.541
270.2	723.657
270.3	723.772
270.4	723.888
270.5	724.004
270.6	724.12
270.7	724.236
270.8	724.351
270.9	724.467
271	724.583
271.1	724.698
271.2	724.814
271.3	724.93
271.4	725.045
271.5	725.161
271.6	725.277
271.7	725.392
271.8	725.508
271.9	725.623
272	725.739
272.1	725.854
272.2	725.97
272.3	726.085
272.4	726.201
272.5	726.316
272.6	726.431
272.7	726.547
272.8	726.662
272.9	726.777
273	726.893
273.1	727.008
273.2	727.123
273.3	727.239
273.4	727.354
273.5	727.469
273.6	727.584
273.7	727.699
273.8	727.814
273.9	727.93
274	728.045
274.1	728.16
274.2	728.275
274.3	728.39
274.4	728.505
274.5	728.62
274.6	728.735
274.7	728.85
274.8	728.965
274.9	729.08
275	729.195
275.1	729.309
275.2	729.424
275.3	729.539
275.4	729.654
275.5	729.769
275.6	729.884
275.7	729.998
275.8	730.113
275.9	730.228
276	730.343
276.1	730.457
276.2	730.572
276.3	730.686
276.4	730.801
276.5	730.916
276.6	731.03
276.7	731.145
276.8	731.259
276.9	731.374
277	731.488
277.1	731.603
277.2	731.717
277.3	731.832
277.4	731.946
277.5	732.061
277.6	732.175
277.7	732.289
277.8	732.404
277.9	732.518
278	732.632
278.1	732.747
278.2	732.861
278.3	732.975
278.4	733.089
278.5	733.204
278.6	733.318
278.7	733.432
278.8	733.546
278.9	733.66
279	733.774
279.1	733.888
279.2	734.003
279.3	734.117
279.4	734.231
279.5	734.345
279.6	734.459
279.7	734.573
279.8	734.687
279.9	734.801
280	734.914
280.1	735.028
280.2	735.142
280.3	735.256
280.4	735.37
280.5	735.484
280.6	735.598
280.7	735.711
280.8	735.825
280.9	735.939
281	736.053
281.1	736.166
281.2	736.28
281.3	736.394
281.4	736.507
281.5	736.621
281.6	736.734
281.7	736.848
281.8	736.962
281.9	737.075
282	737.189
282.1	737.302
282.2	737.416
282.3	737.529
282.4	737.643
282.5	737.756
282.6	737.869
282.7	737.983
282.8	738.096
282.9	738.21
283	738.323
283.1	738.436
283.2	738.549
283.3	738.663
283.4	738.776
283.5	738.889
283.6	739.002
283.7	739.116
283.8	739.229
283.9	739.342
284	739.455
284.1	739.568
284.2	739.681
284.3	739.794
284.4	739.908
284.5	740.021
284.6	740.134
284.7	740.247
284.8	740.36
284.9	740.473
285	740.586
285.1	740.698
285.2	740.811
285.3	740.924
285.4	741.037
285.5	741.15
285.6	741.263
285.7	741.376
285.8	741.488
285.9	741.601
286	741.714
286.1	741.827
286.2	741.939
286.3	742.052
286.4	742.165
286.5	742.278
286.6	742.39
286.7	742.503
286.8	742.615
286.9	742.728
287	742.841
287.1	742.953
287.2	743.066
287.3	743.178
287.4	743.291
287.5	743.403
287.6	743.516
287.7	743.628
287.8	743.74
287.9	743.853
288	743.965
288.1	744.078
288.2	744.19
288.3	744.302
288.4	744.415
288.5	744.527
288.6	744.639
288.7	744.751
288.8	744.864
288.9	744.976
289	745.088
289.1	745.2
289.2	745.312
289.3	745.425
289.4	745.537
289.5	745.649
289.6	745.761
289.7	745.873
289.8	745.985
289.9	746.097
290	746.209
290.1	746.321
290.2	746.433
290.3	746.545
290.4	746.657
290.5	746.769
290.6	746.881
290.7	746.992
290.8	747.104
290.9	747.216
291	747.328
291.1	747.44
291.2	747.552
291.3	747.663
291.4	747.775
291.5	747.887
291.6	747.999
291.7	748.11
291.8	748.222
291.9	748.334
292	748.445
292.1	748.557
292.2	748.668
292.3	748.78
292.4	748.892
292.5	749.003
292.6	749.115
292.7	749.226
292.8	749.338
292.9	749.449
293	749.561
293.1	749.672
293.2	749.783
293.3	749.895
293.4	750.006
293.5	750.118
293.6	750.229
293.7	750.34
293.8	750.452
293.9	750.563
294	750.674
294.1	750.785
294.2	750.897
294.3	751.008
294.4	751.119
294.5	751.23
294.6	751.341
294.7	751.452
294.8	751.564
294.9	751.675
295	751.786
295.1	751.897
295.2	752.008
295.3	752.119
295.4	752.23
295.5	752.341
295.6	752.452
295.7	752.563
295.8	752.674
295.9	752.785
296	752.896
296.1	753.007
296.2	753.117
296.3	753.228
296.4	753.339
296.5	753.45
296.6	753.561
296.7	753.671
296.8	753.782
296.9	753.893
297	754.004
297.1	754.114
297.2	754.225
297.3	754.336
297.4	754.446
297.5	754.557
297.6	754.668
297.7	754.778
297.8	754.889
297.9	754.999
298	755.11
298.1	755.22
298.2	755.331
298.3	755.441
298.4	755.552
298.5	755.662
298.6	755.773
298.7	755.883
298.8	755.994
298.9	756.104
299	756.214
299.1	756.325
299.2	756.435
299.3	756.545
299.4	756.656
299.5	756.766
299.6	756.876
299.7	756.986
299.8	757.097
299.9	757.207
300	757.317
