W	Pred
1.5	530.534
1.6	524.87
1.7	519.454
1.8	514.272
1.9	509.309
2	504.551
2.1	499.987
2.2	495.604
2.3	491.392
2.4	487.341
2.5	483.442
2.6	479.686
2.7	476.065
2.8	472.572
2.9	469.2
3	465.943
3.1	462.795
3.2	459.751
3.3	456.806
3.4	453.955
3.5	451.193
3.6	448.517
3.7	445.922
3.8	443.406
3.9	440.964
4	438.594
4.1	436.292
4.2	434.057
4.3	431.884
4.4	429.772
4.5	427.719
4.6	425.721
4.7	423.778
4.8	421.887
4.9	420.046
5	418.253
5.1	416.507
5.2	414.806
5.3	413.149
5.4	411.534
5.5	409.959
5.6	408.424
5.7	406.927
5.8	405.467
5.9	404.042
6	402.652
6.1	401.296
6.2	399.973
6.3	398.681
6.4	397.42
6.5	396.189
6.6	394.986
6.7	393.812
6.8	392.665
6.9	391.545
7	390.451
7.1	389.382
7.2	388.338
7.3	387.317
7.4	386.32
7.5	385.346
7.6	384.394
7.7	383.463
7.8	382.553
7.9	381.664
8	380.795
8.1	379.945
8.2	379.115
8.3	378.303
8.4	377.509
8.5	376.733
8.6	375.974
8.7	375.233
8.8	374.508
8.9	373.799
9	373.106
9.1	372.429
9.2	371.766
9.3	371.119
9.4	370.486
9.5	369.868
9.6	369.263
9.7	368.672
9.8	368.095
9.9	367.53
10	366.978
10.1	366.439
10.2	365.913
10.3	365.398
10.4	364.895
10.5	364.404
10.6	363.924
10.7	363.456
10.8	362.998
10.9	362.551
11	362.115
11.1	361.689
11.2	361.273
11.3	360.867
11.4	360.471
11.5	360.085
11.6	359.708
11.7	359.34
11.8	358.982
11.9	358.632
12	358.292
12.1	357.96
12.2	357.636
12.3	357.321
12.4	357.014
12.5	356.715
12.6	356.424
12.7	356.141
12.8	355.866
12.9	355.598
13	355.337
13.1	355.084
13.2	354.838
13.3	354.599
13.4	354.368
13.5	354.143
13.6	353.924
13.7	353.713
13.8	353.508
13.9	353.309
14	353.117
14.1	352.931
14.2	352.751
14.3	352.578
14.4	352.41
14.5	352.248
14.6	352.092
14.7	351.941
14.8	351.796
14.9	351.657
15	351.523
15.1	351.395
15.2	351.272
15.3	351.154
15.4	351.041
15.5	350.934
15.6	350.831
15.7	350.733
15.8	350.641
15.9	350.553
16	350.469
16.1	350.391
16.2	350.317
16.3	350.247
16.4	350.182
16.5	350.122
16.6	350.066
16.7	350.014
16.8	349.966
16.9	349.923
17	349.884
17.1	349.848
17.2	349.817
17.3	349.79
17.4	349.767
17.5	349.747
17.6	349.732
17.7	349.72
17.8	349.712
17.9	349.707
18	349.707
18.1	349.71
18.2	349.716
18.3	349.726
18.4	349.739
18.5	349.756
18.6	349.776
18.7	349.799
18.8	349.826
18.9	349.856
19	349.889
19.1	349.926
19.2	349.965
19.3	350.008
19.4	350.053
19.5	350.102
19.6	350.154
19.7	350.208
19.8	350.266
19.9	350.326
20	350.39
20.1	350.456
20.2	350.525
20.3	350.596
20.4	350.671
20.5	350.748
20.6	350.827
20.7	350.91
20.8	350.995
20.9	351.082
21	351.172
21.1	351.265
21.2	351.36
21.3	351.457
21.4	351.557
21.5	351.659
21.6	351.764
21.7	351.871
21.8	351.98
21.9	352.092
22	352.206
22.1	352.322
22.2	352.44
22.3	352.561
22.4	352.684
22.5	352.809
22.6	352.936
22.7	353.065
22.8	353.196
22.9	353.329
23	353.465
23.1	353.602
23.2	353.741
23.3	353.883
23.4	354.026
23.5	354.171
23.6	354.319
23.7	354.468
23.8	354.618
23.9	354.771
24	354.926
24.1	355.082
24.2	355.241
24.3	355.401
24.4	355.562
24.5	355.726
24.6	355.891
24.7	356.058
24.8	356.227
24.9	356.397
25	356.569
25.1	356.743
25.2	356.918
25.3	357.095
25.4	357.274
25.5	357.454
25.6	357.635
25.7	357.819
25.8	358.003
25.9	358.19
26	358.377
26.1	358.567
26.2	358.757
26.3	358.95
26.4	359.143
26.5	359.338
26.6	359.535
26.7	359.733
26.8	359.932
26.9	360.133
27	360.335
27.1	360.538
27.2	360.743
27.3	360.949
27.4	361.156
27.5	361.365
27.6	361.575
27.7	361.786
27.8	361.999
27.9	362.213
28	362.428
28.1	362.644
28.2	362.861
28.3	363.08
28.4	363.3
28.5	363.521
28.6	363.743
28.7	363.967
28.8	364.191
28.9	364.417
29	364.644
29.1	364.872
29.2	365.101
29.3	365.331
29.4	365.563
29.5	365.795
29.6	366.028
29.7	366.263
29.8	366.499
29.9	366.735
30	366.973
30.1	367.212
30.2	367.451
30.3	367.692
30.4	367.934
30.5	368.177
30.6	368.42
30.7	368.665
30.8	368.911
30.9	369.157
31	369.405
31.1	369.653
31.2	369.903
31.3	370.153
31.4	370.404
31.5	370.657
31.6	370.91
31.7	371.164
31.8	371.418
31.9	371.674
32	371.931
32.1	372.188
32.2	372.447
32.3	372.706
32.4	372.966
32.5	373.227
32.6	373.488
32.7	373.751
32.8	374.014
32.9	374.278
33	374.543
33.1	374.809
33.2	375.075
33.3	375.343
33.4	375.611
33.5	375.88
33.6	376.149
33.7	376.42
33.8	376.691
33.9	376.962
34	377.235
34.1	377.508
34.2	377.782
34.3	378.057
34.4	378.332
34.5	378.609
34.6	378.885
34.7	379.163
34.8	379.441
34.9	379.72
35	380
35.1	380.28
35.2	380.561
35.3	380.842
35.4	381.125
35.5	381.407
35.6	381.691
35.7	381.975
35.8	382.26
35.9	382.545
36	382.831
36.1	383.118
36.2	383.405
36.3	383.693
36.4	383.982
36.5	384.271
36.6	384.56
36.7	384.851
36.8	385.142
36.9	385.433
37	385.725
37.1	386.018
37.2	386.311
37.3	386.604
37.4	386.899
37.5	387.193
37.6	387.489
37.7	387.785
37.8	388.081
37.9	388.378
38	388.676
38.1	388.974
38.2	389.272
38.3	389.571
38.4	389.871
38.5	390.171
38.6	390.471
38.7	390.773
38.8	391.074
38.9	391.376
39	391.679
39.1	391.982
39.2	392.285
39.3	392.589
39.4	392.894
39.5	393.199
39.6	393.504
39.7	393.81
39.8	394.116
39.9	394.423
40	394.731
40.1	395.038
40.2	395.346
40.3	395.655
40.4	395.964
40.5	396.274
40.6	396.583
40.7	396.894
40.8	397.204
40.9	397.516
41	397.827
41.1	398.139
41.2	398.452
41.3	398.765
41.4	399.078
41.5	399.391
41.6	399.705
41.7	400.02
41.8	400.335
41.9	400.65
42	400.965
42.1	401.281
42.2	401.598
42.3	401.915
42.4	402.232
42.5	402.549
42.6	402.867
42.7	403.185
42.8	403.504
42.9	403.823
43	404.142
43.1	404.462
43.2	404.782
43.3	405.102
43.4	405.423
43.5	405.744
43.6	406.065
43.7	406.387
43.8	406.709
43.9	407.032
44	407.354
44.1	407.677
44.2	408.001
44.3	408.324
44.4	408.649
44.5	408.973
44.6	409.298
44.7	409.623
44.8	409.948
44.9	410.273
45	410.599
45.1	410.926
45.2	411.252
45.3	411.579
45.4	411.906
45.5	412.233
45.6	412.561
45.7	412.889
45.8	413.217
45.9	413.546
46	413.875
46.1	414.204
46.2	414.533
46.3	414.863
46.4	415.193
46.5	415.523
46.6	415.854
46.7	416.185
46.8	416.516
46.9	416.847
47	417.179
47.1	417.51
47.2	417.843
47.3	418.175
47.4	418.508
47.5	418.84
47.6	419.174
47.7	419.507
47.8	419.841
47.9	420.174
48	420.508
48.1	420.843
48.2	421.177
48.3	421.512
48.4	421.847
48.5	422.183
48.6	422.518
48.7	422.854
48.8	423.19
48.9	423.526
49	423.862
49.1	424.199
49.2	424.536
49.3	424.873
49.4	425.21
49.5	425.548
49.6	425.886
49.7	426.224
49.8	426.562
49.9	426.9
50	427.239
50.1	427.578
50.2	427.917
50.3	428.256
50.4	428.595
50.5	428.935
50.6	429.275
50.7	429.615
50.8	429.955
50.9	430.295
51	430.636
51.1	430.976
51.2	431.317
51.3	431.659
51.4	432
51.5	432.341
51.6	432.683
51.7	433.025
51.8	433.367
51.9	433.709
52	434.052
52.1	434.394
52.2	434.737
52.3	435.08
52.4	435.423
52.5	435.767
52.6	436.11
52.7	436.454
52.8	436.797
52.9	437.141
53	437.485
53.1	437.83
53.2	438.174
53.3	438.519
53.4	438.864
53.5	439.209
53.6	439.554
53.7	439.899
53.8	440.244
53.9	440.59
54	440.935
54.1	441.281
54.2	441.627
54.3	441.973
54.4	442.32
54.5	442.666
54.6	443.013
54.7	443.36
54.8	443.706
54.9	444.053
55	444.401
55.1	444.748
55.2	445.095
55.3	445.443
55.4	445.79
55.5	446.138
55.6	446.486
55.7	446.834
55.8	447.183
55.9	447.531
56	447.879
56.1	448.228
56.2	448.577
56.3	448.926
56.4	449.275
56.5	449.624
56.6	449.973
56.7	450.322
56.8	450.672
56.9	451.021
57	451.371
57.1	451.721
57.2	452.071
57.3	452.421
57.4	452.771
57.5	453.121
57.6	453.472
57.7	453.822
57.8	454.173
57.9	454.523
58	454.874
58.1	455.225
58.2	455.576
58.3	455.927
58.4	456.279
58.5	456.63
58.6	456.982
58.7	457.333
58.8	457.685
58.9	458.036
59	458.388
59.1	458.74
59.2	459.092
59.3	459.445
59.4	459.797
59.5	460.149
59.6	460.502
59.7	460.854
59.8	461.207
59.9	461.559
60	461.912
60.1	462.265
60.2	462.618
60.3	462.971
60.4	463.324
60.5	463.678
60.6	464.031
60.7	464.384
60.8	464.738
60.9	465.091
61	465.445
61.1	465.799
61.2	466.153
61.3	466.507
61.4	466.861
61.5	467.215
61.6	467.569
61.7	467.923
61.8	468.277
61.9	468.632
62	468.986
62.1	469.341
62.2	469.695
62.3	470.05
62.4	470.405
62.5	470.759
62.6	471.114
62.7	471.469
62.8	471.824
62.9	472.179
63	472.534
63.1	472.89
63.2	473.245
63.3	473.6
63.4	473.956
63.5	474.311
63.6	474.667
63.7	475.022
63.8	475.378
63.9	475.734
64	476.09
64.1	476.445
64.2	476.801
64.3	477.157
64.4	477.513
64.5	477.869
64.6	478.226
64.7	478.582
64.8	478.938
64.9	479.294
65	479.651
65.1	480.007
65.2	480.364
65.3	480.72
65.4	481.077
65.5	481.433
65.6	481.79
65.7	482.147
65.8	482.504
65.9	482.86
66	483.217
66.1	483.574
66.2	483.931
66.3	484.288
66.4	484.645
66.5	485.002
66.6	485.36
66.7	485.717
66.8	486.074
66.9	486.431
67	486.789
67.1	487.146
67.2	487.504
67.3	487.861
67.4	488.219
67.5	488.576
67.6	488.934
67.7	489.291
67.8	489.649
67.9	490.007
68	490.364
68.1	490.722
68.2	491.08
68.3	491.438
68.4	491.796
68.5	492.154
68.6	492.512
68.7	492.87
68.8	493.228
68.9	493.586
69	493.944
69.1	494.302
69.2	494.66
69.3	495.018
69.4	495.377
69.5	495.735
69.6	496.093
69.7	496.452
69.8	496.81
69.9	497.168
70	497.527
70.1	497.885
70.2	498.244
70.3	498.602
70.4	498.961
70.5	499.319
70.6	499.678
70.7	500.036
70.8	500.395
70.9	500.754
71	501.112
71.1	501.471
71.2	501.83
71.3	502.188
71.4	502.547
71.5	502.906
71.6	503.265
71.7	503.624
71.8	503.982
71.9	504.341
72	504.7
72.1	505.059
72.2	505.418
72.3	505.777
72.4	506.136
72.5	506.495
72.6	506.854
72.7	507.213
72.8	507.572
72.9	507.931
73	508.29
73.1	508.649
73.2	509.008
73.3	509.367
73.4	509.726
73.5	510.086
73.6	510.445
73.7	510.804
73.8	511.163
73.9	511.522
74	511.882
74.1	512.241
74.2	512.6
74.3	512.959
74.4	513.318
74.5	513.678
74.6	514.037
74.7	514.396
74.8	514.756
74.9	515.115
75	515.474
75.1	515.833
75.2	516.193
75.3	516.552
75.4	516.911
75.5	517.271
75.6	517.63
75.7	517.99
75.8	518.349
75.9	518.708
76	519.068
76.1	519.427
76.2	519.786
76.3	520.146
76.4	520.505
76.5	520.865
76.6	521.224
76.7	521.583
76.8	521.943
76.9	522.302
77	522.662
77.1	523.021
77.2	523.38
77.3	523.74
77.4	524.099
77.5	524.459
77.6	524.818
77.7	525.178
77.8	525.537
77.9	525.896
78	526.256
78.1	526.615
78.2	526.975
78.3	527.334
78.4	527.694
78.5	528.053
78.6	528.412
78.7	528.772
78.8	529.131
78.9	529.491
79	529.85
79.1	530.209
79.2	530.569
79.3	530.928
79.4	531.288
79.5	531.647
79.6	532.006
79.7	532.366
79.8	532.725
79.9	533.084
80	533.444
80.1	533.803
80.2	534.162
80.3	534.522
80.4	534.881
80.5	535.24
80.6	535.6
80.7	535.959
80.8	536.318
80.9	536.678
81	537.037
81.1	537.396
81.2	537.755
81.3	538.115
81.4	538.474
81.5	538.833
81.6	539.192
81.7	539.552
81.8	539.911
81.9	540.27
82	540.629
82.1	540.988
82.2	541.348
82.3	541.707
82.4	542.066
82.5	542.425
82.6	542.784
82.7	543.143
82.8	543.502
82.9	543.861
83	544.22
83.1	544.579
83.2	544.938
83.3	545.298
83.4	545.657
83.5	546.016
83.6	546.374
83.7	546.733
83.8	547.092
83.9	547.451
84	547.81
84.1	548.169
84.2	548.528
84.3	548.887
84.4	549.246
84.5	549.605
84.6	549.963
84.7	550.322
84.8	550.681
84.9	551.04
85	551.399
85.1	551.757
85.2	552.116
85.3	552.475
85.4	552.833
85.5	553.192
85.6	553.551
85.7	553.909
85.8	554.268
85.9	554.627
86	554.985
86.1	555.344
86.2	555.702
86.3	556.061
86.4	556.419
86.5	556.778
86.6	557.136
86.7	557.495
86.8	557.853
86.9	558.211
87	558.57
87.1	558.928
87.2	559.286
87.3	559.645
87.4	560.003
87.5	560.361
87.6	560.72
87.7	561.078
87.8	561.436
87.9	561.794
88	562.152
88.1	562.51
88.2	562.868
88.3	563.227
88.4	563.585
88.5	563.943
88.6	564.301
88.7	564.659
88.8	565.017
88.9	565.375
89	565.732
89.1	566.09
89.2	566.448
89.3	566.806
89.4	567.164
89.5	567.522
89.6	567.879
89.7	568.237
89.8	568.595
89.9	568.953
90	569.31
90.1	569.668
90.2	570.026
90.3	570.383
90.4	570.741
90.5	571.098
90.6	571.456
90.7	571.813
90.8	572.171
90.9	572.528
91	572.885
91.1	573.243
91.2	573.6
91.3	573.958
91.4	574.315
91.5	574.672
91.6	575.029
91.7	575.386
91.8	575.744
91.9	576.101
92	576.458
92.1	576.815
92.2	577.172
92.3	577.529
92.4	577.886
92.5	578.243
92.6	578.6
92.7	578.957
92.8	579.314
92.9	579.671
93	580.028
93.1	580.384
93.2	580.741
93.3	581.098
93.4	581.455
93.5	581.811
93.6	582.168
93.7	582.524
93.8	582.881
93.9	583.238
94	583.594
94.1	583.951
94.2	584.307
94.3	584.663
94.4	585.02
94.5	585.376
94.6	585.733
94.7	586.089
94.8	586.445
94.9	586.801
95	587.158
95.1	587.514
95.2	587.87
95.3	588.226
95.4	588.582
95.5	588.938
95.6	589.294
95.7	589.65
95.8	590.006
95.9	590.362
96	590.718
96.1	591.074
96.2	591.429
96.3	591.785
96.4	592.141
96.5	592.497
96.6	592.852
96.7	593.208
96.8	593.564
96.9	593.919
97	594.275
97.1	594.63
97.2	594.986
97.3	595.341
97.4	595.696
97.5	596.052
97.6	596.407
97.7	596.762
97.8	597.118
97.9	597.473
98	597.828
98.1	598.183
98.2	598.538
98.3	598.893
98.4	599.248
98.5	599.603
98.6	599.958
98.7	600.313
98.8	600.668
98.9	601.023
99	601.378
99.1	601.733
99.2	602.087
99.3	602.442
99.4	602.797
99.5	603.151
99.6	603.506
99.7	603.861
99.8	604.215
99.9	604.57
100	604.924
100.1	605.279
100.2	605.633
100.3	605.987
100.4	606.342
100.5	606.696
100.6	607.05
100.7	607.404
100.8	607.758
100.9	608.112
101	608.467
101.1	608.821
101.2	609.175
101.3	609.529
101.4	609.882
101.5	610.236
101.6	610.59
101.7	610.944
101.8	611.298
101.9	611.652
102	612.005
102.1	612.359
102.2	612.712
102.3	613.066
102.4	613.42
102.5	613.773
102.6	614.127
102.7	614.48
102.8	614.833
102.9	615.187
103	615.54
103.1	615.893
103.2	616.246
103.3	616.6
103.4	616.953
103.5	617.306
103.6	617.659
103.7	618.012
103.8	618.365
103.9	618.718
104	619.071
104.1	619.424
104.2	619.776
104.3	620.129
104.4	620.482
104.5	620.835
104.6	621.187
104.7	621.54
104.8	621.892
104.9	622.245
105	622.597
105.1	622.95
105.2	623.302
105.3	623.655
105.4	624.007
105.5	624.359
105.6	624.712
105.7	625.064
105.8	625.416
105.9	625.768
106	626.12
106.1	626.472
106.2	626.824
106.3	627.176
106.4	627.528
106.5	627.88
106.6	628.232
106.7	628.583
106.8	628.935
106.9	629.287
107	629.639
107.1	629.99
107.2	630.342
107.3	630.693
107.4	631.045
107.5	631.396
107.6	631.748
107.7	632.099
107.8	632.45
107.9	632.802
108	633.153
108.1	633.504
108.2	633.855
108.3	634.206
108.4	634.557
108.5	634.908
108.6	635.259
108.7	635.61
108.8	635.961
108.9	636.312
109	636.663
109.1	637.013
109.2	637.364
109.3	637.715
109.4	638.065
109.5	638.416
109.6	638.767
109.7	639.117
109.8	639.468
109.9	639.818
110	640.168
110.1	640.519
110.2	640.869
110.3	641.219
110.4	641.569
110.5	641.919
110.6	642.27
110.7	642.62
110.8	642.97
110.9	643.32
111	643.669
111.1	644.019
111.2	644.369
111.3	644.719
111.4	645.069
111.5	645.418
111.6	645.768
111.7	646.118
111.8	646.467
111.9	646.817
112	647.166
112.1	647.516
112.2	647.865
112.3	648.214
112.4	648.564
112.5	648.913
112.6	649.262
112.7	649.611
112.8	649.96
112.9	650.31
113	650.659
113.1	651.008
113.2	651.356
113.3	651.705
113.4	652.054
113.5	652.403
113.6	652.752
113.7	653.1
113.8	653.449
113.9	653.798
114	654.146
114.1	654.495
114.2	654.843
114.3	655.192
114.4	655.54
114.5	655.889
114.6	656.237
114.7	656.585
114.8	656.933
114.9	657.281
115	657.63
115.1	657.978
115.2	658.326
115.3	658.674
115.4	659.022
115.5	659.369
115.6	659.717
115.7	660.065
115.8	660.413
115.9	660.761
116	661.108
116.1	661.456
116.2	661.803
116.3	662.151
116.4	662.498
116.5	662.846
116.6	663.193
116.7	663.54
116.8	663.888
116.9	664.235
117	664.582
117.1	664.929
117.2	665.276
117.3	665.623
117.4	665.97
117.5	666.317
117.6	666.664
117.7	667.011
117.8	667.358
117.9	667.705
118	668.051
118.1	668.398
118.2	668.745
118.3	669.091
118.4	669.438
118.5	669.784
118.6	670.131
118.7	670.477
118.8	670.824
118.9	671.17
119	671.516
119.1	671.862
119.2	672.208
119.3	672.555
119.4	672.901
119.5	673.247
119.6	673.593
119.7	673.939
119.8	674.284
119.9	674.63
120	674.976
120.1	675.322
120.2	675.667
120.3	676.013
120.4	676.359
120.5	676.704
120.6	677.05
120.7	677.395
120.8	677.741
120.9	678.086
121	678.431
121.1	678.776
121.2	679.122
121.3	679.467
121.4	679.812
121.5	680.157
121.6	680.502
121.7	680.847
121.8	681.192
121.9	681.537
122	681.882
122.1	682.226
122.2	682.571
122.3	682.916
122.4	683.26
122.5	683.605
122.6	683.95
122.7	684.294
122.8	684.638
122.9	684.983
123	685.327
123.1	685.672
123.2	686.016
123.3	686.36
123.4	686.704
123.5	687.048
123.6	687.392
123.7	687.736
123.8	688.08
123.9	688.424
124	688.768
124.1	689.112
124.2	689.456
124.3	689.799
124.4	690.143
124.5	690.487
124.6	690.83
124.7	691.174
124.8	691.517
124.9	691.861
125	692.204
125.1	692.547
125.2	692.891
125.3	693.234
125.4	693.577
125.5	693.92
125.6	694.263
125.7	694.606
125.8	694.949
125.9	695.292
126	695.635
126.1	695.978
126.2	696.321
126.3	696.664
126.4	697.006
126.5	697.349
126.6	697.692
126.7	698.034
126.8	698.377
126.9	698.719
127	699.061
127.1	699.404
127.2	699.746
127.3	700.088
127.4	700.431
127.5	700.773
127.6	701.115
127.7	701.457
127.8	701.799
127.9	702.141
128	702.483
128.1	702.825
128.2	703.167
128.3	703.508
128.4	703.85
128.5	704.192
128.6	704.533
128.7	704.875
128.8	705.216
128.9	705.558
129	705.899
129.1	706.241
129.2	706.582
129.3	706.923
129.4	707.265
129.5	707.606
129.6	707.947
129.7	708.288
129.8	708.629
129.9	708.97
130	709.311
130.1	709.652
130.2	709.993
130.3	710.333
130.4	710.674
130.5	711.015
130.6	711.356
130.7	711.696
130.8	712.037
130.9	712.377
131	712.718
131.1	713.058
131.2	713.398
131.3	713.739
131.4	714.079
131.5	714.419
131.6	714.759
131.7	715.099
131.8	715.439
131.9	715.779
132	716.119
132.1	716.459
132.2	716.799
132.3	717.139
132.4	717.479
132.5	717.818
132.6	718.158
132.7	718.498
132.8	718.837
132.9	719.177
133	719.516
133.1	719.856
133.2	720.195
133.3	720.534
133.4	720.874
133.5	721.213
133.6	721.552
133.7	721.891
133.8	722.23
133.9	722.569
134	722.908
134.1	723.247
134.2	723.586
134.3	723.925
134.4	724.264
134.5	724.602
134.6	724.941
134.7	725.28
134.8	725.618
134.9	725.957
135	726.295
135.1	726.634
135.2	726.972
135.3	727.31
135.4	727.649
135.5	727.987
135.6	728.325
135.7	728.663
135.8	729.001
135.9	729.339
136	729.677
136.1	730.015
136.2	730.353
136.3	730.691
136.4	731.029
136.5	731.366
136.6	731.704
136.7	732.042
136.8	732.379
136.9	732.717
137	733.054
137.1	733.392
137.2	733.729
137.3	734.066
137.4	734.404
137.5	734.741
137.6	735.078
137.7	735.415
137.8	735.752
137.9	736.089
138	736.426
138.1	736.763
138.2	737.1
138.3	737.437
138.4	737.774
138.5	738.111
138.6	738.447
138.7	738.784
138.8	739.121
138.9	739.457
139	739.794
139.1	740.13
139.2	740.466
139.3	740.803
139.4	741.139
139.5	741.475
139.6	741.811
139.7	742.148
139.8	742.484
139.9	742.82
140	743.156
140.1	743.492
140.2	743.828
140.3	744.163
140.4	744.499
140.5	744.835
140.6	745.171
140.7	745.506
140.8	745.842
140.9	746.177
141	746.513
141.1	746.848
141.2	747.184
141.3	747.519
141.4	747.855
141.5	748.19
141.6	748.525
141.7	748.86
141.8	749.195
141.9	749.53
142	749.865
142.1	750.2
142.2	750.535
142.3	750.87
142.4	751.205
142.5	751.54
142.6	751.874
142.7	752.209
142.8	752.544
142.9	752.878
143	753.213
143.1	753.547
143.2	753.881
143.3	754.216
143.4	754.55
143.5	754.884
143.6	755.219
143.7	755.553
143.8	755.887
143.9	756.221
144	756.555
144.1	756.889
144.2	757.223
144.3	757.557
144.4	757.891
144.5	758.224
144.6	758.558
144.7	758.892
144.8	759.225
144.9	759.559
145	759.892
145.1	760.226
145.2	760.559
145.3	760.893
145.4	761.226
145.5	761.559
145.6	761.892
145.7	762.226
145.8	762.559
145.9	762.892
146	763.225
146.1	763.558
146.2	763.891
146.3	764.224
146.4	764.556
146.5	764.889
146.6	765.222
146.7	765.555
146.8	765.887
146.9	766.22
147	766.552
147.1	766.885
147.2	767.217
147.3	767.55
147.4	767.882
147.5	768.214
147.6	768.546
147.7	768.879
147.8	769.211
147.9	769.543
148	769.875
148.1	770.207
148.2	770.539
148.3	770.871
148.4	771.202
148.5	771.534
148.6	771.866
148.7	772.198
148.8	772.529
148.9	772.861
149	773.192
149.1	773.524
149.2	773.855
149.3	774.187
149.4	774.518
149.5	774.849
149.6	775.181
149.7	775.512
149.8	775.843
149.9	776.174
150	776.505
150.1	776.836
150.2	777.167
150.3	777.498
150.4	777.829
150.5	778.16
150.6	778.49
150.7	778.821
150.8	779.152
150.9	779.482
151	779.813
151.1	780.143
151.2	780.474
151.3	780.804
151.4	781.135
151.5	781.465
151.6	781.795
151.7	782.125
151.8	782.456
151.9	782.786
152	783.116
152.1	783.446
152.2	783.776
152.3	784.106
152.4	784.435
152.5	784.765
152.6	785.095
152.7	785.425
152.8	785.754
152.9	786.084
153	786.414
153.1	786.743
153.2	787.073
153.3	787.402
153.4	787.731
153.5	788.061
153.6	788.39
153.7	788.719
153.8	789.048
153.9	789.377
154	789.707
154.1	790.036
154.2	790.365
154.3	790.693
154.4	791.022
154.5	791.351
154.6	791.68
154.7	792.009
154.8	792.337
154.9	792.666
155	792.995
155.1	793.323
155.2	793.652
155.3	793.98
155.4	794.308
155.5	794.637
155.6	794.965
155.7	795.293
155.8	795.621
155.9	795.95
156	796.278
156.1	796.606
156.2	796.934
156.3	797.262
156.4	797.59
156.5	797.917
156.6	798.245
156.7	798.573
156.8	798.901
156.9	799.228
157	799.556
157.1	799.884
157.2	800.211
157.3	800.538
157.4	800.866
157.5	801.193
157.6	801.521
157.7	801.848
157.8	802.175
157.9	802.502
158	802.829
158.1	803.156
158.2	803.483
158.3	803.81
158.4	804.137
158.5	804.464
158.6	804.791
158.7	805.118
158.8	805.445
158.9	805.771
159	806.098
159.1	806.424
159.2	806.751
159.3	807.077
159.4	807.404
159.5	807.73
159.6	808.057
159.7	808.383
159.8	808.709
159.9	809.035
160	809.361
160.1	809.688
160.2	810.014
160.3	810.34
160.4	810.666
160.5	810.991
160.6	811.317
160.7	811.643
160.8	811.969
160.9	812.295
161	812.62
161.1	812.946
161.2	813.271
161.3	813.597
161.4	813.922
161.5	814.248
161.6	814.573
161.7	814.898
161.8	815.224
161.9	815.549
162	815.874
162.1	816.199
162.2	816.524
162.3	816.849
162.4	817.174
162.5	817.499
162.6	817.824
162.7	818.149
162.8	818.474
162.9	818.799
163	819.123
163.1	819.448
163.2	819.772
163.3	820.097
163.4	820.421
163.5	820.746
163.6	821.07
163.7	821.395
163.8	821.719
163.9	822.043
164	822.367
164.1	822.692
164.2	823.016
164.3	823.34
164.4	823.664
164.5	823.988
164.6	824.312
164.7	824.636
164.8	824.959
164.9	825.283
165	825.607
165.1	825.931
165.2	826.254
165.3	826.578
165.4	826.901
165.5	827.225
165.6	827.548
165.7	827.872
165.8	828.195
165.9	828.518
166	828.841
166.1	829.165
166.2	829.488
166.3	829.811
166.4	830.134
166.5	830.457
166.6	830.78
166.7	831.103
166.8	831.426
166.9	831.748
167	832.071
167.1	832.394
167.2	832.717
167.3	833.039
167.4	833.362
167.5	833.684
167.6	834.007
167.7	834.329
167.8	834.652
167.9	834.974
168	835.296
168.1	835.618
168.2	835.941
168.3	836.263
168.4	836.585
168.5	836.907
168.6	837.229
168.7	837.551
168.8	837.873
168.9	838.195
169	838.516
169.1	838.838
169.2	839.16
169.3	839.482
169.4	839.803
169.5	840.125
169.6	840.446
169.7	840.768
169.8	841.089
169.9	841.411
170	841.732
170.1	842.053
170.2	842.374
170.3	842.696
170.4	843.017
170.5	843.338
170.6	843.659
170.7	843.98
170.8	844.301
170.9	844.622
171	844.943
171.1	845.263
171.2	845.584
171.3	845.905
171.4	846.226
171.5	846.546
171.6	846.867
171.7	847.187
171.8	847.508
171.9	847.828
172	848.149
172.1	848.469
172.2	848.789
172.3	849.109
172.4	849.43
172.5	849.75
172.6	850.07
172.7	850.39
172.8	850.71
172.9	851.03
173	851.35
173.1	851.67
173.2	851.99
173.3	852.309
173.4	852.629
173.5	852.949
173.6	853.268
173.7	853.588
173.8	853.907
173.9	854.227
174	854.546
174.1	854.866
174.2	855.185
174.3	855.504
174.4	855.824
174.5	856.143
174.6	856.462
174.7	856.781
174.8	857.1
174.9	857.419
175	857.738
175.1	858.057
175.2	858.376
175.3	858.695
175.4	859.014
175.5	859.332
175.6	859.651
175.7	859.97
175.8	860.288
175.9	860.607
176	860.925
176.1	861.244
176.2	861.562
176.3	861.88
176.4	862.199
176.5	862.517
176.6	862.835
176.7	863.153
176.8	863.472
176.9	863.79
177	864.108
177.1	864.426
177.2	864.744
177.3	865.061
177.4	865.379
177.5	865.697
177.6	866.015
177.7	866.333
177.8	866.65
177.9	866.968
178	867.285
178.1	867.603
178.2	867.92
178.3	868.238
178.4	868.555
178.5	868.872
178.6	869.19
178.7	869.507
178.8	869.824
178.9	870.141
179	870.458
179.1	870.775
179.2	871.092
179.3	871.409
179.4	871.726
179.5	872.043
179.6	872.36
179.7	872.677
179.8	872.994
179.9	873.31
180	873.627
180.1	873.943
180.2	874.26
180.3	874.576
180.4	874.893
180.5	875.209
180.6	875.526
180.7	875.842
180.8	876.158
180.9	876.474
181	876.791
181.1	877.107
181.2	877.423
181.3	877.739
181.4	878.055
181.5	878.371
181.6	878.687
181.7	879.003
181.8	879.318
181.9	879.634
182	879.95
182.1	880.265
182.2	880.581
182.3	880.897
182.4	881.212
182.5	881.528
182.6	881.843
182.7	882.158
182.8	882.474
182.9	882.789
183	883.104
183.1	883.42
183.2	883.735
183.3	884.05
183.4	884.365
183.5	884.68
183.6	884.995
183.7	885.31
183.8	885.625
183.9	885.94
184	886.254
184.1	886.569
184.2	886.884
184.3	887.198
184.4	887.513
184.5	887.828
184.6	888.142
184.7	888.457
184.8	888.771
184.9	889.085
185	889.4
185.1	889.714
185.2	890.028
185.3	890.342
185.4	890.657
185.5	890.971
185.6	891.285
185.7	891.599
185.8	891.913
185.9	892.227
186	892.54
186.1	892.854
186.2	893.168
186.3	893.482
186.4	893.796
186.5	894.109
186.6	894.423
186.7	894.736
186.8	895.05
186.9	895.363
187	895.677
187.1	895.99
187.2	896.303
187.3	896.617
187.4	896.93
187.5	897.243
187.6	897.556
187.7	897.869
187.8	898.182
187.9	898.495
188	898.808
188.1	899.121
188.2	899.434
188.3	899.747
188.4	900.06
188.5	900.373
188.6	900.685
188.7	900.998
188.8	901.311
188.9	901.623
189	901.936
189.1	902.248
189.2	902.561
189.3	902.873
189.4	903.185
189.5	903.498
189.6	903.81
189.7	904.122
189.8	904.434
189.9	904.746
190	905.058
190.1	905.37
190.2	905.682
190.3	905.994
190.4	906.306
190.5	906.618
190.6	906.93
190.7	907.241
190.8	907.553
190.9	907.865
191	908.176
191.1	908.488
191.2	908.8
191.3	909.111
191.4	909.422
191.5	909.734
191.6	910.045
191.7	910.356
191.8	910.668
191.9	910.979
192	911.29
192.1	911.601
192.2	911.912
192.3	912.223
192.4	912.534
192.5	912.845
192.6	913.156
192.7	913.467
192.8	913.778
192.9	914.089
193	914.399
193.1	914.71
193.2	915.021
193.3	915.331
193.4	915.642
193.5	915.952
193.6	916.263
193.7	916.573
193.8	916.883
193.9	917.194
194	917.504
194.1	917.814
194.2	918.124
194.3	918.435
194.4	918.745
194.5	919.055
194.6	919.365
194.7	919.675
194.8	919.985
194.9	920.294
195	920.604
195.1	920.914
195.2	921.224
195.3	921.533
195.4	921.843
195.5	922.153
195.6	922.462
195.7	922.772
195.8	923.081
195.9	923.391
196	923.7
196.1	924.009
196.2	924.319
196.3	924.628
196.4	924.937
196.5	925.246
196.6	925.555
196.7	925.865
196.8	926.174
196.9	926.483
197	926.792
197.1	927.1
197.2	927.409
197.3	927.718
197.4	928.027
197.5	928.336
197.6	928.644
197.7	928.953
197.8	929.261
197.9	929.57
198	929.879
198.1	930.187
198.2	930.495
198.3	930.804
198.4	931.112
198.5	931.42
198.6	931.729
198.7	932.037
198.8	932.345
198.9	932.653
199	932.961
199.1	933.269
199.2	933.577
199.3	933.885
199.4	934.193
199.5	934.501
199.6	934.809
199.7	935.116
199.8	935.424
199.9	935.732
200	936.039
200.1	936.347
200.2	936.654
200.3	936.962
200.4	937.269
200.5	937.577
200.6	937.884
200.7	938.192
200.8	938.499
200.9	938.806
201	939.113
201.1	939.42
201.2	939.727
201.3	940.035
201.4	940.342
201.5	940.649
201.6	940.955
201.7	941.262
201.8	941.569
201.9	941.876
202	942.183
202.1	942.489
202.2	942.796
202.3	943.103
202.4	943.409
202.5	943.716
202.6	944.022
202.7	944.329
202.8	944.635
202.9	944.942
203	945.248
203.1	945.554
203.2	945.86
203.3	946.167
203.4	946.473
203.5	946.779
203.6	947.085
203.7	947.391
203.8	947.697
203.9	948.003
204	948.309
204.1	948.615
204.2	948.92
204.3	949.226
204.4	949.532
204.5	949.838
204.6	950.143
204.7	950.449
204.8	950.754
204.9	951.06
205	951.365
205.1	951.671
205.2	951.976
205.3	952.281
205.4	952.587
205.5	952.892
205.6	953.197
205.7	953.502
205.8	953.807
205.9	954.113
206	954.418
206.1	954.723
206.2	955.027
206.3	955.332
206.4	955.637
206.5	955.942
206.6	956.247
206.7	956.552
206.8	956.856
206.9	957.161
207	957.465
207.1	957.77
207.2	958.075
207.3	958.379
207.4	958.683
207.5	958.988
207.6	959.292
207.7	959.597
207.8	959.901
207.9	960.205
208	960.509
208.1	960.813
208.2	961.117
208.3	961.421
208.4	961.725
208.5	962.029
208.6	962.333
208.7	962.637
208.8	962.941
208.9	963.245
209	963.549
209.1	963.852
209.2	964.156
209.3	964.46
209.4	964.763
209.5	965.067
209.6	965.37
209.7	965.674
209.8	965.977
209.9	966.28
210	966.584
210.1	966.887
210.2	967.19
210.3	967.494
210.4	967.797
210.5	968.1
210.6	968.403
210.7	968.706
210.8	969.009
210.9	969.312
211	969.615
211.1	969.918
211.2	970.22
211.3	970.523
211.4	970.826
211.5	971.129
211.6	971.431
211.7	971.734
211.8	972.036
211.9	972.339
212	972.641
212.1	972.944
212.2	973.246
212.3	973.549
212.4	973.851
212.5	974.153
212.6	974.455
212.7	974.758
212.8	975.06
212.9	975.362
213	975.664
213.1	975.966
213.2	976.268
213.3	976.57
213.4	976.872
213.5	977.174
213.6	977.476
213.7	977.777
213.8	978.079
213.9	978.381
214	978.682
214.1	978.984
214.2	979.286
214.3	979.587
214.4	979.889
214.5	980.19
214.6	980.491
214.7	980.793
214.8	981.094
214.9	981.395
215	981.697
215.1	981.998
215.2	982.299
215.3	982.6
215.4	982.901
215.5	983.202
215.6	983.503
215.7	983.804
215.8	984.105
215.9	984.406
216	984.707
216.1	985.007
216.2	985.308
216.3	985.609
216.4	985.909
216.5	986.21
216.6	986.511
216.7	986.811
216.8	987.112
216.9	987.412
217	987.712
217.1	988.013
217.2	988.313
217.3	988.613
217.4	988.914
217.5	989.214
217.6	989.514
217.7	989.814
217.8	990.114
217.9	990.414
218	990.714
218.1	991.014
218.2	991.314
218.3	991.614
218.4	991.914
218.5	992.213
218.6	992.513
218.7	992.813
218.8	993.113
218.9	993.412
219	993.712
219.1	994.011
219.2	994.311
219.3	994.61
219.4	994.91
219.5	995.209
219.6	995.508
219.7	995.808
219.8	996.107
219.9	996.406
220	996.705
220.1	997.004
220.2	997.303
220.3	997.603
220.4	997.902
220.5	998.2
220.6	998.499
220.7	998.798
220.8	999.097
220.9	999.396
221	999.695
221.1	999.993
221.2	1000.29
221.3	1000.59
221.4	1000.89
221.5	1001.19
221.6	1001.49
221.7	1001.78
221.8	1002.08
221.9	1002.38
222	1002.68
222.1	1002.98
222.2	1003.28
222.3	1003.57
222.4	1003.87
222.5	1004.17
222.6	1004.47
222.7	1004.77
222.8	1005.07
222.9	1005.36
223	1005.66
223.1	1005.96
223.2	1006.26
223.3	1006.55
223.4	1006.85
223.5	1007.15
223.6	1007.45
223.7	1007.75
223.8	1008.04
223.9	1008.34
224	1008.64
224.1	1008.94
224.2	1009.23
224.3	1009.53
224.4	1009.83
224.5	1010.13
224.6	1010.42
224.7	1010.72
224.8	1011.02
224.9	1011.31
225	1011.61
225.1	1011.91
225.2	1012.21
225.3	1012.5
225.4	1012.8
225.5	1013.1
225.6	1013.39
225.7	1013.69
225.8	1013.99
225.9	1014.28
226	1014.58
226.1	1014.88
226.2	1015.17
226.3	1015.47
226.4	1015.77
226.5	1016.06
226.6	1016.36
226.7	1016.66
226.8	1016.95
226.9	1017.25
227	1017.55
227.1	1017.84
227.2	1018.14
227.3	1018.43
227.4	1018.73
227.5	1019.03
227.6	1019.32
227.7	1019.62
227.8	1019.92
227.9	1020.21
228	1020.51
228.1	1020.8
228.2	1021.1
228.3	1021.39
228.4	1021.69
228.5	1021.99
228.6	1022.28
228.7	1022.58
228.8	1022.87
228.9	1023.17
229	1023.46
229.1	1023.76
229.2	1024.06
229.3	1024.35
229.4	1024.65
229.5	1024.94
229.6	1025.24
229.7	1025.53
229.8	1025.83
229.9	1026.12
230	1026.42
230.1	1026.71
230.2	1027.01
230.3	1027.3
230.4	1027.6
230.5	1027.89
230.6	1028.19
230.7	1028.48
230.8	1028.78
230.9	1029.07
231	1029.37
231.1	1029.66
231.2	1029.96
231.3	1030.25
231.4	1030.55
231.5	1030.84
231.6	1031.13
231.7	1031.43
231.8	1031.72
231.9	1032.02
232	1032.31
232.1	1032.61
232.2	1032.9
232.3	1033.19
232.4	1033.49
232.5	1033.78
232.6	1034.08
232.7	1034.37
232.8	1034.67
232.9	1034.96
233	1035.25
233.1	1035.55
233.2	1035.84
233.3	1036.14
233.4	1036.43
233.5	1036.72
233.6	1037.02
233.7	1037.31
233.8	1037.6
233.9	1037.9
234	1038.19
234.1	1038.48
234.2	1038.78
234.3	1039.07
234.4	1039.36
234.5	1039.66
234.6	1039.95
234.7	1040.24
234.8	1040.54
234.9	1040.83
235	1041.12
235.1	1041.42
235.2	1041.71
235.3	1042
235.4	1042.3
235.5	1042.59
235.6	1042.88
235.7	1043.18
235.8	1043.47
235.9	1043.76
236	1044.05
236.1	1044.35
236.2	1044.64
236.3	1044.93
236.4	1045.22
236.5	1045.52
236.6	1045.81
236.7	1046.1
236.8	1046.39
236.9	1046.69
237	1046.98
237.1	1047.27
237.2	1047.56
237.3	1047.86
237.4	1048.15
237.5	1048.44
237.6	1048.73
237.7	1049.03
237.8	1049.32
237.9	1049.61
238	1049.9
238.1	1050.19
238.2	1050.49
238.3	1050.78
238.4	1051.07
238.5	1051.36
238.6	1051.65
238.7	1051.94
238.8	1052.24
238.9	1052.53
239	1052.82
239.1	1053.11
239.2	1053.4
239.3	1053.69
239.4	1053.99
239.5	1054.28
239.6	1054.57
239.7	1054.86
239.8	1055.15
239.9	1055.44
240	1055.73
240.1	1056.03
240.2	1056.32
240.3	1056.61
240.4	1056.9
240.5	1057.19
240.6	1057.48
240.7	1057.77
240.8	1058.06
240.9	1058.35
241	1058.64
241.1	1058.94
241.2	1059.23
241.3	1059.52
241.4	1059.81
241.5	1060.1
241.6	1060.39
241.7	1060.68
241.8	1060.97
241.9	1061.26
242	1061.55
242.1	1061.84
242.2	1062.13
242.3	1062.42
242.4	1062.71
242.5	1063
242.6	1063.29
242.7	1063.58
242.8	1063.87
242.9	1064.16
243	1064.45
243.1	1064.74
243.2	1065.03
243.3	1065.32
243.4	1065.61
243.5	1065.9
243.6	1066.19
243.7	1066.48
243.8	1066.77
243.9	1067.06
244	1067.35
244.1	1067.64
244.2	1067.93
244.3	1068.22
244.4	1068.51
244.5	1068.8
244.6	1069.09
244.7	1069.38
244.8	1069.67
244.9	1069.96
245	1070.25
245.1	1070.54
245.2	1070.83
245.3	1071.12
245.4	1071.4
245.5	1071.69
245.6	1071.98
245.7	1072.27
245.8	1072.56
245.9	1072.85
246	1073.14
246.1	1073.43
246.2	1073.72
246.3	1074.01
246.4	1074.29
246.5	1074.58
246.6	1074.87
246.7	1075.16
246.8	1075.45
246.9	1075.74
247	1076.03
247.1	1076.32
247.2	1076.6
247.3	1076.89
247.4	1077.18
247.5	1077.47
247.6	1077.76
247.7	1078.05
247.8	1078.33
247.9	1078.62
248	1078.91
248.1	1079.2
248.2	1079.49
248.3	1079.78
248.4	1080.06
248.5	1080.35
248.6	1080.64
248.7	1080.93
248.8	1081.22
248.9	1081.5
249	1081.79
249.1	1082.08
249.2	1082.37
249.3	1082.65
249.4	1082.94
249.5	1083.23
249.6	1083.52
249.7	1083.81
249.8	1084.09
249.9	1084.38
250	1084.67
250.1	1084.96
250.2	1085.24
250.3	1085.53
250.4	1085.82
250.5	1086.1
250.6	1086.39
250.7	1086.68
250.8	1086.97
250.9	1087.25
251	1087.54
251.1	1087.83
251.2	1088.11
251.3	1088.4
251.4	1088.69
251.5	1088.98
251.6	1089.26
251.7	1089.55
251.8	1089.84
251.9	1090.12
252	1090.41
252.1	1090.7
252.2	1090.98
252.3	1091.27
252.4	1091.56
252.5	1091.84
252.6	1092.13
252.7	1092.42
252.8	1092.7
252.9	1092.99
253	1093.27
253.1	1093.56
253.2	1093.85
253.3	1094.13
253.4	1094.42
253.5	1094.71
253.6	1094.99
253.7	1095.28
253.8	1095.56
253.9	1095.85
254	1096.14
254.1	1096.42
254.2	1096.71
254.3	1096.99
254.4	1097.28
254.5	1097.57
254.6	1097.85
254.7	1098.14
254.8	1098.42
254.9	1098.71
255	1098.99
255.1	1099.28
255.2	1099.57
255.3	1099.85
255.4	1100.14
255.5	1100.42
255.6	1100.71
255.7	1100.99
255.8	1101.28
255.9	1101.56
256	1101.85
256.1	1102.13
256.2	1102.42
256.3	1102.71
256.4	1102.99
256.5	1103.28
256.6	1103.56
256.7	1103.85
256.8	1104.13
256.9	1104.42
257	1104.7
257.1	1104.99
257.2	1105.27
257.3	1105.55
257.4	1105.84
257.5	1106.12
257.6	1106.41
257.7	1106.69
257.8	1106.98
257.9	1107.26
258	1107.55
258.1	1107.83
258.2	1108.12
258.3	1108.4
258.4	1108.69
258.5	1108.97
258.6	1109.25
258.7	1109.54
258.8	1109.82
258.9	1110.11
259	1110.39
259.1	1110.68
259.2	1110.96
259.3	1111.24
259.4	1111.53
259.5	1111.81
259.6	1112.1
259.7	1112.38
259.8	1112.66
259.9	1112.95
260	1113.23
260.1	1113.51
260.2	1113.8
260.3	1114.08
260.4	1114.37
260.5	1114.65
260.6	1114.93
260.7	1115.22
260.8	1115.5
260.9	1115.78
261	1116.07
261.1	1116.35
261.2	1116.63
261.3	1116.92
261.4	1117.2
261.5	1117.48
261.6	1117.77
261.7	1118.05
261.8	1118.33
261.9	1118.62
262	1118.9
262.1	1119.18
262.2	1119.47
262.3	1119.75
262.4	1120.03
262.5	1120.32
262.6	1120.6
262.7	1120.88
262.8	1121.16
262.9	1121.45
263	1121.73
263.1	1122.01
263.2	1122.3
263.3	1122.58
263.4	1122.86
263.5	1123.14
263.6	1123.43
263.7	1123.71
263.8	1123.99
263.9	1124.27
264	1124.56
264.1	1124.84
264.2	1125.12
264.3	1125.4
264.4	1125.68
264.5	1125.97
264.6	1126.25
264.7	1126.53
264.8	1126.81
264.9	1127.1
265	1127.38
265.1	1127.66
265.2	1127.94
265.3	1128.22
265.4	1128.51
265.5	1128.79
265.6	1129.07
265.7	1129.35
265.8	1129.63
265.9	1129.91
266	1130.2
266.1	1130.48
266.2	1130.76
266.3	1131.04
266.4	1131.32
266.5	1131.6
266.6	1131.89
266.7	1132.17
266.8	1132.45
266.9	1132.73
267	1133.01
267.1	1133.29
267.2	1133.57
267.3	1133.86
267.4	1134.14
267.5	1134.42
267.6	1134.7
267.7	1134.98
267.8	1135.26
267.9	1135.54
268	1135.82
268.1	1136.1
268.2	1136.39
268.3	1136.67
268.4	1136.95
268.5	1137.23
268.6	1137.51
268.7	1137.79
268.8	1138.07
268.9	1138.35
269	1138.63
269.1	1138.91
269.2	1139.19
269.3	1139.47
269.4	1139.75
269.5	1140.03
269.6	1140.32
269.7	1140.6
269.8	1140.88
269.9	1141.16
270	1141.44
270.1	1141.72
270.2	1142
270.3	1142.28
270.4	1142.56
270.5	1142.84
270.6	1143.12
270.7	1143.4
270.8	1143.68
270.9	1143.96
271	1144.24
271.1	1144.52
271.2	1144.8
271.3	1145.08
271.4	1145.36
271.5	1145.64
271.6	1145.92
271.7	1146.2
271.8	1146.48
271.9	1146.76
272	1147.04
272.1	1147.32
272.2	1147.6
272.3	1147.87
272.4	1148.15
272.5	1148.43
272.6	1148.71
272.7	1148.99
272.8	1149.27
272.9	1149.55
273	1149.83
273.1	1150.11
273.2	1150.39
273.3	1150.67
273.4	1150.95
273.5	1151.23
273.6	1151.51
273.7	1151.78
273.8	1152.06
273.9	1152.34
274	1152.62
274.1	1152.9
274.2	1153.18
274.3	1153.46
274.4	1153.74
274.5	1154.02
274.6	1154.29
274.7	1154.57
274.8	1154.85
274.9	1155.13
275	1155.41
275.1	1155.69
275.2	1155.97
275.3	1156.24
275.4	1156.52
275.5	1156.8
275.6	1157.08
275.7	1157.36
275.8	1157.64
275.9	1157.91
276	1158.19
276.1	1158.47
276.2	1158.75
276.3	1159.03
276.4	1159.31
276.5	1159.58
276.6	1159.86
276.7	1160.14
276.8	1160.42
276.9	1160.7
277	1160.97
277.1	1161.25
277.2	1161.53
277.3	1161.81
277.4	1162.09
277.5	1162.36
277.6	1162.64
277.7	1162.92
277.8	1163.2
277.9	1163.47
278	1163.75
278.1	1164.03
278.2	1164.31
278.3	1164.58
278.4	1164.86
278.5	1165.14
278.6	1165.42
278.7	1165.69
278.8	1165.97
278.9	1166.25
279	1166.53
279.1	1166.8
279.2	1167.08
279.3	1167.36
279.4	1167.63
279.5	1167.91
279.6	1168.19
279.7	1168.47
279.8	1168.74
279.9	1169.02
280	1169.3
280.1	1169.57
280.2	1169.85
280.3	1170.13
280.4	1170.4
280.5	1170.68
280.6	1170.96
280.7	1171.23
280.8	1171.51
280.9	1171.79
281	1172.06
281.1	1172.34
281.2	1172.62
281.3	1172.89
281.4	1173.17
281.5	1173.45
281.6	1173.72
281.7	1174
281.8	1174.27
281.9	1174.55
282	1174.83
282.1	1175.1
282.2	1175.38
282.3	1175.66
282.4	1175.93
282.5	1176.21
282.6	1176.48
282.7	1176.76
282.8	1177.04
282.9	1177.31
283	1177.59
283.1	1177.86
283.2	1178.14
283.3	1178.42
283.4	1178.69
283.5	1178.97
283.6	1179.24
283.7	1179.52
283.8	1179.79
283.9	1180.07
284	1180.35
284.1	1180.62
284.2	1180.9
284.3	1181.17
284.4	1181.45
284.5	1181.72
284.6	1182
284.7	1182.27
284.8	1182.55
284.9	1182.82
285	1183.1
285.1	1183.37
285.2	1183.65
285.3	1183.92
285.4	1184.2
285.5	1184.47
285.6	1184.75
285.7	1185.03
285.8	1185.3
285.9	1185.57
286	1185.85
286.1	1186.12
286.2	1186.4
286.3	1186.67
286.4	1186.95
286.5	1187.22
286.6	1187.5
286.7	1187.77
286.8	1188.05
286.9	1188.32
287	1188.6
287.1	1188.87
287.2	1189.15
287.3	1189.42
287.4	1189.7
287.5	1189.97
287.6	1190.24
287.7	1190.52
287.8	1190.79
287.9	1191.07
288	1191.34
288.1	1191.62
288.2	1191.89
288.3	1192.16
288.4	1192.44
288.5	1192.71
288.6	1192.99
288.7	1193.26
288.8	1193.53
288.9	1193.81
289	1194.08
289.1	1194.36
289.2	1194.63
289.3	1194.9
289.4	1195.18
289.5	1195.45
289.6	1195.73
289.7	1196
289.8	1196.27
289.9	1196.55
290	1196.82
290.1	1197.09
290.2	1197.37
290.3	1197.64
290.4	1197.91
290.5	1198.19
290.6	1198.46
290.7	1198.73
290.8	1199.01
290.9	1199.28
291	1199.55
291.1	1199.83
291.2	1200.1
291.3	1200.37
291.4	1200.65
291.5	1200.92
291.6	1201.19
291.7	1201.47
291.8	1201.74
291.9	1202.01
292	1202.29
292.1	1202.56
292.2	1202.83
292.3	1203.1
292.4	1203.38
292.5	1203.65
292.6	1203.92
292.7	1204.2
292.8	1204.47
292.9	1204.74
293	1205.01
293.1	1205.29
293.2	1205.56
293.3	1205.83
293.4	1206.1
293.5	1206.38
293.6	1206.65
293.7	1206.92
293.8	1207.19
293.9	1207.47
294	1207.74
294.1	1208.01
294.2	1208.28
294.3	1208.56
294.4	1208.83
294.5	1209.1
294.6	1209.37
294.7	1209.64
294.8	1209.92
294.9	1210.19
295	1210.46
295.1	1210.73
295.2	1211
295.3	1211.28
295.4	1211.55
295.5	1211.82
295.6	1212.09
295.7	1212.36
295.8	1212.63
295.9	1212.91
296	1213.18
296.1	1213.45
296.2	1213.72
296.3	1213.99
296.4	1214.26
296.5	1214.54
296.6	1214.81
296.7	1215.08
296.8	1215.35
296.9	1215.62
297	1215.89
297.1	1216.16
297.2	1216.44
297.3	1216.71
297.4	1216.98
297.5	1217.25
297.6	1217.52
297.7	1217.79
297.8	1218.06
297.9	1218.33
298	1218.61
298.1	1218.88
298.2	1219.15
298.3	1219.42
298.4	1219.69
298.5	1219.96
298.6	1220.23
298.7	1220.5
298.8	1220.77
298.9	1221.04
299	1221.31
299.1	1221.58
299.2	1221.86
299.3	1222.13
299.4	1222.4
299.5	1222.67
299.6	1222.94
299.7	1223.21
299.8	1223.48
299.9	1223.75
300	1224.02
