W	Pred
1.5	120.285
1.6	119.729
1.7	119.228
1.8	118.775
1.9	118.364
2	117.99
2.1	117.648
2.2	117.336
2.3	117.049
2.4	116.785
2.5	116.542
2.6	116.319
2.7	116.112
2.8	115.921
2.9	115.744
3	115.581
3.1	115.43
3.2	115.289
3.3	115.16
3.4	115.039
3.5	114.928
3.6	114.824
3.7	114.728
3.8	114.64
3.9	114.558
4	114.482
4.1	114.412
4.2	114.347
4.3	114.288
4.4	114.233
4.5	114.183
4.6	114.138
4.7	114.096
4.8	114.058
4.9	114.024
5	113.993
5.1	113.965
5.2	113.941
5.3	113.919
5.4	113.9
5.5	113.884
5.6	113.87
5.7	113.859
5.8	113.85
5.9	113.843
6	113.838
6.1	113.835
6.2	113.834
6.3	113.835
6.4	113.837
6.5	113.841
6.6	113.847
6.7	113.854
6.8	113.863
6.9	113.873
7	113.884
7.1	113.897
7.2	113.91
7.3	113.925
7.4	113.941
7.5	113.958
7.6	113.977
7.7	113.996
7.8	114.016
7.9	114.037
8	114.059
8.1	114.081
8.2	114.105
8.3	114.129
8.4	114.154
8.5	114.18
8.6	114.207
8.7	114.234
8.8	114.262
8.9	114.29
9	114.319
9.1	114.349
9.2	114.379
9.3	114.41
9.4	114.441
9.5	114.473
9.6	114.505
9.7	114.538
9.8	114.571
9.9	114.605
10	114.639
10.1	114.673
10.2	114.708
10.3	114.743
10.4	114.779
10.5	114.815
10.6	114.851
10.7	114.888
10.8	114.925
10.9	114.962
11	115
11.1	115.038
11.2	115.076
11.3	115.114
11.4	115.153
11.5	115.192
11.6	115.231
11.7	115.27
11.8	115.31
11.9	115.35
12	115.39
12.1	115.43
12.2	115.471
12.3	115.511
12.4	115.552
12.5	115.593
12.6	115.635
12.7	115.676
12.8	115.718
12.9	115.759
13	115.801
13.1	115.843
13.2	115.885
13.3	115.928
13.4	115.97
13.5	116.013
13.6	116.055
13.7	116.098
13.8	116.141
13.9	116.184
14	116.227
14.1	116.27
14.2	116.314
14.3	116.357
14.4	116.401
14.5	116.444
14.6	116.488
14.7	116.532
14.8	116.576
14.9	116.62
15	116.664
15.1	116.708
15.2	116.752
15.3	116.796
15.4	116.84
15.5	116.885
15.6	116.929
15.7	116.974
15.8	117.018
15.9	117.063
16	117.107
16.1	117.152
16.2	117.197
16.3	117.241
16.4	117.286
16.5	117.331
16.6	117.376
16.7	117.421
16.8	117.465
16.9	117.51
17	117.555
17.1	117.6
17.2	117.645
17.3	117.69
17.4	117.735
17.5	117.78
17.6	117.826
17.7	117.871
17.8	117.916
17.9	117.961
18	118.006
18.1	118.051
18.2	118.097
18.3	118.142
18.4	118.187
18.5	118.232
18.6	118.277
18.7	118.323
18.8	118.368
18.9	118.413
19	118.458
19.1	118.503
19.2	118.549
19.3	118.594
19.4	118.639
19.5	118.684
19.6	118.73
19.7	118.775
19.8	118.82
19.9	118.865
20	118.91
20.1	118.956
20.2	119.001
20.3	119.046
20.4	119.091
20.5	119.136
20.6	119.181
20.7	119.227
20.8	119.272
20.9	119.317
21	119.362
21.1	119.407
21.2	119.452
21.3	119.497
21.4	119.542
21.5	119.587
21.6	119.632
21.7	119.677
21.8	119.722
21.9	119.767
22	119.812
22.1	119.857
22.2	119.902
22.3	119.947
22.4	119.991
22.5	120.036
22.6	120.081
22.7	120.126
22.8	120.171
22.9	120.215
23	120.26
23.1	120.305
23.2	120.349
23.3	120.394
23.4	120.439
23.5	120.483
23.6	120.528
23.7	120.572
23.8	120.617
23.9	120.661
24	120.706
24.1	120.75
24.2	120.795
24.3	120.839
24.4	120.883
24.5	120.928
24.6	120.972
24.7	121.016
24.8	121.061
24.9	121.105
25	121.149
25.1	121.193
25.2	121.237
25.3	121.281
25.4	121.325
25.5	121.369
25.6	121.413
25.7	121.457
25.8	121.501
25.9	121.545
26	121.589
26.1	121.633
26.2	121.677
26.3	121.72
26.4	121.764
26.5	121.808
26.6	121.852
26.7	121.895
26.8	121.939
26.9	121.982
27	122.026
27.1	122.07
27.2	122.113
27.3	122.157
27.4	122.2
27.5	122.243
27.6	122.287
27.7	122.33
27.8	122.373
27.9	122.417
28	122.46
28.1	122.503
28.2	122.546
28.3	122.589
28.4	122.632
28.5	122.675
28.6	122.718
28.7	122.761
28.8	122.804
28.9	122.847
29	122.89
29.1	122.933
29.2	122.976
29.3	123.019
29.4	123.061
29.5	123.104
29.6	123.147
29.7	123.189
29.8	123.232
29.9	123.275
30	123.317
30.1	123.36
30.2	123.402
30.3	123.445
30.4	123.487
30.5	123.529
30.6	123.572
30.7	123.614
30.8	123.656
30.9	123.698
31	123.741
31.1	123.783
31.2	123.825
31.3	123.867
31.4	123.909
31.5	123.951
31.6	123.993
31.7	124.035
31.8	124.077
31.9	124.119
32	124.161
32.1	124.202
32.2	124.244
32.3	124.286
32.4	124.328
32.5	124.369
32.6	124.411
32.7	124.453
32.8	124.494
32.9	124.536
33	124.577
33.1	124.619
33.2	124.66
33.3	124.701
33.4	124.743
33.5	124.784
33.6	124.825
33.7	124.867
33.8	124.908
33.9	124.949
34	124.99
34.1	125.031
34.2	125.072
34.3	125.113
34.4	125.154
34.5	125.195
34.6	125.236
34.7	125.277
34.8	125.318
34.9	125.359
35	125.4
35.1	125.44
35.2	125.481
35.3	125.522
35.4	125.562
35.5	125.603
35.6	125.644
35.7	125.684
35.8	125.725
35.9	125.765
36	125.805
36.1	125.846
36.2	125.886
36.3	125.927
36.4	125.967
36.5	126.007
36.6	126.047
36.7	126.088
36.8	126.128
36.9	126.168
37	126.208
37.1	126.248
37.2	126.288
37.3	126.328
37.4	126.368
37.5	126.408
37.6	126.448
37.7	126.488
37.8	126.528
37.9	126.567
38	126.607
38.1	126.647
38.2	126.686
38.3	126.726
38.4	126.766
38.5	126.805
38.6	126.845
38.7	126.884
38.8	126.924
38.9	126.963
39	127.003
39.1	127.042
39.2	127.082
39.3	127.121
39.4	127.16
39.5	127.199
39.6	127.239
39.7	127.278
39.8	127.317
39.9	127.356
40	127.395
40.1	127.434
40.2	127.473
40.3	127.512
40.4	127.551
40.5	127.59
40.6	127.629
40.7	127.668
40.8	127.707
40.9	127.745
41	127.784
41.1	127.823
41.2	127.862
41.3	127.9
41.4	127.939
41.5	127.978
41.6	128.016
41.7	128.055
41.8	128.093
41.9	128.132
42	128.17
42.1	128.208
42.2	128.247
42.3	128.285
42.4	128.323
42.5	128.362
42.6	128.4
42.7	128.438
42.8	128.476
42.9	128.515
43	128.553
43.1	128.591
43.2	128.629
43.3	128.667
43.4	128.705
43.5	128.743
43.6	128.781
43.7	128.819
43.8	128.856
43.9	128.894
44	128.932
44.1	128.97
44.2	129.008
44.3	129.045
44.4	129.083
44.5	129.121
44.6	129.158
44.7	129.196
44.8	129.233
44.9	129.271
45	129.308
45.1	129.346
45.2	129.383
45.3	129.421
45.4	129.458
45.5	129.495
45.6	129.533
45.7	129.57
45.8	129.607
45.9	129.644
46	129.682
46.1	129.719
46.2	129.756
46.3	129.793
46.4	129.83
46.5	129.867
46.6	129.904
46.7	129.941
46.8	129.978
46.9	130.015
47	130.052
47.1	130.089
47.2	130.126
47.3	130.162
47.4	130.199
47.5	130.236
47.6	130.273
47.7	130.309
47.8	130.346
47.9	130.383
48	130.419
48.1	130.456
48.2	130.492
48.3	130.529
48.4	130.565
48.5	130.602
48.6	130.638
48.7	130.675
48.8	130.711
48.9	130.747
49	130.784
49.1	130.82
49.2	130.856
49.3	130.892
49.4	130.929
49.5	130.965
49.6	131.001
49.7	131.037
49.8	131.073
49.9	131.109
50	131.145
50.1	131.181
50.2	131.217
50.3	131.253
50.4	131.289
50.5	131.325
50.6	131.361
50.7	131.397
50.8	131.432
50.9	131.468
51	131.504
51.1	131.54
51.2	131.575
51.3	131.611
51.4	131.647
51.5	131.682
51.6	131.718
51.7	131.753
51.8	131.789
51.9	131.824
52	131.86
52.1	131.895
52.2	131.931
52.3	131.966
52.4	132.001
52.5	132.037
52.6	132.072
52.7	132.107
52.8	132.143
52.9	132.178
53	132.213
53.1	132.248
53.2	132.283
53.3	132.319
53.4	132.354
53.5	132.389
53.6	132.424
53.7	132.459
53.8	132.494
53.9	132.529
54	132.564
54.1	132.599
54.2	132.633
54.3	132.668
54.4	132.703
54.5	132.738
54.6	132.773
54.7	132.807
54.8	132.842
54.9	132.877
55	132.912
55.1	132.946
55.2	132.981
55.3	133.015
55.4	133.05
55.5	133.085
55.6	133.119
55.7	133.154
55.8	133.188
55.9	133.222
56	133.257
56.1	133.291
56.2	133.326
56.3	133.36
56.4	133.394
56.5	133.429
56.6	133.463
56.7	133.497
56.8	133.531
56.9	133.566
57	133.6
57.1	133.634
57.2	133.668
57.3	133.702
57.4	133.736
57.5	133.77
57.6	133.804
57.7	133.838
57.8	133.872
57.9	133.906
58	133.94
58.1	133.974
58.2	134.008
58.3	134.042
58.4	134.075
58.5	134.109
58.6	134.143
58.7	134.177
58.8	134.21
58.9	134.244
59	134.278
59.1	134.311
59.2	134.345
59.3	134.379
59.4	134.412
59.5	134.446
59.6	134.479
59.7	134.513
59.8	134.546
59.9	134.58
60	134.613
60.1	134.647
60.2	134.68
60.3	134.713
60.4	134.747
60.5	134.78
60.6	134.813
60.7	134.847
60.8	134.88
60.9	134.913
61	134.946
61.1	134.979
61.2	135.013
61.3	135.046
61.4	135.079
61.5	135.112
61.6	135.145
61.7	135.178
61.8	135.211
61.9	135.244
62	135.277
62.1	135.31
62.2	135.343
62.3	135.376
62.4	135.409
62.5	135.442
62.6	135.474
62.7	135.507
62.8	135.54
62.9	135.573
63	135.605
63.1	135.638
63.2	135.671
63.3	135.704
63.4	135.736
63.5	135.769
63.6	135.801
63.7	135.834
63.8	135.867
63.9	135.899
64	135.932
64.1	135.964
64.2	135.997
64.3	136.029
64.4	136.062
64.5	136.094
64.6	136.126
64.7	136.159
64.8	136.191
64.9	136.223
65	136.256
65.1	136.288
65.2	136.32
65.3	136.352
65.4	136.385
65.5	136.417
65.6	136.449
65.7	136.481
65.8	136.513
65.9	136.545
66	136.577
66.1	136.609
66.2	136.641
66.3	136.674
66.4	136.706
66.5	136.737
66.6	136.769
66.7	136.801
66.8	136.833
66.9	136.865
67	136.897
67.1	136.929
67.2	136.961
67.3	136.992
67.4	137.024
67.5	137.056
67.6	137.088
67.7	137.12
67.8	137.151
67.9	137.183
68	137.215
68.1	137.246
68.2	137.278
68.3	137.309
68.4	137.341
68.5	137.373
68.6	137.404
68.7	137.436
68.8	137.467
68.9	137.499
69	137.53
69.1	137.561
69.2	137.593
69.3	137.624
69.4	137.656
69.5	137.687
69.6	137.718
69.7	137.75
69.8	137.781
69.9	137.812
70	137.843
70.1	137.875
70.2	137.906
70.3	137.937
70.4	137.968
70.5	137.999
70.6	138.03
70.7	138.062
70.8	138.093
70.9	138.124
71	138.155
71.1	138.186
71.2	138.217
71.3	138.248
71.4	138.279
71.5	138.31
71.6	138.341
71.7	138.372
71.8	138.402
71.9	138.433
72	138.464
72.1	138.495
72.2	138.526
72.3	138.557
72.4	138.587
72.5	138.618
72.6	138.649
72.7	138.68
72.8	138.71
72.9	138.741
73	138.772
73.1	138.802
73.2	138.833
73.3	138.863
73.4	138.894
73.5	138.925
73.6	138.955
73.7	138.986
73.8	139.016
73.9	139.047
74	139.077
74.1	139.108
74.2	139.138
74.3	139.168
74.4	139.199
74.5	139.229
74.6	139.26
74.7	139.29
74.8	139.32
74.9	139.35
75	139.381
75.1	139.411
75.2	139.441
75.3	139.472
75.4	139.502
75.5	139.532
75.6	139.562
75.7	139.592
75.8	139.622
75.9	139.652
76	139.683
76.1	139.713
76.2	139.743
76.3	139.773
76.4	139.803
76.5	139.833
76.6	139.863
76.7	139.893
76.8	139.923
76.9	139.953
77	139.983
77.1	140.012
77.2	140.042
77.3	140.072
77.4	140.102
77.5	140.132
77.6	140.162
77.7	140.191
77.8	140.221
77.9	140.251
78	140.281
78.1	140.31
78.2	140.34
78.3	140.37
78.4	140.399
78.5	140.429
78.6	140.459
78.7	140.488
78.8	140.518
78.9	140.547
79	140.577
79.1	140.607
79.2	140.636
79.3	140.666
79.4	140.695
79.5	140.725
79.6	140.754
79.7	140.783
79.8	140.813
79.9	140.842
80	140.872
80.1	140.901
80.2	140.93
80.3	140.96
80.4	140.989
80.5	141.018
80.6	141.048
80.7	141.077
80.8	141.106
80.9	141.135
81	141.165
81.1	141.194
81.2	141.223
81.3	141.252
81.4	141.281
81.5	141.31
81.6	141.339
81.7	141.369
81.8	141.398
81.9	141.427
82	141.456
82.1	141.485
82.2	141.514
82.3	141.543
82.4	141.572
82.5	141.601
82.6	141.63
82.7	141.659
82.8	141.687
82.9	141.716
83	141.745
83.1	141.774
83.2	141.803
83.3	141.832
83.4	141.861
83.5	141.889
83.6	141.918
83.7	141.947
83.8	141.976
83.9	142.004
84	142.033
84.1	142.062
84.2	142.09
84.3	142.119
84.4	142.148
84.5	142.176
84.6	142.205
84.7	142.234
84.8	142.262
84.9	142.291
85	142.319
85.1	142.348
85.2	142.376
85.3	142.405
85.4	142.433
85.5	142.462
85.6	142.49
85.7	142.519
85.8	142.547
85.9	142.576
86	142.604
86.1	142.632
86.2	142.661
86.3	142.689
86.4	142.717
86.5	142.746
86.6	142.774
86.7	142.802
86.8	142.83
86.9	142.859
87	142.887
87.1	142.915
87.2	142.943
87.3	142.972
87.4	143
87.5	143.028
87.6	143.056
87.7	143.084
87.8	143.112
87.9	143.14
88	143.168
88.1	143.196
88.2	143.225
88.3	143.253
88.4	143.281
88.5	143.309
88.6	143.337
88.7	143.365
88.8	143.392
88.9	143.42
89	143.448
89.1	143.476
89.2	143.504
89.3	143.532
89.4	143.56
89.5	143.588
89.6	143.616
89.7	143.643
89.8	143.671
89.9	143.699
90	143.727
90.1	143.755
90.2	143.782
90.3	143.81
90.4	143.838
90.5	143.865
90.6	143.893
90.7	143.921
90.8	143.948
90.9	143.976
91	144.004
91.1	144.031
91.2	144.059
91.3	144.087
91.4	144.114
91.5	144.142
91.6	144.169
91.7	144.197
91.8	144.224
91.9	144.252
92	144.279
92.1	144.307
92.2	144.334
92.3	144.362
92.4	144.389
92.5	144.416
92.6	144.444
92.7	144.471
92.8	144.498
92.9	144.526
93	144.553
93.1	144.58
93.2	144.608
93.3	144.635
93.4	144.662
93.5	144.69
93.6	144.717
93.7	144.744
93.8	144.771
93.9	144.799
94	144.826
94.1	144.853
94.2	144.88
94.3	144.907
94.4	144.934
94.5	144.961
94.6	144.989
94.7	145.016
94.8	145.043
94.9	145.07
95	145.097
95.1	145.124
95.2	145.151
95.3	145.178
95.4	145.205
95.5	145.232
95.6	145.259
95.7	145.286
95.8	145.313
95.9	145.34
96	145.367
96.1	145.394
96.2	145.42
96.3	145.447
96.4	145.474
96.5	145.501
96.6	145.528
96.7	145.555
96.8	145.581
96.9	145.608
97	145.635
97.1	145.662
97.2	145.688
97.3	145.715
97.4	145.742
97.5	145.769
97.6	145.795
97.7	145.822
97.8	145.849
97.9	145.875
98	145.902
98.1	145.929
98.2	145.955
98.3	145.982
98.4	146.008
98.5	146.035
98.6	146.062
98.7	146.088
98.8	146.115
98.9	146.141
99	146.168
99.1	146.194
99.2	146.221
99.3	146.247
99.4	146.274
99.5	146.3
99.6	146.326
99.7	146.353
99.8	146.379
99.9	146.406
100	146.432
100.1	146.458
100.2	146.485
100.3	146.511
100.4	146.537
100.5	146.564
100.6	146.59
100.7	146.616
100.8	146.642
100.9	146.669
101	146.695
101.1	146.721
101.2	146.747
101.3	146.774
101.4	146.8
101.5	146.826
101.6	146.852
101.7	146.878
101.8	146.904
101.9	146.931
102	146.957
102.1	146.983
102.2	147.009
102.3	147.035
102.4	147.061
102.5	147.087
102.6	147.113
102.7	147.139
102.8	147.165
102.9	147.191
103	147.217
103.1	147.243
103.2	147.269
103.3	147.295
103.4	147.321
103.5	147.347
103.6	147.373
103.7	147.399
103.8	147.425
103.9	147.45
104	147.476
104.1	147.502
104.2	147.528
104.3	147.554
104.4	147.58
104.5	147.605
104.6	147.631
104.7	147.657
104.8	147.683
104.9	147.708
105	147.734
105.1	147.76
105.2	147.786
105.3	147.811
105.4	147.837
105.5	147.863
105.6	147.888
105.7	147.914
105.8	147.94
105.9	147.965
106	147.991
106.1	148.017
106.2	148.042
106.3	148.068
106.4	148.093
106.5	148.119
106.6	148.144
106.7	148.17
106.8	148.195
106.9	148.221
107	148.246
107.1	148.272
107.2	148.297
107.3	148.323
107.4	148.348
107.5	148.374
107.6	148.399
107.7	148.425
107.8	148.45
107.9	148.475
108	148.501
108.1	148.526
108.2	148.551
108.3	148.577
108.4	148.602
108.5	148.627
108.6	148.653
108.7	148.678
108.8	148.703
108.9	148.729
109	148.754
109.1	148.779
109.2	148.804
109.3	148.829
109.4	148.855
109.5	148.88
109.6	148.905
109.7	148.93
109.8	148.955
109.9	148.981
110	149.006
110.1	149.031
110.2	149.056
110.3	149.081
110.4	149.106
110.5	149.131
110.6	149.156
110.7	149.181
110.8	149.206
110.9	149.231
111	149.256
111.1	149.281
111.2	149.306
111.3	149.331
111.4	149.356
111.5	149.381
111.6	149.406
111.7	149.431
111.8	149.456
111.9	149.481
112	149.506
112.1	149.531
112.2	149.556
112.3	149.581
112.4	149.606
112.5	149.63
112.6	149.655
112.7	149.68
112.8	149.705
112.9	149.73
113	149.755
113.1	149.779
113.2	149.804
113.3	149.829
113.4	149.854
113.5	149.878
113.6	149.903
113.7	149.928
113.8	149.953
113.9	149.977
114	150.002
114.1	150.027
114.2	150.051
114.3	150.076
114.4	150.101
114.5	150.125
114.6	150.15
114.7	150.174
114.8	150.199
114.9	150.224
115	150.248
115.1	150.273
115.2	150.297
115.3	150.322
115.4	150.346
115.5	150.371
115.6	150.395
115.7	150.42
115.8	150.444
115.9	150.469
116	150.493
116.1	150.518
116.2	150.542
116.3	150.567
116.4	150.591
116.5	150.615
116.6	150.64
116.7	150.664
116.8	150.689
116.9	150.713
117	150.737
117.1	150.762
117.2	150.786
117.3	150.81
117.4	150.835
117.5	150.859
117.6	150.883
117.7	150.908
117.8	150.932
117.9	150.956
118	150.98
118.1	151.005
118.2	151.029
118.3	151.053
118.4	151.077
118.5	151.102
118.6	151.126
118.7	151.15
118.8	151.174
118.9	151.198
119	151.222
119.1	151.247
119.2	151.271
119.3	151.295
119.4	151.319
119.5	151.343
119.6	151.367
119.7	151.391
119.8	151.415
119.9	151.439
120	151.463
120.1	151.487
120.2	151.511
120.3	151.535
120.4	151.559
120.5	151.583
120.6	151.607
120.7	151.631
120.8	151.655
120.9	151.679
121	151.703
121.1	151.727
121.2	151.751
121.3	151.775
121.4	151.799
121.5	151.823
121.6	151.847
121.7	151.87
121.8	151.894
121.9	151.918
122	151.942
122.1	151.966
122.2	151.99
122.3	152.013
122.4	152.037
122.5	152.061
122.6	152.085
122.7	152.109
122.8	152.132
122.9	152.156
123	152.18
123.1	152.204
123.2	152.227
123.3	152.251
123.4	152.275
123.5	152.298
123.6	152.322
123.7	152.346
123.8	152.369
123.9	152.393
124	152.417
124.1	152.44
124.2	152.464
124.3	152.488
124.4	152.511
124.5	152.535
124.6	152.558
124.7	152.582
124.8	152.605
124.9	152.629
125	152.653
125.1	152.676
125.2	152.7
125.3	152.723
125.4	152.747
125.5	152.77
125.6	152.794
125.7	152.817
125.8	152.841
125.9	152.864
126	152.887
126.1	152.911
126.2	152.934
126.3	152.958
126.4	152.981
126.5	153.004
126.6	153.028
126.7	153.051
126.8	153.075
126.9	153.098
127	153.121
127.1	153.145
127.2	153.168
127.3	153.191
127.4	153.215
127.5	153.238
127.6	153.261
127.7	153.284
127.8	153.308
127.9	153.331
128	153.354
128.1	153.377
128.2	153.401
128.3	153.424
128.4	153.447
128.5	153.47
128.6	153.494
128.7	153.517
128.8	153.54
128.9	153.563
129	153.586
129.1	153.609
129.2	153.633
129.3	153.656
129.4	153.679
129.5	153.702
129.6	153.725
129.7	153.748
129.8	153.771
129.9	153.794
130	153.817
130.1	153.84
130.2	153.863
130.3	153.886
130.4	153.909
130.5	153.932
130.6	153.955
130.7	153.978
130.8	154.001
130.9	154.024
131	154.047
131.1	154.07
131.2	154.093
131.3	154.116
131.4	154.139
131.5	154.162
131.6	154.185
131.7	154.208
131.8	154.231
131.9	154.254
132	154.277
132.1	154.3
132.2	154.322
132.3	154.345
132.4	154.368
132.5	154.391
132.6	154.414
132.7	154.437
132.8	154.459
132.9	154.482
133	154.505
133.1	154.528
133.2	154.55
133.3	154.573
133.4	154.596
133.5	154.619
133.6	154.641
133.7	154.664
133.8	154.687
133.9	154.71
134	154.732
134.1	154.755
134.2	154.778
134.3	154.8
134.4	154.823
134.5	154.846
134.6	154.868
134.7	154.891
134.8	154.914
134.9	154.936
135	154.959
135.1	154.981
135.2	155.004
135.3	155.027
135.4	155.049
135.5	155.072
135.6	155.094
135.7	155.117
135.8	155.139
135.9	155.162
136	155.184
136.1	155.207
136.2	155.229
136.3	155.252
136.4	155.274
136.5	155.297
136.6	155.319
136.7	155.342
136.8	155.364
136.9	155.387
137	155.409
137.1	155.432
137.2	155.454
137.3	155.476
137.4	155.499
137.5	155.521
137.6	155.544
137.7	155.566
137.8	155.588
137.9	155.611
138	155.633
138.1	155.655
138.2	155.678
138.3	155.7
138.4	155.722
138.5	155.745
138.6	155.767
138.7	155.789
138.8	155.812
138.9	155.834
139	155.856
139.1	155.878
139.2	155.901
139.3	155.923
139.4	155.945
139.5	155.967
139.6	155.99
139.7	156.012
139.8	156.034
139.9	156.056
140	156.078
140.1	156.101
140.2	156.123
140.3	156.145
140.4	156.167
140.5	156.189
140.6	156.211
140.7	156.233
140.8	156.255
140.9	156.278
141	156.3
141.1	156.322
141.2	156.344
141.3	156.366
141.4	156.388
141.5	156.41
141.6	156.432
141.7	156.454
141.8	156.476
141.9	156.498
142	156.52
142.1	156.542
142.2	156.564
142.3	156.586
142.4	156.608
142.5	156.63
142.6	156.652
142.7	156.674
142.8	156.696
142.9	156.718
143	156.74
143.1	156.762
143.2	156.784
143.3	156.806
143.4	156.828
143.5	156.849
143.6	156.871
143.7	156.893
143.8	156.915
143.9	156.937
144	156.959
144.1	156.981
144.2	157.002
144.3	157.024
144.4	157.046
144.5	157.068
144.6	157.09
144.7	157.111
144.8	157.133
144.9	157.155
145	157.177
145.1	157.199
145.2	157.22
145.3	157.242
145.4	157.264
145.5	157.286
145.6	157.307
145.7	157.329
145.8	157.351
145.9	157.372
146	157.394
146.1	157.416
146.2	157.437
146.3	157.459
146.4	157.481
146.5	157.502
146.6	157.524
146.7	157.546
146.8	157.567
146.9	157.589
147	157.611
147.1	157.632
147.2	157.654
147.3	157.675
147.4	157.697
147.5	157.719
147.6	157.74
147.7	157.762
147.8	157.783
147.9	157.805
148	157.826
148.1	157.848
148.2	157.869
148.3	157.891
148.4	157.912
148.5	157.934
148.6	157.955
148.7	157.977
148.8	157.998
148.9	158.02
149	158.041
149.1	158.063
149.2	158.084
149.3	158.105
149.4	158.127
149.5	158.148
149.6	158.17
149.7	158.191
149.8	158.213
149.9	158.234
150	158.255
150.1	158.277
150.2	158.298
150.3	158.319
150.4	158.341
150.5	158.362
150.6	158.383
150.7	158.405
150.8	158.426
150.9	158.447
151	158.469
151.1	158.49
151.2	158.511
151.3	158.533
151.4	158.554
151.5	158.575
151.6	158.596
151.7	158.618
151.8	158.639
151.9	158.66
152	158.681
152.1	158.703
152.2	158.724
152.3	158.745
152.4	158.766
152.5	158.787
152.6	158.809
152.7	158.83
152.8	158.851
152.9	158.872
153	158.893
153.1	158.914
153.2	158.935
153.3	158.957
153.4	158.978
153.5	158.999
153.6	159.02
153.7	159.041
153.8	159.062
153.9	159.083
154	159.104
154.1	159.125
154.2	159.146
154.3	159.167
154.4	159.189
154.5	159.21
154.6	159.231
154.7	159.252
154.8	159.273
154.9	159.294
155	159.315
155.1	159.336
155.2	159.357
155.3	159.378
155.4	159.399
155.5	159.42
155.6	159.441
155.7	159.462
155.8	159.482
155.9	159.503
156	159.524
156.1	159.545
156.2	159.566
156.3	159.587
156.4	159.608
156.5	159.629
156.6	159.65
156.7	159.671
156.8	159.692
156.9	159.712
157	159.733
157.1	159.754
157.2	159.775
157.3	159.796
157.4	159.817
157.5	159.837
157.6	159.858
157.7	159.879
157.8	159.9
157.9	159.921
158	159.942
158.1	159.962
158.2	159.983
158.3	160.004
158.4	160.025
158.5	160.045
158.6	160.066
158.7	160.087
158.8	160.108
158.9	160.128
159	160.149
159.1	160.17
159.2	160.19
159.3	160.211
159.4	160.232
159.5	160.253
159.6	160.273
159.7	160.294
159.8	160.315
159.9	160.335
160	160.356
160.1	160.376
160.2	160.397
160.3	160.418
160.4	160.438
160.5	160.459
160.6	160.48
160.7	160.5
160.8	160.521
160.9	160.541
161	160.562
161.1	160.583
161.2	160.603
161.3	160.624
161.4	160.644
161.5	160.665
161.6	160.685
161.7	160.706
161.8	160.726
161.9	160.747
162	160.767
162.1	160.788
162.2	160.808
162.3	160.829
162.4	160.849
162.5	160.87
162.6	160.89
162.7	160.911
162.8	160.931
162.9	160.952
163	160.972
163.1	160.993
163.2	161.013
163.3	161.033
163.4	161.054
163.5	161.074
163.6	161.095
163.7	161.115
163.8	161.135
163.9	161.156
164	161.176
164.1	161.197
164.2	161.217
164.3	161.237
164.4	161.258
164.5	161.278
164.6	161.298
164.7	161.319
164.8	161.339
164.9	161.359
165	161.38
165.1	161.4
165.2	161.42
165.3	161.44
165.4	161.461
165.5	161.481
165.6	161.501
165.7	161.522
165.8	161.542
165.9	161.562
166	161.582
166.1	161.602
166.2	161.623
166.3	161.643
166.4	161.663
166.5	161.683
166.6	161.704
166.7	161.724
166.8	161.744
166.9	161.764
167	161.784
167.1	161.804
167.2	161.825
167.3	161.845
167.4	161.865
167.5	161.885
167.6	161.905
167.7	161.925
167.8	161.945
167.9	161.966
168	161.986
168.1	162.006
168.2	162.026
168.3	162.046
168.4	162.066
168.5	162.086
168.6	162.106
168.7	162.126
168.8	162.146
168.9	162.166
169	162.186
169.1	162.206
169.2	162.226
169.3	162.247
169.4	162.267
169.5	162.287
169.6	162.307
169.7	162.327
169.8	162.347
169.9	162.367
170	162.387
170.1	162.406
170.2	162.426
170.3	162.446
170.4	162.466
170.5	162.486
170.6	162.506
170.7	162.526
170.8	162.546
170.9	162.566
171	162.586
171.1	162.606
171.2	162.626
171.3	162.646
171.4	162.666
171.5	162.685
171.6	162.705
171.7	162.725
171.8	162.745
171.9	162.765
172	162.785
172.1	162.805
172.2	162.824
172.3	162.844
172.4	162.864
172.5	162.884
172.6	162.904
172.7	162.924
172.8	162.943
172.9	162.963
173	162.983
173.1	163.003
173.2	163.023
173.3	163.042
173.4	163.062
173.5	163.082
173.6	163.102
173.7	163.121
173.8	163.141
173.9	163.161
174	163.181
174.1	163.2
174.2	163.22
174.3	163.24
174.4	163.259
174.5	163.279
174.6	163.299
174.7	163.318
174.8	163.338
174.9	163.358
175	163.377
175.1	163.397
175.2	163.417
175.3	163.436
175.4	163.456
175.5	163.476
175.6	163.495
175.7	163.515
175.8	163.535
175.9	163.554
176	163.574
176.1	163.593
176.2	163.613
176.3	163.633
176.4	163.652
176.5	163.672
176.6	163.691
176.7	163.711
176.8	163.73
176.9	163.75
177	163.77
177.1	163.789
177.2	163.809
177.3	163.828
177.4	163.848
177.5	163.867
177.6	163.887
177.7	163.906
177.8	163.926
177.9	163.945
178	163.965
178.1	163.984
178.2	164.004
178.3	164.023
178.4	164.043
178.5	164.062
178.6	164.081
178.7	164.101
178.8	164.12
178.9	164.14
179	164.159
179.1	164.179
179.2	164.198
179.3	164.217
179.4	164.237
179.5	164.256
179.6	164.276
179.7	164.295
179.8	164.314
179.9	164.334
180	164.353
180.1	164.372
180.2	164.392
180.3	164.411
180.4	164.43
180.5	164.45
180.6	164.469
180.7	164.488
180.8	164.508
180.9	164.527
181	164.546
181.1	164.566
181.2	164.585
181.3	164.604
181.4	164.624
181.5	164.643
181.6	164.662
181.7	164.681
181.8	164.701
181.9	164.72
182	164.739
182.1	164.758
182.2	164.778
182.3	164.797
182.4	164.816
182.5	164.835
182.6	164.854
182.7	164.874
182.8	164.893
182.9	164.912
183	164.931
183.1	164.95
183.2	164.97
183.3	164.989
183.4	165.008
183.5	165.027
183.6	165.046
183.7	165.065
183.8	165.085
183.9	165.104
184	165.123
184.1	165.142
184.2	165.161
184.3	165.18
184.4	165.199
184.5	165.218
184.6	165.238
184.7	165.257
184.8	165.276
184.9	165.295
185	165.314
185.1	165.333
185.2	165.352
185.3	165.371
185.4	165.39
185.5	165.409
185.6	165.428
185.7	165.447
185.8	165.466
185.9	165.485
186	165.504
186.1	165.523
186.2	165.542
186.3	165.561
186.4	165.58
186.5	165.599
186.6	165.618
186.7	165.637
186.8	165.656
186.9	165.675
187	165.694
187.1	165.713
187.2	165.732
187.3	165.751
187.4	165.77
187.5	165.789
187.6	165.808
187.7	165.827
187.8	165.846
187.9	165.865
188	165.883
188.1	165.902
188.2	165.921
188.3	165.94
188.4	165.959
188.5	165.978
188.6	165.997
188.7	166.016
188.8	166.035
188.9	166.053
189	166.072
189.1	166.091
189.2	166.11
189.3	166.129
189.4	166.148
189.5	166.166
189.6	166.185
189.7	166.204
189.8	166.223
189.9	166.242
190	166.26
190.1	166.279
190.2	166.298
190.3	166.317
190.4	166.336
190.5	166.354
190.6	166.373
190.7	166.392
190.8	166.411
190.9	166.429
191	166.448
191.1	166.467
191.2	166.486
191.3	166.504
191.4	166.523
191.5	166.542
191.6	166.56
191.7	166.579
191.8	166.598
191.9	166.617
192	166.635
192.1	166.654
192.2	166.673
192.3	166.691
192.4	166.71
192.5	166.729
192.6	166.747
192.7	166.766
192.8	166.785
192.9	166.803
193	166.822
193.1	166.84
193.2	166.859
193.3	166.878
193.4	166.896
193.5	166.915
193.6	166.933
193.7	166.952
193.8	166.971
193.9	166.989
194	167.008
194.1	167.026
194.2	167.045
194.3	167.064
194.4	167.082
194.5	167.101
194.6	167.119
194.7	167.138
194.8	167.156
194.9	167.175
195	167.193
195.1	167.212
195.2	167.23
195.3	167.249
195.4	167.267
195.5	167.286
195.6	167.304
195.7	167.323
195.8	167.341
195.9	167.36
196	167.378
196.1	167.397
196.2	167.415
196.3	167.434
196.4	167.452
196.5	167.471
196.6	167.489
196.7	167.507
196.8	167.526
196.9	167.544
197	167.563
197.1	167.581
197.2	167.6
197.3	167.618
197.4	167.636
197.5	167.655
197.6	167.673
197.7	167.692
197.8	167.71
197.9	167.728
198	167.747
198.1	167.765
198.2	167.783
198.3	167.802
198.4	167.82
198.5	167.838
198.6	167.857
198.7	167.875
198.8	167.894
198.9	167.912
199	167.93
199.1	167.948
199.2	167.967
199.3	167.985
199.4	168.003
199.5	168.022
199.6	168.04
199.7	168.058
199.8	168.077
199.9	168.095
200	168.113
200.1	168.131
200.2	168.15
200.3	168.168
200.4	168.186
200.5	168.204
200.6	168.223
200.7	168.241
200.8	168.259
200.9	168.277
201	168.295
201.1	168.314
201.2	168.332
201.3	168.35
201.4	168.368
201.5	168.386
201.6	168.405
201.7	168.423
201.8	168.441
201.9	168.459
202	168.477
202.1	168.496
202.2	168.514
202.3	168.532
202.4	168.55
202.5	168.568
202.6	168.586
202.7	168.604
202.8	168.623
202.9	168.641
203	168.659
203.1	168.677
203.2	168.695
203.3	168.713
203.4	168.731
203.5	168.749
203.6	168.767
203.7	168.785
203.8	168.804
203.9	168.822
204	168.84
204.1	168.858
204.2	168.876
204.3	168.894
204.4	168.912
204.5	168.93
204.6	168.948
204.7	168.966
204.8	168.984
204.9	169.002
205	169.02
205.1	169.038
205.2	169.056
205.3	169.074
205.4	169.092
205.5	169.11
205.6	169.128
205.7	169.146
205.8	169.164
205.9	169.182
206	169.2
206.1	169.218
206.2	169.236
206.3	169.254
206.4	169.272
206.5	169.29
206.6	169.308
206.7	169.326
206.8	169.344
206.9	169.361
207	169.379
207.1	169.397
207.2	169.415
207.3	169.433
207.4	169.451
207.5	169.469
207.6	169.487
207.7	169.505
207.8	169.523
207.9	169.54
208	169.558
208.1	169.576
208.2	169.594
208.3	169.612
208.4	169.63
208.5	169.648
208.6	169.665
208.7	169.683
208.8	169.701
208.9	169.719
209	169.737
209.1	169.755
209.2	169.772
209.3	169.79
209.4	169.808
209.5	169.826
209.6	169.844
209.7	169.861
209.8	169.879
209.9	169.897
210	169.915
210.1	169.933
210.2	169.95
210.3	169.968
210.4	169.986
210.5	170.004
210.6	170.021
210.7	170.039
210.8	170.057
210.9	170.075
211	170.092
211.1	170.11
211.2	170.128
211.3	170.145
211.4	170.163
211.5	170.181
211.6	170.199
211.7	170.216
211.8	170.234
211.9	170.252
212	170.269
212.1	170.287
212.2	170.305
212.3	170.322
212.4	170.34
212.5	170.358
212.6	170.375
212.7	170.393
212.8	170.411
212.9	170.428
213	170.446
213.1	170.464
213.2	170.481
213.3	170.499
213.4	170.516
213.5	170.534
213.6	170.552
213.7	170.569
213.8	170.587
213.9	170.604
214	170.622
214.1	170.64
214.2	170.657
214.3	170.675
214.4	170.692
214.5	170.71
214.6	170.727
214.7	170.745
214.8	170.763
214.9	170.78
215	170.798
215.1	170.815
215.2	170.833
215.3	170.85
215.4	170.868
215.5	170.885
215.6	170.903
215.7	170.92
215.8	170.938
215.9	170.955
216	170.973
216.1	170.99
216.2	171.008
216.3	171.025
216.4	171.043
216.5	171.06
216.6	171.078
216.7	171.095
216.8	171.113
216.9	171.13
217	171.148
217.1	171.165
217.2	171.183
217.3	171.2
217.4	171.217
217.5	171.235
217.6	171.252
217.7	171.27
217.8	171.287
217.9	171.305
218	171.322
218.1	171.339
218.2	171.357
218.3	171.374
218.4	171.392
218.5	171.409
218.6	171.426
218.7	171.444
218.8	171.461
218.9	171.478
219	171.496
219.1	171.513
219.2	171.53
219.3	171.548
219.4	171.565
219.5	171.582
219.6	171.6
219.7	171.617
219.8	171.634
219.9	171.652
220	171.669
220.1	171.686
220.2	171.704
220.3	171.721
220.4	171.738
220.5	171.756
220.6	171.773
220.7	171.79
220.8	171.808
220.9	171.825
221	171.842
221.1	171.859
221.2	171.877
221.3	171.894
221.4	171.911
221.5	171.928
221.6	171.946
221.7	171.963
221.8	171.98
221.9	171.997
222	172.015
222.1	172.032
222.2	172.049
222.3	172.066
222.4	172.083
222.5	172.101
222.6	172.118
222.7	172.135
222.8	172.152
222.9	172.169
223	172.187
223.1	172.204
223.2	172.221
223.3	172.238
223.4	172.255
223.5	172.273
223.6	172.29
223.7	172.307
223.8	172.324
223.9	172.341
224	172.358
224.1	172.375
224.2	172.393
224.3	172.41
224.4	172.427
224.5	172.444
224.6	172.461
224.7	172.478
224.8	172.495
224.9	172.512
225	172.53
225.1	172.547
225.2	172.564
225.3	172.581
225.4	172.598
225.5	172.615
225.6	172.632
225.7	172.649
225.8	172.666
225.9	172.683
226	172.7
226.1	172.717
226.2	172.734
226.3	172.751
226.4	172.768
226.5	172.786
226.6	172.803
226.7	172.82
226.8	172.837
226.9	172.854
227	172.871
227.1	172.888
227.2	172.905
227.3	172.922
227.4	172.939
227.5	172.956
227.6	172.973
227.7	172.99
227.8	173.007
227.9	173.024
228	173.041
228.1	173.058
228.2	173.074
228.3	173.091
228.4	173.108
228.5	173.125
228.6	173.142
228.7	173.159
228.8	173.176
228.9	173.193
229	173.21
229.1	173.227
229.2	173.244
229.3	173.261
229.4	173.278
229.5	173.295
229.6	173.312
229.7	173.328
229.8	173.345
229.9	173.362
230	173.379
230.1	173.396
230.2	173.413
230.3	173.43
230.4	173.447
230.5	173.464
230.6	173.48
230.7	173.497
230.8	173.514
230.9	173.531
231	173.548
231.1	173.565
231.2	173.582
231.3	173.598
231.4	173.615
231.5	173.632
231.6	173.649
231.7	173.666
231.8	173.682
231.9	173.699
232	173.716
232.1	173.733
232.2	173.75
232.3	173.766
232.4	173.783
232.5	173.8
232.6	173.817
232.7	173.834
232.8	173.85
232.9	173.867
233	173.884
233.1	173.901
233.2	173.917
233.3	173.934
233.4	173.951
233.5	173.968
233.6	173.984
233.7	174.001
233.8	174.018
233.9	174.035
234	174.051
234.1	174.068
234.2	174.085
234.3	174.102
234.4	174.118
234.5	174.135
234.6	174.152
234.7	174.168
234.8	174.185
234.9	174.202
235	174.218
235.1	174.235
235.2	174.252
235.3	174.268
235.4	174.285
235.5	174.302
235.6	174.318
235.7	174.335
235.8	174.352
235.9	174.368
236	174.385
236.1	174.402
236.2	174.418
236.3	174.435
236.4	174.452
236.5	174.468
236.6	174.485
236.7	174.501
236.8	174.518
236.9	174.535
237	174.551
237.1	174.568
237.2	174.585
237.3	174.601
237.4	174.618
237.5	174.634
237.6	174.651
237.7	174.667
237.8	174.684
237.9	174.701
238	174.717
238.1	174.734
238.2	174.75
238.3	174.767
238.4	174.783
238.5	174.8
238.6	174.816
238.7	174.833
238.8	174.85
238.9	174.866
239	174.883
239.1	174.899
239.2	174.916
239.3	174.932
239.4	174.949
239.5	174.965
239.6	174.982
239.7	174.998
239.8	175.015
239.9	175.031
240	175.048
240.1	175.064
240.2	175.081
240.3	175.097
240.4	175.114
240.5	175.13
240.6	175.146
240.7	175.163
240.8	175.179
240.9	175.196
241	175.212
241.1	175.229
241.2	175.245
241.3	175.262
241.4	175.278
241.5	175.294
241.6	175.311
241.7	175.327
241.8	175.344
241.9	175.36
242	175.377
242.1	175.393
242.2	175.409
242.3	175.426
242.4	175.442
242.5	175.459
242.6	175.475
242.7	175.491
242.8	175.508
242.9	175.524
243	175.54
243.1	175.557
243.2	175.573
243.3	175.59
243.4	175.606
243.5	175.622
243.6	175.639
243.7	175.655
243.8	175.671
243.9	175.688
244	175.704
244.1	175.72
244.2	175.737
244.3	175.753
244.4	175.769
244.5	175.786
244.6	175.802
244.7	175.818
244.8	175.835
244.9	175.851
245	175.867
245.1	175.883
245.2	175.9
245.3	175.916
245.4	175.932
245.5	175.949
245.6	175.965
245.7	175.981
245.8	175.997
245.9	176.014
246	176.03
246.1	176.046
246.2	176.062
246.3	176.079
246.4	176.095
246.5	176.111
246.6	176.127
246.7	176.144
246.8	176.16
246.9	176.176
247	176.192
247.1	176.208
247.2	176.225
247.3	176.241
247.4	176.257
247.5	176.273
247.6	176.289
247.7	176.306
247.8	176.322
247.9	176.338
248	176.354
248.1	176.37
248.2	176.387
248.3	176.403
248.4	176.419
248.5	176.435
248.6	176.451
248.7	176.467
248.8	176.484
248.9	176.5
249	176.516
249.1	176.532
249.2	176.548
249.3	176.564
249.4	176.58
249.5	176.597
249.6	176.613
249.7	176.629
249.8	176.645
249.9	176.661
250	176.677
250.1	176.693
250.2	176.709
250.3	176.725
250.4	176.742
250.5	176.758
250.6	176.774
250.7	176.79
250.8	176.806
250.9	176.822
251	176.838
251.1	176.854
251.2	176.87
251.3	176.886
251.4	176.902
251.5	176.918
251.6	176.934
251.7	176.95
251.8	176.966
251.9	176.982
252	176.999
252.1	177.015
252.2	177.031
252.3	177.047
252.4	177.063
252.5	177.079
252.6	177.095
252.7	177.111
252.8	177.127
252.9	177.143
253	177.159
253.1	177.175
253.2	177.191
253.3	177.207
253.4	177.223
253.5	177.239
253.6	177.255
253.7	177.271
253.8	177.287
253.9	177.303
254	177.318
254.1	177.334
254.2	177.35
254.3	177.366
254.4	177.382
254.5	177.398
254.6	177.414
254.7	177.43
254.8	177.446
254.9	177.462
255	177.478
255.1	177.494
255.2	177.51
255.3	177.526
255.4	177.542
255.5	177.558
255.6	177.573
255.7	177.589
255.8	177.605
255.9	177.621
256	177.637
256.1	177.653
256.2	177.669
256.3	177.685
256.4	177.701
256.5	177.716
256.6	177.732
256.7	177.748
256.8	177.764
256.9	177.78
257	177.796
257.1	177.812
257.2	177.827
257.3	177.843
257.4	177.859
257.5	177.875
257.6	177.891
257.7	177.907
257.8	177.922
257.9	177.938
258	177.954
258.1	177.97
258.2	177.986
258.3	178.002
258.4	178.017
258.5	178.033
258.6	178.049
258.7	178.065
258.8	178.081
258.9	178.096
259	178.112
259.1	178.128
259.2	178.144
259.3	178.159
259.4	178.175
259.5	178.191
259.6	178.207
259.7	178.223
259.8	178.238
259.9	178.254
260	178.27
260.1	178.286
260.2	178.301
260.3	178.317
260.4	178.333
260.5	178.349
260.6	178.364
260.7	178.38
260.8	178.396
260.9	178.411
261	178.427
261.1	178.443
261.2	178.459
261.3	178.474
261.4	178.49
261.5	178.506
261.6	178.521
261.7	178.537
261.8	178.553
261.9	178.568
262	178.584
262.1	178.6
262.2	178.615
262.3	178.631
262.4	178.647
262.5	178.662
262.6	178.678
262.7	178.694
262.8	178.709
262.9	178.725
263	178.741
263.1	178.756
263.2	178.772
263.3	178.788
263.4	178.803
263.5	178.819
263.6	178.835
263.7	178.85
263.8	178.866
263.9	178.881
264	178.897
264.1	178.913
264.2	178.928
264.3	178.944
264.4	178.96
264.5	178.975
264.6	178.991
264.7	179.006
264.8	179.022
264.9	179.037
265	179.053
265.1	179.069
265.2	179.084
265.3	179.1
265.4	179.115
265.5	179.131
265.6	179.146
265.7	179.162
265.8	179.178
265.9	179.193
266	179.209
266.1	179.224
266.2	179.24
266.3	179.255
266.4	179.271
266.5	179.286
266.6	179.302
266.7	179.317
266.8	179.333
266.9	179.348
267	179.364
267.1	179.379
267.2	179.395
267.3	179.41
267.4	179.426
267.5	179.441
267.6	179.457
267.7	179.472
267.8	179.488
267.9	179.503
268	179.519
268.1	179.534
268.2	179.55
268.3	179.565
268.4	179.581
268.5	179.596
268.6	179.612
268.7	179.627
268.8	179.643
268.9	179.658
269	179.674
269.1	179.689
269.2	179.704
269.3	179.72
269.4	179.735
269.5	179.751
269.6	179.766
269.7	179.782
269.8	179.797
269.9	179.812
270	179.828
270.1	179.843
270.2	179.859
270.3	179.874
270.4	179.889
270.5	179.905
270.6	179.92
270.7	179.936
270.8	179.951
270.9	179.966
271	179.982
271.1	179.997
271.2	180.013
271.3	180.028
271.4	180.043
271.5	180.059
271.6	180.074
271.7	180.089
271.8	180.105
271.9	180.12
272	180.135
272.1	180.151
272.2	180.166
272.3	180.181
272.4	180.197
272.5	180.212
272.6	180.227
272.7	180.243
272.8	180.258
272.9	180.273
273	180.289
273.1	180.304
273.2	180.319
273.3	180.335
273.4	180.35
273.5	180.365
273.6	180.381
273.7	180.396
273.8	180.411
273.9	180.426
274	180.442
274.1	180.457
274.2	180.472
274.3	180.488
274.4	180.503
274.5	180.518
274.6	180.533
274.7	180.549
274.8	180.564
274.9	180.579
275	180.594
275.1	180.61
275.2	180.625
275.3	180.64
275.4	180.655
275.5	180.671
275.6	180.686
275.7	180.701
275.8	180.716
275.9	180.732
276	180.747
276.1	180.762
276.2	180.777
276.3	180.792
276.4	180.808
276.5	180.823
276.6	180.838
276.7	180.853
276.8	180.868
276.9	180.884
277	180.899
277.1	180.914
277.2	180.929
277.3	180.944
277.4	180.96
277.5	180.975
277.6	180.99
277.7	181.005
277.8	181.02
277.9	181.035
278	181.051
278.1	181.066
278.2	181.081
278.3	181.096
278.4	181.111
278.5	181.126
278.6	181.141
278.7	181.157
278.8	181.172
278.9	181.187
279	181.202
279.1	181.217
279.2	181.232
279.3	181.247
279.4	181.262
279.5	181.278
279.6	181.293
279.7	181.308
279.8	181.323
279.9	181.338
280	181.353
280.1	181.368
280.2	181.383
280.3	181.398
280.4	181.413
280.5	181.428
280.6	181.444
280.7	181.459
280.8	181.474
280.9	181.489
281	181.504
281.1	181.519
281.2	181.534
281.3	181.549
281.4	181.564
281.5	181.579
281.6	181.594
281.7	181.609
281.8	181.624
281.9	181.639
282	181.654
282.1	181.669
282.2	181.684
282.3	181.699
282.4	181.714
282.5	181.729
282.6	181.744
282.7	181.759
282.8	181.774
282.9	181.789
283	181.804
283.1	181.819
283.2	181.834
283.3	181.849
283.4	181.864
283.5	181.879
283.6	181.894
283.7	181.909
283.8	181.924
283.9	181.939
284	181.954
284.1	181.969
284.2	181.984
284.3	181.999
284.4	182.014
284.5	182.029
284.6	182.044
284.7	182.059
284.8	182.074
284.9	182.089
285	182.104
285.1	182.119
285.2	182.134
285.3	182.149
285.4	182.164
285.5	182.179
285.6	182.194
285.7	182.208
285.8	182.223
285.9	182.238
286	182.253
286.1	182.268
286.2	182.283
286.3	182.298
286.4	182.313
286.5	182.328
286.6	182.343
286.7	182.357
286.8	182.372
286.9	182.387
287	182.402
287.1	182.417
287.2	182.432
287.3	182.447
287.4	182.462
287.5	182.476
287.6	182.491
287.7	182.506
287.8	182.521
287.9	182.536
288	182.551
288.1	182.566
288.2	182.58
288.3	182.595
288.4	182.61
288.5	182.625
288.6	182.64
288.7	182.655
288.8	182.669
288.9	182.684
289	182.699
289.1	182.714
289.2	182.729
289.3	182.744
289.4	182.758
289.5	182.773
289.6	182.788
289.7	182.803
289.8	182.818
289.9	182.832
290	182.847
290.1	182.862
290.2	182.877
290.3	182.892
290.4	182.906
290.5	182.921
290.6	182.936
290.7	182.951
290.8	182.965
290.9	182.98
291	182.995
291.1	183.01
291.2	183.024
291.3	183.039
291.4	183.054
291.5	183.069
291.6	183.083
291.7	183.098
291.8	183.113
291.9	183.128
292	183.142
292.1	183.157
292.2	183.172
292.3	183.187
292.4	183.201
292.5	183.216
292.6	183.231
292.7	183.246
292.8	183.26
292.9	183.275
293	183.29
293.1	183.304
293.2	183.319
293.3	183.334
293.4	183.348
293.5	183.363
293.6	183.378
293.7	183.392
293.8	183.407
293.9	183.422
294	183.437
294.1	183.451
294.2	183.466
294.3	183.481
294.4	183.495
294.5	183.51
294.6	183.525
294.7	183.539
294.8	183.554
294.9	183.568
295	183.583
295.1	183.598
295.2	183.612
295.3	183.627
295.4	183.642
295.5	183.656
295.6	183.671
295.7	183.686
295.8	183.7
295.9	183.715
296	183.729
296.1	183.744
296.2	183.759
296.3	183.773
296.4	183.788
296.5	183.802
296.6	183.817
296.7	183.832
296.8	183.846
296.9	183.861
297	183.875
297.1	183.89
297.2	183.905
297.3	183.919
297.4	183.934
297.5	183.948
297.6	183.963
297.7	183.978
297.8	183.992
297.9	184.007
298	184.021
298.1	184.036
298.2	184.05
298.3	184.065
298.4	184.079
298.5	184.094
298.6	184.109
298.7	184.123
298.8	184.138
298.9	184.152
299	184.167
299.1	184.181
299.2	184.196
299.3	184.21
299.4	184.225
299.5	184.239
299.6	184.254
299.7	184.268
299.8	184.283
299.9	184.297
300	184.312
