W	Pred
1.5	123.027
1.6	122.363
1.7	121.764
1.8	121.219
1.9	120.723
2	120.269
2.1	119.853
2.2	119.47
2.3	119.117
2.4	118.79
2.5	118.489
2.6	118.209
2.7	117.949
2.8	117.707
2.9	117.482
3	117.273
3.1	117.077
3.2	116.895
3.3	116.724
3.4	116.565
3.5	116.416
3.6	116.277
3.7	116.146
3.8	116.024
3.9	115.91
4	115.803
4.1	115.703
4.2	115.61
4.3	115.523
4.4	115.441
4.5	115.365
4.6	115.294
4.7	115.227
4.8	115.166
4.9	115.108
5	115.055
5.1	115.006
5.2	114.96
5.3	114.917
5.4	114.879
5.5	114.843
5.6	114.81
5.7	114.78
5.8	114.753
5.9	114.729
6	114.707
6.1	114.687
6.2	114.67
6.3	114.654
6.4	114.641
6.5	114.63
6.6	114.621
6.7	114.614
6.8	114.608
6.9	114.604
7	114.602
7.1	114.602
7.2	114.602
7.3	114.605
7.4	114.608
7.5	114.614
7.6	114.62
7.7	114.627
7.8	114.636
7.9	114.646
8	114.657
8.1	114.669
8.2	114.682
8.3	114.696
8.4	114.711
8.5	114.727
8.6	114.744
8.7	114.762
8.8	114.78
8.9	114.8
9	114.82
9.1	114.841
9.2	114.862
9.3	114.885
9.4	114.908
9.5	114.931
9.6	114.956
9.7	114.981
9.8	115.006
9.9	115.032
10	115.059
10.1	115.086
10.2	115.114
10.3	115.142
10.4	115.171
10.5	115.2
10.6	115.229
10.7	115.259
10.8	115.29
10.9	115.321
11	115.352
11.1	115.384
11.2	115.416
11.3	115.449
11.4	115.482
11.5	115.515
11.6	115.548
11.7	115.582
11.8	115.616
11.9	115.651
12	115.686
12.1	115.721
12.2	115.756
12.3	115.792
12.4	115.828
12.5	115.864
12.6	115.901
12.7	115.937
12.8	115.974
12.9	116.011
13	116.049
13.1	116.086
13.2	116.124
13.3	116.162
13.4	116.2
13.5	116.239
13.6	116.277
13.7	116.316
13.8	116.355
13.9	116.394
14	116.434
14.1	116.473
14.2	116.513
14.3	116.553
14.4	116.593
14.5	116.633
14.6	116.673
14.7	116.713
14.8	116.754
14.9	116.794
15	116.835
15.1	116.876
15.2	116.917
15.3	116.958
15.4	116.999
15.5	117.041
15.6	117.082
15.7	117.123
15.8	117.165
15.9	117.207
16	117.249
16.1	117.29
16.2	117.332
16.3	117.375
16.4	117.417
16.5	117.459
16.6	117.501
16.7	117.544
16.8	117.586
16.9	117.628
17	117.671
17.1	117.714
17.2	117.756
17.3	117.799
17.4	117.842
17.5	117.885
17.6	117.928
17.7	117.971
17.8	118.014
17.9	118.057
18	118.1
18.1	118.143
18.2	118.186
18.3	118.23
18.4	118.273
18.5	118.316
18.6	118.36
18.7	118.403
18.8	118.446
18.9	118.49
19	118.533
19.1	118.577
19.2	118.621
19.3	118.664
19.4	118.708
19.5	118.751
19.6	118.795
19.7	118.839
19.8	118.882
19.9	118.926
20	118.97
20.1	119.014
20.2	119.057
20.3	119.101
20.4	119.145
20.5	119.189
20.6	119.233
20.7	119.277
20.8	119.32
20.9	119.364
21	119.408
21.1	119.452
21.2	119.496
21.3	119.54
21.4	119.584
21.5	119.628
21.6	119.671
21.7	119.715
21.8	119.759
21.9	119.803
22	119.847
22.1	119.891
22.2	119.935
22.3	119.979
22.4	120.023
22.5	120.067
22.6	120.111
22.7	120.154
22.8	120.198
22.9	120.242
23	120.286
23.1	120.33
23.2	120.374
23.3	120.418
23.4	120.462
23.5	120.506
23.6	120.549
23.7	120.593
23.8	120.637
23.9	120.681
24	120.725
24.1	120.768
24.2	120.812
24.3	120.856
24.4	120.9
24.5	120.944
24.6	120.987
24.7	121.031
24.8	121.075
24.9	121.118
25	121.162
25.1	121.206
25.2	121.249
25.3	121.293
25.4	121.337
25.5	121.38
25.6	121.424
25.7	121.467
25.8	121.511
25.9	121.554
26	121.598
26.1	121.641
26.2	121.685
26.3	121.728
26.4	121.772
26.5	121.815
26.6	121.859
26.7	121.902
26.8	121.945
26.9	121.989
27	122.032
27.1	122.075
27.2	122.119
27.3	122.162
27.4	122.205
27.5	122.248
27.6	122.291
27.7	122.335
27.8	122.378
27.9	122.421
28	122.464
28.1	122.507
28.2	122.55
28.3	122.593
28.4	122.636
28.5	122.679
28.6	122.722
28.7	122.765
28.8	122.808
28.9	122.851
29	122.894
29.1	122.937
29.2	122.979
29.3	123.022
29.4	123.065
29.5	123.108
29.6	123.15
29.7	123.193
29.8	123.236
29.9	123.278
30	123.321
30.1	123.364
30.2	123.406
30.3	123.449
30.4	123.491
30.5	123.534
30.6	123.576
30.7	123.619
30.8	123.661
30.9	123.703
31	123.746
31.1	123.788
31.2	123.83
31.3	123.873
31.4	123.915
31.5	123.957
31.6	123.999
31.7	124.041
31.8	124.083
31.9	124.126
32	124.168
32.1	124.21
32.2	124.252
32.3	124.294
32.4	124.336
32.5	124.378
32.6	124.42
32.7	124.461
32.8	124.503
32.9	124.545
33	124.587
33.1	124.629
33.2	124.67
33.3	124.712
33.4	124.754
33.5	124.795
33.6	124.837
33.7	124.879
33.8	124.92
33.9	124.962
34	125.003
34.1	125.045
34.2	125.086
34.3	125.128
34.4	125.169
34.5	125.21
34.6	125.252
34.7	125.293
34.8	125.334
34.9	125.376
35	125.417
35.1	125.458
35.2	125.499
35.3	125.54
35.4	125.581
35.5	125.623
35.6	125.664
35.7	125.705
35.8	125.746
35.9	125.787
36	125.828
36.1	125.868
36.2	125.909
36.3	125.95
36.4	125.991
36.5	126.032
36.6	126.073
36.7	126.113
36.8	126.154
36.9	126.195
37	126.235
37.1	126.276
37.2	126.316
37.3	126.357
37.4	126.398
37.5	126.438
37.6	126.479
37.7	126.519
37.8	126.559
37.9	126.6
38	126.64
38.1	126.68
38.2	126.721
38.3	126.761
38.4	126.801
38.5	126.841
38.6	126.882
38.7	126.922
38.8	126.962
38.9	127.002
39	127.042
39.1	127.082
39.2	127.122
39.3	127.162
39.4	127.202
39.5	127.242
39.6	127.282
39.7	127.322
39.8	127.361
39.9	127.401
40	127.441
40.1	127.481
40.2	127.52
40.3	127.56
40.4	127.6
40.5	127.639
40.6	127.679
40.7	127.719
40.8	127.758
40.9	127.798
41	127.837
41.1	127.877
41.2	127.916
41.3	127.955
41.4	127.995
41.5	128.034
41.6	128.073
41.7	128.113
41.8	128.152
41.9	128.191
42	128.23
42.1	128.27
42.2	128.309
42.3	128.348
42.4	128.387
42.5	128.426
42.6	128.465
42.7	128.504
42.8	128.543
42.9	128.582
43	128.621
43.1	128.66
43.2	128.698
43.3	128.737
43.4	128.776
43.5	128.815
43.6	128.854
43.7	128.892
43.8	128.931
43.9	128.97
44	129.008
44.1	129.047
44.2	129.085
44.3	129.124
44.4	129.163
44.5	129.201
44.6	129.239
44.7	129.278
44.8	129.316
44.9	129.355
45	129.393
45.1	129.431
45.2	129.47
45.3	129.508
45.4	129.546
45.5	129.584
45.6	129.623
45.7	129.661
45.8	129.699
45.9	129.737
46	129.775
46.1	129.813
46.2	129.851
46.3	129.889
46.4	129.927
46.5	129.965
46.6	130.003
46.7	130.041
46.8	130.079
46.9	130.116
47	130.154
47.1	130.192
47.2	130.23
47.3	130.268
47.4	130.305
47.5	130.343
47.6	130.381
47.7	130.418
47.8	130.456
47.9	130.493
48	130.531
48.1	130.568
48.2	130.606
48.3	130.643
48.4	130.681
48.5	130.718
48.6	130.755
48.7	130.793
48.8	130.83
48.9	130.867
49	130.905
49.1	130.942
49.2	130.979
49.3	131.016
49.4	131.053
49.5	131.091
49.6	131.128
49.7	131.165
49.8	131.202
49.9	131.239
50	131.276
50.1	131.313
50.2	131.35
50.3	131.387
50.4	131.424
50.5	131.46
50.6	131.497
50.7	131.534
50.8	131.571
50.9	131.608
51	131.644
51.1	131.681
51.2	131.718
51.3	131.755
51.4	131.791
51.5	131.828
51.6	131.864
51.7	131.901
51.8	131.937
51.9	131.974
52	132.01
52.1	132.047
52.2	132.083
52.3	132.12
52.4	132.156
52.5	132.193
52.6	132.229
52.7	132.265
52.8	132.301
52.9	132.338
53	132.374
53.1	132.41
53.2	132.446
53.3	132.483
53.4	132.519
53.5	132.555
53.6	132.591
53.7	132.627
53.8	132.663
53.9	132.699
54	132.735
54.1	132.771
54.2	132.807
54.3	132.843
54.4	132.879
54.5	132.915
54.6	132.95
54.7	132.986
54.8	133.022
54.9	133.058
55	133.093
55.1	133.129
55.2	133.165
55.3	133.201
55.4	133.236
55.5	133.272
55.6	133.307
55.7	133.343
55.8	133.379
55.9	133.414
56	133.45
56.1	133.485
56.2	133.52
56.3	133.556
56.4	133.591
56.5	133.627
56.6	133.662
56.7	133.697
56.8	133.733
56.9	133.768
57	133.803
57.1	133.838
57.2	133.874
57.3	133.909
57.4	133.944
57.5	133.979
57.6	134.014
57.7	134.049
57.8	134.084
57.9	134.12
58	134.155
58.1	134.19
58.2	134.225
58.3	134.26
58.4	134.294
58.5	134.329
58.6	134.364
58.7	134.399
58.8	134.434
58.9	134.469
59	134.504
59.1	134.538
59.2	134.573
59.3	134.608
59.4	134.643
59.5	134.677
59.6	134.712
59.7	134.747
59.8	134.781
59.9	134.816
60	134.85
60.1	134.885
60.2	134.919
60.3	134.954
60.4	134.988
60.5	135.023
60.6	135.057
60.7	135.092
60.8	135.126
60.9	135.16
61	135.195
61.1	135.229
61.2	135.263
61.3	135.298
61.4	135.332
61.5	135.366
61.6	135.4
61.7	135.435
61.8	135.469
61.9	135.503
62	135.537
62.1	135.571
62.2	135.605
62.3	135.639
62.4	135.673
62.5	135.707
62.6	135.741
62.7	135.775
62.8	135.809
62.9	135.843
63	135.877
63.1	135.911
63.2	135.945
63.3	135.979
63.4	136.012
63.5	136.046
63.6	136.08
63.7	136.114
63.8	136.147
63.9	136.181
64	136.215
64.1	136.249
64.2	136.282
64.3	136.316
64.4	136.349
64.5	136.383
64.6	136.417
64.7	136.45
64.8	136.484
64.9	136.517
65	136.551
65.1	136.584
65.2	136.617
65.3	136.651
65.4	136.684
65.5	136.718
65.6	136.751
65.7	136.784
65.8	136.818
65.9	136.851
66	136.884
66.1	136.917
66.2	136.951
66.3	136.984
66.4	137.017
66.5	137.05
66.6	137.083
66.7	137.117
66.8	137.15
66.9	137.183
67	137.216
67.1	137.249
67.2	137.282
67.3	137.315
67.4	137.348
67.5	137.381
67.6	137.414
67.7	137.447
67.8	137.48
67.9	137.512
68	137.545
68.1	137.578
68.2	137.611
68.3	137.644
68.4	137.677
68.5	137.709
68.6	137.742
68.7	137.775
68.8	137.807
68.9	137.84
69	137.873
69.1	137.905
69.2	137.938
69.3	137.971
69.4	138.003
69.5	138.036
69.6	138.068
69.7	138.101
69.8	138.133
69.9	138.166
70	138.198
70.1	138.231
70.2	138.263
70.3	138.296
70.4	138.328
70.5	138.36
70.6	138.393
70.7	138.425
70.8	138.457
70.9	138.49
71	138.522
71.1	138.554
71.2	138.586
71.3	138.619
71.4	138.651
71.5	138.683
71.6	138.715
71.7	138.747
71.8	138.779
71.9	138.812
72	138.844
72.1	138.876
72.2	138.908
72.3	138.94
72.4	138.972
72.5	139.004
72.6	139.036
72.7	139.068
72.8	139.1
72.9	139.131
73	139.163
73.1	139.195
73.2	139.227
73.3	139.259
73.4	139.291
73.5	139.323
73.6	139.354
73.7	139.386
73.8	139.418
73.9	139.45
74	139.481
74.1	139.513
74.2	139.545
74.3	139.576
74.4	139.608
74.5	139.64
74.6	139.671
74.7	139.703
74.8	139.734
74.9	139.766
75	139.797
75.1	139.829
75.2	139.86
75.3	139.892
75.4	139.923
75.5	139.955
75.6	139.986
75.7	140.017
75.8	140.049
75.9	140.08
76	140.112
76.1	140.143
76.2	140.174
76.3	140.205
76.4	140.237
76.5	140.268
76.6	140.299
76.7	140.33
76.8	140.362
76.9	140.393
77	140.424
77.1	140.455
77.2	140.486
77.3	140.517
77.4	140.549
77.5	140.58
77.6	140.611
77.7	140.642
77.8	140.673
77.9	140.704
78	140.735
78.1	140.766
78.2	140.797
78.3	140.828
78.4	140.859
78.5	140.889
78.6	140.92
78.7	140.951
78.8	140.982
78.9	141.013
79	141.044
79.1	141.074
79.2	141.105
79.3	141.136
79.4	141.167
79.5	141.197
79.6	141.228
79.7	141.259
79.8	141.29
79.9	141.32
80	141.351
80.1	141.382
80.2	141.412
80.3	141.443
80.4	141.473
80.5	141.504
80.6	141.534
80.7	141.565
80.8	141.595
80.9	141.626
81	141.656
81.1	141.687
81.2	141.717
81.3	141.748
81.4	141.778
81.5	141.809
81.6	141.839
81.7	141.869
81.8	141.9
81.9	141.93
82	141.96
82.1	141.991
82.2	142.021
82.3	142.051
82.4	142.081
82.5	142.112
82.6	142.142
82.7	142.172
82.8	142.202
82.9	142.232
83	142.263
83.1	142.293
83.2	142.323
83.3	142.353
83.4	142.383
83.5	142.413
83.6	142.443
83.7	142.473
83.8	142.503
83.9	142.533
84	142.563
84.1	142.593
84.2	142.623
84.3	142.653
84.4	142.683
84.5	142.713
84.6	142.743
84.7	142.773
84.8	142.802
84.9	142.832
85	142.862
85.1	142.892
85.2	142.922
85.3	142.951
85.4	142.981
85.5	143.011
85.6	143.041
85.7	143.07
85.8	143.1
85.9	143.13
86	143.16
86.1	143.189
86.2	143.219
86.3	143.248
86.4	143.278
86.5	143.308
86.6	143.337
86.7	143.367
86.8	143.396
86.9	143.426
87	143.455
87.1	143.485
87.2	143.514
87.3	143.544
87.4	143.573
87.5	143.603
87.6	143.632
87.7	143.662
87.8	143.691
87.9	143.72
88	143.75
88.1	143.779
88.2	143.808
88.3	143.838
88.4	143.867
88.5	143.896
88.6	143.926
88.7	143.955
88.8	143.984
88.9	144.013
89	144.042
89.1	144.072
89.2	144.101
89.3	144.13
89.4	144.159
89.5	144.188
89.6	144.217
89.7	144.247
89.8	144.276
89.9	144.305
90	144.334
90.1	144.363
90.2	144.392
90.3	144.421
90.4	144.45
90.5	144.479
90.6	144.508
90.7	144.537
90.8	144.566
90.9	144.595
91	144.624
91.1	144.652
91.2	144.681
91.3	144.71
91.4	144.739
91.5	144.768
91.6	144.797
91.7	144.826
91.8	144.854
91.9	144.883
92	144.912
92.1	144.941
92.2	144.969
92.3	144.998
92.4	145.027
92.5	145.056
92.6	145.084
92.7	145.113
92.8	145.142
92.9	145.17
93	145.199
93.1	145.227
93.2	145.256
93.3	145.285
93.4	145.313
93.5	145.342
93.6	145.37
93.7	145.399
93.8	145.427
93.9	145.456
94	145.484
94.1	145.513
94.2	145.541
94.3	145.57
94.4	145.598
94.5	145.626
94.6	145.655
94.7	145.683
94.8	145.712
94.9	145.74
95	145.768
95.1	145.797
95.2	145.825
95.3	145.853
95.4	145.882
95.5	145.91
95.6	145.938
95.7	145.966
95.8	145.995
95.9	146.023
96	146.051
96.1	146.079
96.2	146.107
96.3	146.136
96.4	146.164
96.5	146.192
96.6	146.22
96.7	146.248
96.8	146.276
96.9	146.304
97	146.332
97.1	146.36
97.2	146.388
97.3	146.416
97.4	146.444
97.5	146.472
97.6	146.5
97.7	146.528
97.8	146.556
97.9	146.584
98	146.612
98.1	146.64
98.2	146.668
98.3	146.696
98.4	146.724
98.5	146.752
98.6	146.78
98.7	146.807
98.8	146.835
98.9	146.863
99	146.891
99.1	146.919
99.2	146.946
99.3	146.974
99.4	147.002
99.5	147.03
99.6	147.057
99.7	147.085
99.8	147.113
99.9	147.14
100	147.168
100.1	147.196
100.2	147.223
100.3	147.251
100.4	147.279
100.5	147.306
100.6	147.334
100.7	147.361
100.8	147.389
100.9	147.417
101	147.444
101.1	147.472
101.2	147.499
101.3	147.527
101.4	147.554
101.5	147.582
101.6	147.609
101.7	147.637
101.8	147.664
101.9	147.691
102	147.719
102.1	147.746
102.2	147.774
102.3	147.801
102.4	147.828
102.5	147.856
102.6	147.883
102.7	147.91
102.8	147.938
102.9	147.965
103	147.992
103.1	148.02
103.2	148.047
103.3	148.074
103.4	148.101
103.5	148.128
103.6	148.156
103.7	148.183
103.8	148.21
103.9	148.237
104	148.264
104.1	148.292
104.2	148.319
104.3	148.346
104.4	148.373
104.5	148.4
104.6	148.427
104.7	148.454
104.8	148.481
104.9	148.508
105	148.535
105.1	148.562
105.2	148.589
105.3	148.616
105.4	148.643
105.5	148.67
105.6	148.697
105.7	148.724
105.8	148.751
105.9	148.778
106	148.805
106.1	148.832
106.2	148.859
106.3	148.886
106.4	148.913
106.5	148.939
106.6	148.966
106.7	148.993
106.8	149.02
106.9	149.047
107	149.073
107.1	149.1
107.2	149.127
107.3	149.154
107.4	149.18
107.5	149.207
107.6	149.234
107.7	149.261
107.8	149.287
107.9	149.314
108	149.341
108.1	149.367
108.2	149.394
108.3	149.421
108.4	149.447
108.5	149.474
108.6	149.5
108.7	149.527
108.8	149.554
108.9	149.58
109	149.607
109.1	149.633
109.2	149.66
109.3	149.686
109.4	149.713
109.5	149.739
109.6	149.766
109.7	149.792
109.8	149.819
109.9	149.845
110	149.872
110.1	149.898
110.2	149.924
110.3	149.951
110.4	149.977
110.5	150.004
110.6	150.03
110.7	150.056
110.8	150.083
110.9	150.109
111	150.135
111.1	150.162
111.2	150.188
111.3	150.214
111.4	150.241
111.5	150.267
111.6	150.293
111.7	150.319
111.8	150.346
111.9	150.372
112	150.398
112.1	150.424
112.2	150.45
112.3	150.477
112.4	150.503
112.5	150.529
112.6	150.555
112.7	150.581
112.8	150.607
112.9	150.633
113	150.659
113.1	150.685
113.2	150.712
113.3	150.738
113.4	150.764
113.5	150.79
113.6	150.816
113.7	150.842
113.8	150.868
113.9	150.894
114	150.92
114.1	150.946
114.2	150.972
114.3	150.998
114.4	151.024
114.5	151.049
114.6	151.075
114.7	151.101
114.8	151.127
114.9	151.153
115	151.179
115.1	151.205
115.2	151.231
115.3	151.256
115.4	151.282
115.5	151.308
115.6	151.334
115.7	151.36
115.8	151.386
115.9	151.411
116	151.437
116.1	151.463
116.2	151.489
116.3	151.514
116.4	151.54
116.5	151.566
116.6	151.591
116.7	151.617
116.8	151.643
116.9	151.668
117	151.694
117.1	151.72
117.2	151.745
117.3	151.771
117.4	151.797
117.5	151.822
117.6	151.848
117.7	151.873
117.8	151.899
117.9	151.924
118	151.95
118.1	151.976
118.2	152.001
118.3	152.027
118.4	152.052
118.5	152.078
118.6	152.103
118.7	152.129
118.8	152.154
118.9	152.179
119	152.205
119.1	152.23
119.2	152.256
119.3	152.281
119.4	152.307
119.5	152.332
119.6	152.357
119.7	152.383
119.8	152.408
119.9	152.433
120	152.459
120.1	152.484
120.2	152.509
120.3	152.535
120.4	152.56
120.5	152.585
120.6	152.611
120.7	152.636
120.8	152.661
120.9	152.686
121	152.712
121.1	152.737
121.2	152.762
121.3	152.787
121.4	152.812
121.5	152.838
121.6	152.863
121.7	152.888
121.8	152.913
121.9	152.938
122	152.963
122.1	152.988
122.2	153.014
122.3	153.039
122.4	153.064
122.5	153.089
122.6	153.114
122.7	153.139
122.8	153.164
122.9	153.189
123	153.214
123.1	153.239
123.2	153.264
123.3	153.289
123.4	153.314
123.5	153.339
123.6	153.364
123.7	153.389
123.8	153.414
123.9	153.439
124	153.464
124.1	153.489
124.2	153.514
124.3	153.538
124.4	153.563
124.5	153.588
124.6	153.613
124.7	153.638
124.8	153.663
124.9	153.688
125	153.713
125.1	153.737
125.2	153.762
125.3	153.787
125.4	153.812
125.5	153.837
125.6	153.861
125.7	153.886
125.8	153.911
125.9	153.936
126	153.96
126.1	153.985
126.2	154.01
126.3	154.034
126.4	154.059
126.5	154.084
126.6	154.108
126.7	154.133
126.8	154.158
126.9	154.182
127	154.207
127.1	154.232
127.2	154.256
127.3	154.281
127.4	154.305
127.5	154.33
127.6	154.355
127.7	154.379
127.8	154.404
127.9	154.428
128	154.453
128.1	154.477
128.2	154.502
128.3	154.526
128.4	154.551
128.5	154.575
128.6	154.6
128.7	154.624
128.8	154.649
128.9	154.673
129	154.698
129.1	154.722
129.2	154.747
129.3	154.771
129.4	154.795
129.5	154.82
129.6	154.844
129.7	154.869
129.8	154.893
129.9	154.917
130	154.942
130.1	154.966
130.2	154.99
130.3	155.015
130.4	155.039
130.5	155.063
130.6	155.087
130.7	155.112
130.8	155.136
130.9	155.16
131	155.185
131.1	155.209
131.2	155.233
131.3	155.257
131.4	155.281
131.5	155.306
131.6	155.33
131.7	155.354
131.8	155.378
131.9	155.402
132	155.427
132.1	155.451
132.2	155.475
132.3	155.499
132.4	155.523
132.5	155.547
132.6	155.571
132.7	155.595
132.8	155.62
132.9	155.644
133	155.668
133.1	155.692
133.2	155.716
133.3	155.74
133.4	155.764
133.5	155.788
133.6	155.812
133.7	155.836
133.8	155.86
133.9	155.884
134	155.908
134.1	155.932
134.2	155.956
134.3	155.98
134.4	156.004
134.5	156.028
134.6	156.052
134.7	156.075
134.8	156.099
134.9	156.123
135	156.147
135.1	156.171
135.2	156.195
135.3	156.219
135.4	156.243
135.5	156.266
135.6	156.29
135.7	156.314
135.8	156.338
135.9	156.362
136	156.386
136.1	156.409
136.2	156.433
136.3	156.457
136.4	156.481
136.5	156.504
136.6	156.528
136.7	156.552
136.8	156.576
136.9	156.599
137	156.623
137.1	156.647
137.2	156.67
137.3	156.694
137.4	156.718
137.5	156.742
137.6	156.765
137.7	156.789
137.8	156.812
137.9	156.836
138	156.86
138.1	156.883
138.2	156.907
138.3	156.931
138.4	156.954
138.5	156.978
138.6	157.001
138.7	157.025
138.8	157.048
138.9	157.072
139	157.096
139.1	157.119
139.2	157.143
139.3	157.166
139.4	157.19
139.5	157.213
139.6	157.237
139.7	157.26
139.8	157.284
139.9	157.307
140	157.33
140.1	157.354
140.2	157.377
140.3	157.401
140.4	157.424
140.5	157.448
140.6	157.471
140.7	157.494
140.8	157.518
140.9	157.541
141	157.564
141.1	157.588
141.2	157.611
141.3	157.635
141.4	157.658
141.5	157.681
141.6	157.705
141.7	157.728
141.8	157.751
141.9	157.774
142	157.798
142.1	157.821
142.2	157.844
142.3	157.868
142.4	157.891
142.5	157.914
142.6	157.937
142.7	157.96
142.8	157.984
142.9	158.007
143	158.03
143.1	158.053
143.2	158.076
143.3	158.1
143.4	158.123
143.5	158.146
143.6	158.169
143.7	158.192
143.8	158.215
143.9	158.239
144	158.262
144.1	158.285
144.2	158.308
144.3	158.331
144.4	158.354
144.5	158.377
144.6	158.4
144.7	158.423
144.8	158.446
144.9	158.469
145	158.492
145.1	158.515
145.2	158.538
145.3	158.561
145.4	158.584
145.5	158.607
145.6	158.63
145.7	158.653
145.8	158.676
145.9	158.699
146	158.722
146.1	158.745
146.2	158.768
146.3	158.791
146.4	158.814
146.5	158.837
146.6	158.86
146.7	158.883
146.8	158.906
146.9	158.929
147	158.951
147.1	158.974
147.2	158.997
147.3	159.02
147.4	159.043
147.5	159.066
147.6	159.089
147.7	159.111
147.8	159.134
147.9	159.157
148	159.18
148.1	159.203
148.2	159.225
148.3	159.248
148.4	159.271
148.5	159.294
148.6	159.316
148.7	159.339
148.8	159.362
148.9	159.385
149	159.407
149.1	159.43
149.2	159.453
149.3	159.475
149.4	159.498
149.5	159.521
149.6	159.543
149.7	159.566
149.8	159.589
149.9	159.611
150	159.634
150.1	159.657
150.2	159.679
150.3	159.702
150.4	159.725
150.5	159.747
150.6	159.77
150.7	159.792
150.8	159.815
150.9	159.837
151	159.86
151.1	159.883
151.2	159.905
151.3	159.928
151.4	159.95
151.5	159.973
151.6	159.995
151.7	160.018
151.8	160.04
151.9	160.063
152	160.085
152.1	160.108
152.2	160.13
152.3	160.153
152.4	160.175
152.5	160.198
152.6	160.22
152.7	160.242
152.8	160.265
152.9	160.287
153	160.31
153.1	160.332
153.2	160.354
153.3	160.377
153.4	160.399
153.5	160.422
153.6	160.444
153.7	160.466
153.8	160.489
153.9	160.511
154	160.533
154.1	160.556
154.2	160.578
154.3	160.6
154.4	160.623
154.5	160.645
154.6	160.667
154.7	160.689
154.8	160.712
154.9	160.734
155	160.756
155.1	160.778
155.2	160.801
155.3	160.823
155.4	160.845
155.5	160.867
155.6	160.89
155.7	160.912
155.8	160.934
155.9	160.956
156	160.978
156.1	161.001
156.2	161.023
156.3	161.045
156.4	161.067
156.5	161.089
156.6	161.111
156.7	161.134
156.8	161.156
156.9	161.178
157	161.2
157.1	161.222
157.2	161.244
157.3	161.266
157.4	161.288
157.5	161.31
157.6	161.332
157.7	161.354
157.8	161.377
157.9	161.399
158	161.421
158.1	161.443
158.2	161.465
158.3	161.487
158.4	161.509
158.5	161.531
158.6	161.553
158.7	161.575
158.8	161.597
158.9	161.619
159	161.641
159.1	161.663
159.2	161.685
159.3	161.706
159.4	161.728
159.5	161.75
159.6	161.772
159.7	161.794
159.8	161.816
159.9	161.838
160	161.86
160.1	161.882
160.2	161.904
160.3	161.926
160.4	161.947
160.5	161.969
160.6	161.991
160.7	162.013
160.8	162.035
160.9	162.057
161	162.078
161.1	162.1
161.2	162.122
161.3	162.144
161.4	162.166
161.5	162.187
161.6	162.209
161.7	162.231
161.8	162.253
161.9	162.275
162	162.296
162.1	162.318
162.2	162.34
162.3	162.362
162.4	162.383
162.5	162.405
162.6	162.427
162.7	162.448
162.8	162.47
162.9	162.492
163	162.513
163.1	162.535
163.2	162.557
163.3	162.578
163.4	162.6
163.5	162.622
163.6	162.643
163.7	162.665
163.8	162.687
163.9	162.708
164	162.73
164.1	162.752
164.2	162.773
164.3	162.795
164.4	162.816
164.5	162.838
164.6	162.859
164.7	162.881
164.8	162.903
164.9	162.924
165	162.946
165.1	162.967
165.2	162.989
165.3	163.01
165.4	163.032
165.5	163.053
165.6	163.075
165.7	163.096
165.8	163.118
165.9	163.139
166	163.161
166.1	163.182
166.2	163.204
166.3	163.225
166.4	163.247
166.5	163.268
166.6	163.29
166.7	163.311
166.8	163.332
166.9	163.354
167	163.375
167.1	163.397
167.2	163.418
167.3	163.439
167.4	163.461
167.5	163.482
167.6	163.504
167.7	163.525
167.8	163.546
167.9	163.568
168	163.589
168.1	163.61
168.2	163.632
168.3	163.653
168.4	163.674
168.5	163.696
168.6	163.717
168.7	163.738
168.8	163.76
168.9	163.781
169	163.802
169.1	163.823
169.2	163.845
169.3	163.866
169.4	163.887
169.5	163.908
169.6	163.93
169.7	163.951
169.8	163.972
169.9	163.993
170	164.015
170.1	164.036
170.2	164.057
170.3	164.078
170.4	164.099
170.5	164.12
170.6	164.142
170.7	164.163
170.8	164.184
170.9	164.205
171	164.226
171.1	164.247
171.2	164.269
171.3	164.29
171.4	164.311
171.5	164.332
171.6	164.353
171.7	164.374
171.8	164.395
171.9	164.416
172	164.437
172.1	164.458
172.2	164.48
172.3	164.501
172.4	164.522
172.5	164.543
172.6	164.564
172.7	164.585
172.8	164.606
172.9	164.627
173	164.648
173.1	164.669
173.2	164.69
173.3	164.711
173.4	164.732
173.5	164.753
173.6	164.774
173.7	164.795
173.8	164.816
173.9	164.837
174	164.858
174.1	164.879
174.2	164.9
174.3	164.921
174.4	164.941
174.5	164.962
174.6	164.983
174.7	165.004
174.8	165.025
174.9	165.046
175	165.067
175.1	165.088
175.2	165.109
175.3	165.13
175.4	165.15
175.5	165.171
175.6	165.192
175.7	165.213
175.8	165.234
175.9	165.255
176	165.275
176.1	165.296
176.2	165.317
176.3	165.338
176.4	165.359
176.5	165.38
176.6	165.4
176.7	165.421
176.8	165.442
176.9	165.463
177	165.483
177.1	165.504
177.2	165.525
177.3	165.546
177.4	165.566
177.5	165.587
177.6	165.608
177.7	165.629
177.8	165.649
177.9	165.67
178	165.691
178.1	165.711
178.2	165.732
178.3	165.753
178.4	165.773
178.5	165.794
178.6	165.815
178.7	165.836
178.8	165.856
178.9	165.877
179	165.897
179.1	165.918
179.2	165.939
179.3	165.959
179.4	165.98
179.5	166.001
179.6	166.021
179.7	166.042
179.8	166.062
179.9	166.083
180	166.104
180.1	166.124
180.2	166.145
180.3	166.165
180.4	166.186
180.5	166.206
180.6	166.227
180.7	166.247
180.8	166.268
180.9	166.289
181	166.309
181.1	166.33
181.2	166.35
181.3	166.371
181.4	166.391
181.5	166.412
181.6	166.432
181.7	166.453
181.8	166.473
181.9	166.493
182	166.514
182.1	166.534
182.2	166.555
182.3	166.575
182.4	166.596
182.5	166.616
182.6	166.637
182.7	166.657
182.8	166.677
182.9	166.698
183	166.718
183.1	166.739
183.2	166.759
183.3	166.779
183.4	166.8
183.5	166.82
183.6	166.841
183.7	166.861
183.8	166.881
183.9	166.902
184	166.922
184.1	166.942
184.2	166.963
184.3	166.983
184.4	167.003
184.5	167.024
184.6	167.044
184.7	167.064
184.8	167.084
184.9	167.105
185	167.125
185.1	167.145
185.2	167.166
185.3	167.186
185.4	167.206
185.5	167.226
185.6	167.247
185.7	167.267
185.8	167.287
185.9	167.307
186	167.328
186.1	167.348
186.2	167.368
186.3	167.388
186.4	167.408
186.5	167.429
186.6	167.449
186.7	167.469
186.8	167.489
186.9	167.509
187	167.53
187.1	167.55
187.2	167.57
187.3	167.59
187.4	167.61
187.5	167.63
187.6	167.65
187.7	167.671
187.8	167.691
187.9	167.711
188	167.731
188.1	167.751
188.2	167.771
188.3	167.791
188.4	167.811
188.5	167.831
188.6	167.852
188.7	167.872
188.8	167.892
188.9	167.912
189	167.932
189.1	167.952
189.2	167.972
189.3	167.992
189.4	168.012
189.5	168.032
189.6	168.052
189.7	168.072
189.8	168.092
189.9	168.112
190	168.132
190.1	168.152
190.2	168.172
190.3	168.192
190.4	168.212
190.5	168.232
190.6	168.252
190.7	168.272
190.8	168.292
190.9	168.312
191	168.332
191.1	168.352
191.2	168.372
191.3	168.391
191.4	168.411
191.5	168.431
191.6	168.451
191.7	168.471
191.8	168.491
191.9	168.511
192	168.531
192.1	168.551
192.2	168.571
192.3	168.59
192.4	168.61
192.5	168.63
192.6	168.65
192.7	168.67
192.8	168.69
192.9	168.71
193	168.729
193.1	168.749
193.2	168.769
193.3	168.789
193.4	168.809
193.5	168.828
193.6	168.848
193.7	168.868
193.8	168.888
193.9	168.908
194	168.927
194.1	168.947
194.2	168.967
194.3	168.987
194.4	169.006
194.5	169.026
194.6	169.046
194.7	169.066
194.8	169.085
194.9	169.105
195	169.125
195.1	169.145
195.2	169.164
195.3	169.184
195.4	169.204
195.5	169.223
195.6	169.243
195.7	169.263
195.8	169.282
195.9	169.302
196	169.322
196.1	169.342
196.2	169.361
196.3	169.381
196.4	169.4
196.5	169.42
196.6	169.44
196.7	169.459
196.8	169.479
196.9	169.499
197	169.518
197.1	169.538
197.2	169.557
197.3	169.577
197.4	169.597
197.5	169.616
197.6	169.636
197.7	169.655
197.8	169.675
197.9	169.695
198	169.714
198.1	169.734
198.2	169.753
198.3	169.773
198.4	169.792
198.5	169.812
198.6	169.831
198.7	169.851
198.8	169.87
198.9	169.89
199	169.909
199.1	169.929
199.2	169.948
199.3	169.968
199.4	169.987
199.5	170.007
199.6	170.026
199.7	170.046
199.8	170.065
199.9	170.085
200	170.104
200.1	170.124
200.2	170.143
200.3	170.163
200.4	170.182
200.5	170.201
200.6	170.221
200.7	170.24
200.8	170.26
200.9	170.279
201	170.299
201.1	170.318
201.2	170.337
201.3	170.357
201.4	170.376
201.5	170.395
201.6	170.415
201.7	170.434
201.8	170.454
201.9	170.473
202	170.492
202.1	170.512
202.2	170.531
202.3	170.55
202.4	170.57
202.5	170.589
202.6	170.608
202.7	170.628
202.8	170.647
202.9	170.666
203	170.686
203.1	170.705
203.2	170.724
203.3	170.743
203.4	170.763
203.5	170.782
203.6	170.801
203.7	170.821
203.8	170.84
203.9	170.859
204	170.878
204.1	170.898
204.2	170.917
204.3	170.936
204.4	170.955
204.5	170.974
204.6	170.994
204.7	171.013
204.8	171.032
204.9	171.051
205	171.071
205.1	171.09
205.2	171.109
205.3	171.128
205.4	171.147
205.5	171.166
205.6	171.186
205.7	171.205
205.8	171.224
205.9	171.243
206	171.262
206.1	171.281
206.2	171.301
206.3	171.32
206.4	171.339
206.5	171.358
206.6	171.377
206.7	171.396
206.8	171.415
206.9	171.434
207	171.453
207.1	171.473
207.2	171.492
207.3	171.511
207.4	171.53
207.5	171.549
207.6	171.568
207.7	171.587
207.8	171.606
207.9	171.625
208	171.644
208.1	171.663
208.2	171.682
208.3	171.701
208.4	171.72
208.5	171.739
208.6	171.758
208.7	171.777
208.8	171.796
208.9	171.815
209	171.834
209.1	171.853
209.2	171.872
209.3	171.891
209.4	171.91
209.5	171.929
209.6	171.948
209.7	171.967
209.8	171.986
209.9	172.005
210	172.024
210.1	172.043
210.2	172.062
210.3	172.081
210.4	172.1
210.5	172.119
210.6	172.138
210.7	172.157
210.8	172.176
210.9	172.195
211	172.213
211.1	172.232
211.2	172.251
211.3	172.27
211.4	172.289
211.5	172.308
211.6	172.327
211.7	172.346
211.8	172.365
211.9	172.383
212	172.402
212.1	172.421
212.2	172.44
212.3	172.459
212.4	172.478
212.5	172.496
212.6	172.515
212.7	172.534
212.8	172.553
212.9	172.572
213	172.591
213.1	172.609
213.2	172.628
213.3	172.647
213.4	172.666
213.5	172.684
213.6	172.703
213.7	172.722
213.8	172.741
213.9	172.76
214	172.778
214.1	172.797
214.2	172.816
214.3	172.835
214.4	172.853
214.5	172.872
214.6	172.891
214.7	172.91
214.8	172.928
214.9	172.947
215	172.966
215.1	172.984
215.2	173.003
215.3	173.022
215.4	173.04
215.5	173.059
215.6	173.078
215.7	173.097
215.8	173.115
215.9	173.134
216	173.153
216.1	173.171
216.2	173.19
216.3	173.208
216.4	173.227
216.5	173.246
216.6	173.264
216.7	173.283
216.8	173.302
216.9	173.32
217	173.339
217.1	173.358
217.2	173.376
217.3	173.395
217.4	173.413
217.5	173.432
217.6	173.451
217.7	173.469
217.8	173.488
217.9	173.506
218	173.525
218.1	173.543
218.2	173.562
218.3	173.581
218.4	173.599
218.5	173.618
218.6	173.636
218.7	173.655
218.8	173.673
218.9	173.692
219	173.71
219.1	173.729
219.2	173.747
219.3	173.766
219.4	173.784
219.5	173.803
219.6	173.821
219.7	173.84
219.8	173.858
219.9	173.877
220	173.895
220.1	173.914
220.2	173.932
220.3	173.951
220.4	173.969
220.5	173.988
220.6	174.006
220.7	174.025
220.8	174.043
220.9	174.061
221	174.08
221.1	174.098
221.2	174.117
221.3	174.135
221.4	174.154
221.5	174.172
221.6	174.19
221.7	174.209
221.8	174.227
221.9	174.246
222	174.264
222.1	174.282
222.2	174.301
222.3	174.319
222.4	174.337
222.5	174.356
222.6	174.374
222.7	174.393
222.8	174.411
222.9	174.429
223	174.448
223.1	174.466
223.2	174.484
223.3	174.503
223.4	174.521
223.5	174.539
223.6	174.558
223.7	174.576
223.8	174.594
223.9	174.613
224	174.631
224.1	174.649
224.2	174.667
224.3	174.686
224.4	174.704
224.5	174.722
224.6	174.741
224.7	174.759
224.8	174.777
224.9	174.795
225	174.814
225.1	174.832
225.2	174.85
225.3	174.868
225.4	174.887
225.5	174.905
225.6	174.923
225.7	174.941
225.8	174.959
225.9	174.978
226	174.996
226.1	175.014
226.2	175.032
226.3	175.05
226.4	175.069
226.5	175.087
226.6	175.105
226.7	175.123
226.8	175.141
226.9	175.16
227	175.178
227.1	175.196
227.2	175.214
227.3	175.232
227.4	175.25
227.5	175.269
227.6	175.287
227.7	175.305
227.8	175.323
227.9	175.341
228	175.359
228.1	175.377
228.2	175.395
228.3	175.414
228.4	175.432
228.5	175.45
228.6	175.468
228.7	175.486
228.8	175.504
228.9	175.522
229	175.54
229.1	175.558
229.2	175.576
229.3	175.594
229.4	175.612
229.5	175.631
229.6	175.649
229.7	175.667
229.8	175.685
229.9	175.703
230	175.721
230.1	175.739
230.2	175.757
230.3	175.775
230.4	175.793
230.5	175.811
230.6	175.829
230.7	175.847
230.8	175.865
230.9	175.883
231	175.901
231.1	175.919
231.2	175.937
231.3	175.955
231.4	175.973
231.5	175.991
231.6	176.009
231.7	176.027
231.8	176.045
231.9	176.063
232	176.081
232.1	176.099
232.2	176.116
232.3	176.134
232.4	176.152
232.5	176.17
232.6	176.188
232.7	176.206
232.8	176.224
232.9	176.242
233	176.26
233.1	176.278
233.2	176.296
233.3	176.314
233.4	176.331
233.5	176.349
233.6	176.367
233.7	176.385
233.8	176.403
233.9	176.421
234	176.439
234.1	176.457
234.2	176.474
234.3	176.492
234.4	176.51
234.5	176.528
234.6	176.546
234.7	176.564
234.8	176.582
234.9	176.599
235	176.617
235.1	176.635
235.2	176.653
235.3	176.671
235.4	176.688
235.5	176.706
235.6	176.724
235.7	176.742
235.8	176.76
235.9	176.777
236	176.795
236.1	176.813
236.2	176.831
236.3	176.849
236.4	176.866
236.5	176.884
236.6	176.902
236.7	176.92
236.8	176.937
236.9	176.955
237	176.973
237.1	176.991
237.2	177.008
237.3	177.026
237.4	177.044
237.5	177.062
237.6	177.079
237.7	177.097
237.8	177.115
237.9	177.132
238	177.15
238.1	177.168
238.2	177.185
238.3	177.203
238.4	177.221
238.5	177.239
238.6	177.256
238.7	177.274
238.8	177.292
238.9	177.309
239	177.327
239.1	177.345
239.2	177.362
239.3	177.38
239.4	177.397
239.5	177.415
239.6	177.433
239.7	177.45
239.8	177.468
239.9	177.486
240	177.503
240.1	177.521
240.2	177.538
240.3	177.556
240.4	177.574
240.5	177.591
240.6	177.609
240.7	177.627
240.8	177.644
240.9	177.662
241	177.679
241.1	177.697
241.2	177.714
241.3	177.732
241.4	177.75
241.5	177.767
241.6	177.785
241.7	177.802
241.8	177.82
241.9	177.837
242	177.855
242.1	177.872
242.2	177.89
242.3	177.907
242.4	177.925
242.5	177.942
242.6	177.96
242.7	177.978
242.8	177.995
242.9	178.013
243	178.03
243.1	178.048
243.2	178.065
243.3	178.083
243.4	178.1
243.5	178.117
243.6	178.135
243.7	178.152
243.8	178.17
243.9	178.187
244	178.205
244.1	178.222
244.2	178.24
244.3	178.257
244.4	178.275
244.5	178.292
244.6	178.31
244.7	178.327
244.8	178.344
244.9	178.362
245	178.379
245.1	178.397
245.2	178.414
245.3	178.431
245.4	178.449
245.5	178.466
245.6	178.484
245.7	178.501
245.8	178.518
245.9	178.536
246	178.553
246.1	178.571
246.2	178.588
246.3	178.605
246.4	178.623
246.5	178.64
246.6	178.657
246.7	178.675
246.8	178.692
246.9	178.71
247	178.727
247.1	178.744
247.2	178.762
247.3	178.779
247.4	178.796
247.5	178.814
247.6	178.831
247.7	178.848
247.8	178.865
247.9	178.883
248	178.9
248.1	178.917
248.2	178.935
248.3	178.952
248.4	178.969
248.5	178.987
248.6	179.004
248.7	179.021
248.8	179.038
248.9	179.056
249	179.073
249.1	179.09
249.2	179.107
249.3	179.125
249.4	179.142
249.5	179.159
249.6	179.176
249.7	179.194
249.8	179.211
249.9	179.228
250	179.245
250.1	179.263
250.2	179.28
250.3	179.297
250.4	179.314
250.5	179.332
250.6	179.349
250.7	179.366
250.8	179.383
250.9	179.4
251	179.418
251.1	179.435
251.2	179.452
251.3	179.469
251.4	179.486
251.5	179.503
251.6	179.521
251.7	179.538
251.8	179.555
251.9	179.572
252	179.589
252.1	179.606
252.2	179.624
252.3	179.641
252.4	179.658
252.5	179.675
252.6	179.692
252.7	179.709
252.8	179.726
252.9	179.743
253	179.761
253.1	179.778
253.2	179.795
253.3	179.812
253.4	179.829
253.5	179.846
253.6	179.863
253.7	179.88
253.8	179.897
253.9	179.914
254	179.932
254.1	179.949
254.2	179.966
254.3	179.983
254.4	180
254.5	180.017
254.6	180.034
254.7	180.051
254.8	180.068
254.9	180.085
255	180.102
255.1	180.119
255.2	180.136
255.3	180.153
255.4	180.17
255.5	180.187
255.6	180.204
255.7	180.221
255.8	180.238
255.9	180.255
256	180.272
256.1	180.289
256.2	180.306
256.3	180.323
256.4	180.34
256.5	180.357
256.6	180.374
256.7	180.391
256.8	180.408
256.9	180.425
257	180.442
257.1	180.459
257.2	180.476
257.3	180.493
257.4	180.51
257.5	180.527
257.6	180.544
257.7	180.561
257.8	180.578
257.9	180.595
258	180.612
258.1	180.629
258.2	180.646
258.3	180.662
258.4	180.679
258.5	180.696
258.6	180.713
258.7	180.73
258.8	180.747
258.9	180.764
259	180.781
259.1	180.798
259.2	180.815
259.3	180.831
259.4	180.848
259.5	180.865
259.6	180.882
259.7	180.899
259.8	180.916
259.9	180.933
260	180.95
260.1	180.966
260.2	180.983
260.3	181
260.4	181.017
260.5	181.034
260.6	181.051
260.7	181.067
260.8	181.084
260.9	181.101
261	181.118
261.1	181.135
261.2	181.152
261.3	181.168
261.4	181.185
261.5	181.202
261.6	181.219
261.7	181.236
261.8	181.252
261.9	181.269
262	181.286
262.1	181.303
262.2	181.32
262.3	181.336
262.4	181.353
262.5	181.37
262.6	181.387
262.7	181.403
262.8	181.42
262.9	181.437
263	181.454
263.1	181.47
263.2	181.487
263.3	181.504
263.4	181.521
263.5	181.537
263.6	181.554
263.7	181.571
263.8	181.588
263.9	181.604
264	181.621
264.1	181.638
264.2	181.654
264.3	181.671
264.4	181.688
264.5	181.705
264.6	181.721
264.7	181.738
264.8	181.755
264.9	181.771
265	181.788
265.1	181.805
265.2	181.821
265.3	181.838
265.4	181.855
265.5	181.871
265.6	181.888
265.7	181.905
265.8	181.921
265.9	181.938
266	181.955
266.1	181.971
266.2	181.988
266.3	182.005
266.4	182.021
266.5	182.038
266.6	182.054
266.7	182.071
266.8	182.088
266.9	182.104
267	182.121
267.1	182.138
267.2	182.154
267.3	182.171
267.4	182.187
267.5	182.204
267.6	182.221
267.7	182.237
267.8	182.254
267.9	182.27
268	182.287
268.1	182.303
268.2	182.32
268.3	182.337
268.4	182.353
268.5	182.37
268.6	182.386
268.7	182.403
268.8	182.419
268.9	182.436
269	182.452
269.1	182.469
269.2	182.486
269.3	182.502
269.4	182.519
269.5	182.535
269.6	182.552
269.7	182.568
269.8	182.585
269.9	182.601
270	182.618
270.1	182.634
270.2	182.651
270.3	182.667
270.4	182.684
270.5	182.7
270.6	182.717
270.7	182.733
270.8	182.75
270.9	182.766
271	182.783
271.1	182.799
271.2	182.816
271.3	182.832
271.4	182.848
271.5	182.865
271.6	182.881
271.7	182.898
271.8	182.914
271.9	182.931
272	182.947
272.1	182.964
272.2	182.98
272.3	182.997
272.4	183.013
272.5	183.029
272.6	183.046
272.7	183.062
272.8	183.079
272.9	183.095
273	183.111
273.1	183.128
273.2	183.144
273.3	183.161
273.4	183.177
273.5	183.193
273.6	183.21
273.7	183.226
273.8	183.243
273.9	183.259
274	183.275
274.1	183.292
274.2	183.308
274.3	183.324
274.4	183.341
274.5	183.357
274.6	183.374
274.7	183.39
274.8	183.406
274.9	183.423
275	183.439
275.1	183.455
275.2	183.472
275.3	183.488
275.4	183.504
275.5	183.521
275.6	183.537
275.7	183.553
275.8	183.57
275.9	183.586
276	183.602
276.1	183.618
276.2	183.635
276.3	183.651
276.4	183.667
276.5	183.684
276.6	183.7
276.7	183.716
276.8	183.733
276.9	183.749
277	183.765
277.1	183.781
277.2	183.798
277.3	183.814
277.4	183.83
277.5	183.846
277.6	183.863
277.7	183.879
277.8	183.895
277.9	183.911
278	183.928
278.1	183.944
278.2	183.96
278.3	183.976
278.4	183.993
278.5	184.009
278.6	184.025
278.7	184.041
278.8	184.057
278.9	184.074
279	184.09
279.1	184.106
279.2	184.122
279.3	184.139
279.4	184.155
279.5	184.171
279.6	184.187
279.7	184.203
279.8	184.219
279.9	184.236
280	184.252
280.1	184.268
280.2	184.284
280.3	184.3
280.4	184.317
280.5	184.333
280.6	184.349
280.7	184.365
280.8	184.381
280.9	184.397
281	184.413
281.1	184.43
281.2	184.446
281.3	184.462
281.4	184.478
281.5	184.494
281.6	184.51
281.7	184.526
281.8	184.543
281.9	184.559
282	184.575
282.1	184.591
282.2	184.607
282.3	184.623
282.4	184.639
282.5	184.655
282.6	184.671
282.7	184.687
282.8	184.704
282.9	184.72
283	184.736
283.1	184.752
283.2	184.768
283.3	184.784
283.4	184.8
283.5	184.816
283.6	184.832
283.7	184.848
283.8	184.864
283.9	184.88
284	184.896
284.1	184.912
284.2	184.928
284.3	184.944
284.4	184.961
284.5	184.977
284.6	184.993
284.7	185.009
284.8	185.025
284.9	185.041
285	185.057
285.1	185.073
285.2	185.089
285.3	185.105
285.4	185.121
285.5	185.137
285.6	185.153
285.7	185.169
285.8	185.185
285.9	185.201
286	185.217
286.1	185.233
286.2	185.249
286.3	185.265
286.4	185.281
286.5	185.297
286.6	185.313
286.7	185.329
286.8	185.345
286.9	185.36
287	185.376
287.1	185.392
287.2	185.408
287.3	185.424
287.4	185.44
287.5	185.456
287.6	185.472
287.7	185.488
287.8	185.504
287.9	185.52
288	185.536
288.1	185.552
288.2	185.568
288.3	185.584
288.4	185.599
288.5	185.615
288.6	185.631
288.7	185.647
288.8	185.663
288.9	185.679
289	185.695
289.1	185.711
289.2	185.727
289.3	185.743
289.4	185.758
289.5	185.774
289.6	185.79
289.7	185.806
289.8	185.822
289.9	185.838
290	185.854
290.1	185.87
290.2	185.885
290.3	185.901
290.4	185.917
290.5	185.933
290.6	185.949
290.7	185.965
290.8	185.98
290.9	185.996
291	186.012
291.1	186.028
291.2	186.044
291.3	186.06
291.4	186.075
291.5	186.091
291.6	186.107
291.7	186.123
291.8	186.139
291.9	186.155
292	186.17
292.1	186.186
292.2	186.202
292.3	186.218
292.4	186.234
292.5	186.249
292.6	186.265
292.7	186.281
292.8	186.297
292.9	186.312
293	186.328
293.1	186.344
293.2	186.36
293.3	186.375
293.4	186.391
293.5	186.407
293.6	186.423
293.7	186.439
293.8	186.454
293.9	186.47
294	186.486
294.1	186.501
294.2	186.517
294.3	186.533
294.4	186.549
294.5	186.564
294.6	186.58
294.7	186.596
294.8	186.612
294.9	186.627
295	186.643
295.1	186.659
295.2	186.674
295.3	186.69
295.4	186.706
295.5	186.722
295.6	186.737
295.7	186.753
295.8	186.769
295.9	186.784
296	186.8
296.1	186.816
296.2	186.831
296.3	186.847
296.4	186.863
296.5	186.878
296.6	186.894
296.7	186.91
296.8	186.925
296.9	186.941
297	186.957
297.1	186.972
297.2	186.988
297.3	187.004
297.4	187.019
297.5	187.035
297.6	187.051
297.7	187.066
297.8	187.082
297.9	187.097
298	187.113
298.1	187.129
298.2	187.144
298.3	187.16
298.4	187.175
298.5	187.191
298.6	187.207
298.7	187.222
298.8	187.238
298.9	187.253
299	187.269
299.1	187.285
299.2	187.3
299.3	187.316
299.4	187.331
299.5	187.347
299.6	187.363
299.7	187.378
299.8	187.394
299.9	187.409
300	187.425
