W	Pred
1.5	119.068
1.6	118.499
1.7	117.988
1.8	117.526
1.9	117.108
2	116.729
2.1	116.383
2.2	116.067
2.3	115.778
2.4	115.513
2.5	115.269
2.6	115.046
2.7	114.84
2.8	114.65
2.9	114.475
3	114.314
3.1	114.165
3.2	114.028
3.3	113.901
3.4	113.785
3.5	113.677
3.6	113.577
3.7	113.486
3.8	113.402
3.9	113.325
4	113.254
4.1	113.189
4.2	113.13
4.3	113.076
4.4	113.027
4.5	112.982
4.6	112.942
4.7	112.907
4.8	112.875
4.9	112.846
5	112.822
5.1	112.8
5.2	112.782
5.3	112.767
5.4	112.754
5.5	112.744
5.6	112.737
5.7	112.732
5.8	112.73
5.9	112.73
6	112.731
6.1	112.735
6.2	112.741
6.3	112.748
6.4	112.758
6.5	112.768
6.6	112.781
6.7	112.795
6.8	112.81
6.9	112.827
7	112.845
7.1	112.865
7.2	112.886
7.3	112.907
7.4	112.93
7.5	112.955
7.6	112.98
7.7	113.006
7.8	113.033
7.9	113.061
8	113.09
8.1	113.119
8.2	113.15
8.3	113.181
8.4	113.213
8.5	113.246
8.6	113.28
8.7	113.314
8.8	113.349
8.9	113.384
9	113.42
9.1	113.457
9.2	113.494
9.3	113.532
9.4	113.57
9.5	113.609
9.6	113.648
9.7	113.687
9.8	113.728
9.9	113.768
10	113.809
10.1	113.85
10.2	113.892
10.3	113.934
10.4	113.977
10.5	114.02
10.6	114.063
10.7	114.106
10.8	114.15
10.9	114.194
11	114.239
11.1	114.284
11.2	114.329
11.3	114.374
11.4	114.419
11.5	114.465
11.6	114.511
11.7	114.557
11.8	114.604
11.9	114.65
12	114.697
12.1	114.744
12.2	114.791
12.3	114.839
12.4	114.886
12.5	114.934
12.6	114.982
12.7	115.03
12.8	115.078
12.9	115.127
13	115.175
13.1	115.224
13.2	115.273
13.3	115.321
13.4	115.37
13.5	115.42
13.6	115.469
13.7	115.518
13.8	115.568
13.9	115.617
14	115.667
14.1	115.717
14.2	115.767
14.3	115.816
14.4	115.866
14.5	115.917
14.6	115.967
14.7	116.017
14.8	116.067
14.9	116.118
15	116.168
15.1	116.219
15.2	116.269
15.3	116.32
15.4	116.37
15.5	116.421
15.6	116.472
15.7	116.523
15.8	116.573
15.9	116.624
16	116.675
16.1	116.726
16.2	116.777
16.3	116.828
16.4	116.879
16.5	116.93
16.6	116.981
16.7	117.033
16.8	117.084
16.9	117.135
17	117.186
17.1	117.237
17.2	117.288
17.3	117.34
17.4	117.391
17.5	117.442
17.6	117.493
17.7	117.545
17.8	117.596
17.9	117.647
18	117.698
18.1	117.75
18.2	117.801
18.3	117.852
18.4	117.903
18.5	117.955
18.6	118.006
18.7	118.057
18.8	118.108
18.9	118.16
19	118.211
19.1	118.262
19.2	118.313
19.3	118.365
19.4	118.416
19.5	118.467
19.6	118.518
19.7	118.569
19.8	118.62
19.9	118.672
20	118.723
20.1	118.774
20.2	118.825
20.3	118.876
20.4	118.927
20.5	118.978
20.6	119.029
20.7	119.08
20.8	119.131
20.9	119.182
21	119.233
21.1	119.284
21.2	119.335
21.3	119.385
21.4	119.436
21.5	119.487
21.6	119.538
21.7	119.589
21.8	119.639
21.9	119.69
22	119.741
22.1	119.791
22.2	119.842
22.3	119.892
22.4	119.943
22.5	119.993
22.6	120.044
22.7	120.094
22.8	120.145
22.9	120.195
23	120.245
23.1	120.296
23.2	120.346
23.3	120.396
23.4	120.447
23.5	120.497
23.6	120.547
23.7	120.597
23.8	120.647
23.9	120.697
24	120.747
24.1	120.797
24.2	120.847
24.3	120.897
24.4	120.947
24.5	120.997
24.6	121.047
24.7	121.096
24.8	121.146
24.9	121.196
25	121.245
25.1	121.295
25.2	121.345
25.3	121.394
25.4	121.444
25.5	121.493
25.6	121.543
25.7	121.592
25.8	121.641
25.9	121.691
26	121.74
26.1	121.789
26.2	121.838
26.3	121.888
26.4	121.937
26.5	121.986
26.6	122.035
26.7	122.084
26.8	122.133
26.9	122.182
27	122.231
27.1	122.279
27.2	122.328
27.3	122.377
27.4	122.426
27.5	122.474
27.6	122.523
27.7	122.572
27.8	122.62
27.9	122.669
28	122.717
28.1	122.766
28.2	122.814
28.3	122.862
28.4	122.911
28.5	122.959
28.6	123.007
28.7	123.055
28.8	123.104
28.9	123.152
29	123.2
29.1	123.248
29.2	123.296
29.3	123.344
29.4	123.392
29.5	123.439
29.6	123.487
29.7	123.535
29.8	123.583
29.9	123.631
30	123.678
30.1	123.726
30.2	123.773
30.3	123.821
30.4	123.868
30.5	123.916
30.6	123.963
30.7	124.011
30.8	124.058
30.9	124.105
31	124.153
31.1	124.2
31.2	124.247
31.3	124.294
31.4	124.341
31.5	124.388
31.6	124.435
31.7	124.482
31.8	124.529
31.9	124.576
32	124.623
32.1	124.67
32.2	124.716
32.3	124.763
32.4	124.81
32.5	124.856
32.6	124.903
32.7	124.949
32.8	124.996
32.9	125.042
33	125.089
33.1	125.135
33.2	125.182
33.3	125.228
33.4	125.274
33.5	125.32
33.6	125.366
33.7	125.413
33.8	125.459
33.9	125.505
34	125.551
34.1	125.597
34.2	125.643
34.3	125.689
34.4	125.734
34.5	125.78
34.6	125.826
34.7	125.872
34.8	125.917
34.9	125.963
35	126.009
35.1	126.054
35.2	126.1
35.3	126.145
35.4	126.191
35.5	126.236
35.6	126.281
35.7	126.327
35.8	126.372
35.9	126.417
36	126.463
36.1	126.508
36.2	126.553
36.3	126.598
36.4	126.643
36.5	126.688
36.6	126.733
36.7	126.778
36.8	126.823
36.9	126.868
37	126.912
37.1	126.957
37.2	127.002
37.3	127.047
37.4	127.091
37.5	127.136
37.6	127.18
37.7	127.225
37.8	127.269
37.9	127.314
38	127.358
38.1	127.403
38.2	127.447
38.3	127.491
38.4	127.536
38.5	127.58
38.6	127.624
38.7	127.668
38.8	127.712
38.9	127.756
39	127.8
39.1	127.844
39.2	127.888
39.3	127.932
39.4	127.976
39.5	128.02
39.6	128.064
39.7	128.107
39.8	128.151
39.9	128.195
40	128.239
40.1	128.282
40.2	128.326
40.3	128.369
40.4	128.413
40.5	128.456
40.6	128.5
40.7	128.543
40.8	128.586
40.9	128.63
41	128.673
41.1	128.716
41.2	128.759
41.3	128.803
41.4	128.846
41.5	128.889
41.6	128.932
41.7	128.975
41.8	129.018
41.9	129.061
42	129.104
42.1	129.147
42.2	129.189
42.3	129.232
42.4	129.275
42.5	129.318
42.6	129.36
42.7	129.403
42.8	129.446
42.9	129.488
43	129.531
43.1	129.573
43.2	129.616
43.3	129.658
43.4	129.701
43.5	129.743
43.6	129.785
43.7	129.828
43.8	129.87
43.9	129.912
44	129.954
44.1	129.996
44.2	130.038
44.3	130.081
44.4	130.123
44.5	130.165
44.6	130.207
44.7	130.249
44.8	130.29
44.9	130.332
45	130.374
45.1	130.416
45.2	130.458
45.3	130.499
45.4	130.541
45.5	130.583
45.6	130.624
45.7	130.666
45.8	130.708
45.9	130.749
46	130.791
46.1	130.832
46.2	130.873
46.3	130.915
46.4	130.956
46.5	130.998
46.6	131.039
46.7	131.08
46.8	131.121
46.9	131.162
47	131.204
47.1	131.245
47.2	131.286
47.3	131.327
47.4	131.368
47.5	131.409
47.6	131.45
47.7	131.491
47.8	131.532
47.9	131.572
48	131.613
48.1	131.654
48.2	131.695
48.3	131.736
48.4	131.776
48.5	131.817
48.6	131.858
48.7	131.898
48.8	131.939
48.9	131.979
49	132.02
49.1	132.06
49.2	132.101
49.3	132.141
49.4	132.181
49.5	132.222
49.6	132.262
49.7	132.302
49.8	132.342
49.9	132.383
50	132.423
50.1	132.463
50.2	132.503
50.3	132.543
50.4	132.583
50.5	132.623
50.6	132.663
50.7	132.703
50.8	132.743
50.9	132.783
51	132.823
51.1	132.863
51.2	132.902
51.3	132.942
51.4	132.982
51.5	133.022
51.6	133.061
51.7	133.101
51.8	133.141
51.9	133.18
52	133.22
52.1	133.259
52.2	133.299
52.3	133.338
52.4	133.378
52.5	133.417
52.6	133.456
52.7	133.496
52.8	133.535
52.9	133.574
53	133.614
53.1	133.653
53.2	133.692
53.3	133.731
53.4	133.77
53.5	133.809
53.6	133.848
53.7	133.887
53.8	133.926
53.9	133.965
54	134.004
54.1	134.043
54.2	134.082
54.3	134.121
54.4	134.16
54.5	134.199
54.6	134.237
54.7	134.276
54.8	134.315
54.9	134.354
55	134.392
55.1	134.431
55.2	134.469
55.3	134.508
55.4	134.546
55.5	134.585
55.6	134.623
55.7	134.662
55.8	134.7
55.9	134.739
56	134.777
56.1	134.815
56.2	134.854
56.3	134.892
56.4	134.93
56.5	134.968
56.6	135.007
56.7	135.045
56.8	135.083
56.9	135.121
57	135.159
57.1	135.197
57.2	135.235
57.3	135.273
57.4	135.311
57.5	135.349
57.6	135.387
57.7	135.425
57.8	135.463
57.9	135.501
58	135.538
58.1	135.576
58.2	135.614
58.3	135.652
58.4	135.689
58.5	135.727
58.6	135.765
58.7	135.802
58.8	135.84
58.9	135.877
59	135.915
59.1	135.952
59.2	135.99
59.3	136.027
59.4	136.065
59.5	136.102
59.6	136.14
59.7	136.177
59.8	136.214
59.9	136.252
60	136.289
60.1	136.326
60.2	136.363
60.3	136.4
60.4	136.438
60.5	136.475
60.6	136.512
60.7	136.549
60.8	136.586
60.9	136.623
61	136.66
61.1	136.697
61.2	136.734
61.3	136.771
61.4	136.808
61.5	136.845
61.6	136.881
61.7	136.918
61.8	136.955
61.9	136.992
62	137.028
62.1	137.065
62.2	137.102
62.3	137.139
62.4	137.175
62.5	137.212
62.6	137.248
62.7	137.285
62.8	137.321
62.9	137.358
63	137.394
63.1	137.431
63.2	137.467
63.3	137.504
63.4	137.54
63.5	137.576
63.6	137.613
63.7	137.649
63.8	137.685
63.9	137.722
64	137.758
64.1	137.794
64.2	137.83
64.3	137.866
64.4	137.903
64.5	137.939
64.6	137.975
64.7	138.011
64.8	138.047
64.9	138.083
65	138.119
65.1	138.155
65.2	138.191
65.3	138.227
65.4	138.263
65.5	138.298
65.6	138.334
65.7	138.37
65.8	138.406
65.9	138.442
66	138.477
66.1	138.513
66.2	138.549
66.3	138.584
66.4	138.62
66.5	138.656
66.6	138.691
66.7	138.727
66.8	138.762
66.9	138.798
67	138.834
67.1	138.869
67.2	138.904
67.3	138.94
67.4	138.975
67.5	139.011
67.6	139.046
67.7	139.081
67.8	139.117
67.9	139.152
68	139.187
68.1	139.223
68.2	139.258
68.3	139.293
68.4	139.328
68.5	139.363
68.6	139.398
68.7	139.434
68.8	139.469
68.9	139.504
69	139.539
69.1	139.574
69.2	139.609
69.3	139.644
69.4	139.679
69.5	139.714
69.6	139.748
69.7	139.783
69.8	139.818
69.9	139.853
70	139.888
70.1	139.923
70.2	139.957
70.3	139.992
70.4	140.027
70.5	140.062
70.6	140.096
70.7	140.131
70.8	140.166
70.9	140.2
71	140.235
71.1	140.269
71.2	140.304
71.3	140.338
71.4	140.373
71.5	140.407
71.6	140.442
71.7	140.476
71.8	140.511
71.9	140.545
72	140.579
72.1	140.614
72.2	140.648
72.3	140.682
72.4	140.717
72.5	140.751
72.6	140.785
72.7	140.819
72.8	140.854
72.9	140.888
73	140.922
73.1	140.956
73.2	140.99
73.3	141.024
73.4	141.058
73.5	141.092
73.6	141.126
73.7	141.16
73.8	141.194
73.9	141.228
74	141.262
74.1	141.296
74.2	141.33
74.3	141.364
74.4	141.398
74.5	141.432
74.6	141.466
74.7	141.499
74.8	141.533
74.9	141.567
75	141.601
75.1	141.634
75.2	141.668
75.3	141.702
75.4	141.735
75.5	141.769
75.6	141.803
75.7	141.836
75.8	141.87
75.9	141.903
76	141.937
76.1	141.97
76.2	142.004
76.3	142.037
76.4	142.071
76.5	142.104
76.6	142.138
76.7	142.171
76.8	142.204
76.9	142.238
77	142.271
77.1	142.304
77.2	142.338
77.3	142.371
77.4	142.404
77.5	142.437
77.6	142.471
77.7	142.504
77.8	142.537
77.9	142.57
78	142.603
78.1	142.636
78.2	142.669
78.3	142.702
78.4	142.735
78.5	142.768
78.6	142.801
78.7	142.834
78.8	142.867
78.9	142.9
79	142.933
79.1	142.966
79.2	142.999
79.3	143.032
79.4	143.065
79.5	143.098
79.6	143.13
79.7	143.163
79.8	143.196
79.9	143.229
80	143.262
80.1	143.294
80.2	143.327
80.3	143.36
80.4	143.392
80.5	143.425
80.6	143.458
80.7	143.49
80.8	143.523
80.9	143.555
81	143.588
81.1	143.62
81.2	143.653
81.3	143.685
81.4	143.718
81.5	143.75
81.6	143.783
81.7	143.815
81.8	143.847
81.9	143.88
82	143.912
82.1	143.945
82.2	143.977
82.3	144.009
82.4	144.041
82.5	144.074
82.6	144.106
82.7	144.138
82.8	144.17
82.9	144.203
83	144.235
83.1	144.267
83.2	144.299
83.3	144.331
83.4	144.363
83.5	144.395
83.6	144.427
83.7	144.459
83.8	144.491
83.9	144.523
84	144.555
84.1	144.587
84.2	144.619
84.3	144.651
84.4	144.683
84.5	144.715
84.6	144.747
84.7	144.779
84.8	144.811
84.9	144.843
85	144.874
85.1	144.906
85.2	144.938
85.3	144.97
85.4	145.001
85.5	145.033
85.6	145.065
85.7	145.096
85.8	145.128
85.9	145.16
86	145.191
86.1	145.223
86.2	145.255
86.3	145.286
86.4	145.318
86.5	145.349
86.6	145.381
86.7	145.412
86.8	145.444
86.9	145.475
87	145.507
87.1	145.538
87.2	145.57
87.3	145.601
87.4	145.632
87.5	145.664
87.6	145.695
87.7	145.726
87.8	145.758
87.9	145.789
88	145.82
88.1	145.852
88.2	145.883
88.3	145.914
88.4	145.945
88.5	145.977
88.6	146.008
88.7	146.039
88.8	146.07
88.9	146.101
89	146.132
89.1	146.163
89.2	146.194
89.3	146.225
89.4	146.257
89.5	146.288
89.6	146.319
89.7	146.35
89.8	146.381
89.9	146.411
90	146.442
90.1	146.473
90.2	146.504
90.3	146.535
90.4	146.566
90.5	146.597
90.6	146.628
90.7	146.659
90.8	146.689
90.9	146.72
91	146.751
91.1	146.782
91.2	146.812
91.3	146.843
91.4	146.874
91.5	146.905
91.6	146.935
91.7	146.966
91.8	146.997
91.9	147.027
92	147.058
92.1	147.088
92.2	147.119
92.3	147.15
92.4	147.18
92.5	147.211
92.6	147.241
92.7	147.272
92.8	147.302
92.9	147.333
93	147.363
93.1	147.394
93.2	147.424
93.3	147.454
93.4	147.485
93.5	147.515
93.6	147.546
93.7	147.576
93.8	147.606
93.9	147.637
94	147.667
94.1	147.697
94.2	147.727
94.3	147.758
94.4	147.788
94.5	147.818
94.6	147.848
94.7	147.878
94.8	147.909
94.9	147.939
95	147.969
95.1	147.999
95.2	148.029
95.3	148.059
95.4	148.089
95.5	148.119
95.6	148.149
95.7	148.179
95.8	148.21
95.9	148.24
96	148.269
96.1	148.299
96.2	148.329
96.3	148.359
96.4	148.389
96.5	148.419
96.6	148.449
96.7	148.479
96.8	148.509
96.9	148.539
97	148.569
97.1	148.598
97.2	148.628
97.3	148.658
97.4	148.688
97.5	148.717
97.6	148.747
97.7	148.777
97.8	148.807
97.9	148.836
98	148.866
98.1	148.896
98.2	148.925
98.3	148.955
98.4	148.985
98.5	149.014
98.6	149.044
98.7	149.073
98.8	149.103
98.9	149.132
99	149.162
99.1	149.192
99.2	149.221
99.3	149.251
99.4	149.28
99.5	149.309
99.6	149.339
99.7	149.368
99.8	149.398
99.9	149.427
100	149.457
100.1	149.486
100.2	149.515
100.3	149.545
100.4	149.574
100.5	149.603
100.6	149.633
100.7	149.662
100.8	149.691
100.9	149.72
101	149.75
101.1	149.779
101.2	149.808
101.3	149.837
101.4	149.866
101.5	149.896
101.6	149.925
101.7	149.954
101.8	149.983
101.9	150.012
102	150.041
102.1	150.07
102.2	150.099
102.3	150.129
102.4	150.158
102.5	150.187
102.6	150.216
102.7	150.245
102.8	150.274
102.9	150.303
103	150.332
103.1	150.36
103.2	150.389
103.3	150.418
103.4	150.447
103.5	150.476
103.6	150.505
103.7	150.534
103.8	150.563
103.9	150.592
104	150.62
104.1	150.649
104.2	150.678
104.3	150.707
104.4	150.735
104.5	150.764
104.6	150.793
104.7	150.822
104.8	150.85
104.9	150.879
105	150.908
105.1	150.936
105.2	150.965
105.3	150.994
105.4	151.022
105.5	151.051
105.6	151.08
105.7	151.108
105.8	151.137
105.9	151.165
106	151.194
106.1	151.222
106.2	151.251
106.3	151.279
106.4	151.308
106.5	151.336
106.6	151.365
106.7	151.393
106.8	151.422
106.9	151.45
107	151.479
107.1	151.507
107.2	151.535
107.3	151.564
107.4	151.592
107.5	151.62
107.6	151.649
107.7	151.677
107.8	151.705
107.9	151.734
108	151.762
108.1	151.79
108.2	151.818
108.3	151.847
108.4	151.875
108.5	151.903
108.6	151.931
108.7	151.96
108.8	151.988
108.9	152.016
109	152.044
109.1	152.072
109.2	152.1
109.3	152.128
109.4	152.156
109.5	152.185
109.6	152.213
109.7	152.241
109.8	152.269
109.9	152.297
110	152.325
110.1	152.353
110.2	152.381
110.3	152.409
110.4	152.437
110.5	152.465
110.6	152.493
110.7	152.521
110.8	152.548
110.9	152.576
111	152.604
111.1	152.632
111.2	152.66
111.3	152.688
111.4	152.716
111.5	152.744
111.6	152.771
111.7	152.799
111.8	152.827
111.9	152.855
112	152.882
112.1	152.91
112.2	152.938
112.3	152.966
112.4	152.993
112.5	153.021
112.6	153.049
112.7	153.076
112.8	153.104
112.9	153.132
113	153.159
113.1	153.187
113.2	153.215
113.3	153.242
113.4	153.27
113.5	153.297
113.6	153.325
113.7	153.353
113.8	153.38
113.9	153.408
114	153.435
114.1	153.463
114.2	153.49
114.3	153.518
114.4	153.545
114.5	153.573
114.6	153.6
114.7	153.627
114.8	153.655
114.9	153.682
115	153.71
115.1	153.737
115.2	153.764
115.3	153.792
115.4	153.819
115.5	153.846
115.6	153.874
115.7	153.901
115.8	153.928
115.9	153.956
116	153.983
116.1	154.01
116.2	154.037
116.3	154.065
116.4	154.092
116.5	154.119
116.6	154.146
116.7	154.173
116.8	154.201
116.9	154.228
117	154.255
117.1	154.282
117.2	154.309
117.3	154.336
117.4	154.363
117.5	154.391
117.6	154.418
117.7	154.445
117.8	154.472
117.9	154.499
118	154.526
118.1	154.553
118.2	154.58
118.3	154.607
118.4	154.634
118.5	154.661
118.6	154.688
118.7	154.715
118.8	154.742
118.9	154.769
119	154.796
119.1	154.823
119.2	154.849
119.3	154.876
119.4	154.903
119.5	154.93
119.6	154.957
119.7	154.984
119.8	155.011
119.9	155.037
120	155.064
120.1	155.091
120.2	155.118
120.3	155.144
120.4	155.171
120.5	155.198
120.6	155.225
120.7	155.251
120.8	155.278
120.9	155.305
121	155.332
121.1	155.358
121.2	155.385
121.3	155.412
121.4	155.438
121.5	155.465
121.6	155.491
121.7	155.518
121.8	155.545
121.9	155.571
122	155.598
122.1	155.624
122.2	155.651
122.3	155.678
122.4	155.704
122.5	155.731
122.6	155.757
122.7	155.784
122.8	155.81
122.9	155.837
123	155.863
123.1	155.889
123.2	155.916
123.3	155.942
123.4	155.969
123.5	155.995
123.6	156.022
123.7	156.048
123.8	156.074
123.9	156.101
124	156.127
124.1	156.153
124.2	156.18
124.3	156.206
124.4	156.232
124.5	156.259
124.6	156.285
124.7	156.311
124.8	156.338
124.9	156.364
125	156.39
125.1	156.416
125.2	156.442
125.3	156.469
125.4	156.495
125.5	156.521
125.6	156.547
125.7	156.573
125.8	156.6
125.9	156.626
126	156.652
126.1	156.678
126.2	156.704
126.3	156.73
126.4	156.756
126.5	156.782
126.6	156.808
126.7	156.835
126.8	156.861
126.9	156.887
127	156.913
127.1	156.939
127.2	156.965
127.3	156.991
127.4	157.017
127.5	157.043
127.6	157.069
127.7	157.095
127.8	157.121
127.9	157.146
128	157.172
128.1	157.198
128.2	157.224
128.3	157.25
128.4	157.276
128.5	157.302
128.6	157.328
128.7	157.354
128.8	157.379
128.9	157.405
129	157.431
129.1	157.457
129.2	157.483
129.3	157.508
129.4	157.534
129.5	157.56
129.6	157.586
129.7	157.612
129.8	157.637
129.9	157.663
130	157.689
130.1	157.714
130.2	157.74
130.3	157.766
130.4	157.791
130.5	157.817
130.6	157.843
130.7	157.868
130.8	157.894
130.9	157.92
131	157.945
131.1	157.971
131.2	157.997
131.3	158.022
131.4	158.048
131.5	158.073
131.6	158.099
131.7	158.124
131.8	158.15
131.9	158.175
132	158.201
132.1	158.226
132.2	158.252
132.3	158.277
132.4	158.303
132.5	158.328
132.6	158.354
132.7	158.379
132.8	158.405
132.9	158.43
133	158.456
133.1	158.481
133.2	158.506
133.3	158.532
133.4	158.557
133.5	158.582
133.6	158.608
133.7	158.633
133.8	158.658
133.9	158.684
134	158.709
134.1	158.734
134.2	158.76
134.3	158.785
134.4	158.81
134.5	158.836
134.6	158.861
134.7	158.886
134.8	158.911
134.9	158.936
135	158.962
135.1	158.987
135.2	159.012
135.3	159.037
135.4	159.062
135.5	159.088
135.6	159.113
135.7	159.138
135.8	159.163
135.9	159.188
136	159.213
136.1	159.238
136.2	159.264
136.3	159.289
136.4	159.314
136.5	159.339
136.6	159.364
136.7	159.389
136.8	159.414
136.9	159.439
137	159.464
137.1	159.489
137.2	159.514
137.3	159.539
137.4	159.564
137.5	159.589
137.6	159.614
137.7	159.639
137.8	159.664
137.9	159.689
138	159.714
138.1	159.739
138.2	159.764
138.3	159.788
138.4	159.813
138.5	159.838
138.6	159.863
138.7	159.888
138.8	159.913
138.9	159.938
139	159.962
139.1	159.987
139.2	160.012
139.3	160.037
139.4	160.062
139.5	160.086
139.6	160.111
139.7	160.136
139.8	160.161
139.9	160.186
140	160.21
140.1	160.235
140.2	160.26
140.3	160.284
140.4	160.309
140.5	160.334
140.6	160.358
140.7	160.383
140.8	160.408
140.9	160.432
141	160.457
141.1	160.482
141.2	160.506
141.3	160.531
141.4	160.556
141.5	160.58
141.6	160.605
141.7	160.629
141.8	160.654
141.9	160.679
142	160.703
142.1	160.728
142.2	160.752
142.3	160.777
142.4	160.801
142.5	160.826
142.6	160.85
142.7	160.875
142.8	160.899
142.9	160.924
143	160.948
143.1	160.973
143.2	160.997
143.3	161.021
143.4	161.046
143.5	161.07
143.6	161.095
143.7	161.119
143.8	161.144
143.9	161.168
144	161.192
144.1	161.217
144.2	161.241
144.3	161.265
144.4	161.29
144.5	161.314
144.6	161.338
144.7	161.363
144.8	161.387
144.9	161.411
145	161.436
145.1	161.46
145.2	161.484
145.3	161.508
145.4	161.533
145.5	161.557
145.6	161.581
145.7	161.605
145.8	161.629
145.9	161.654
146	161.678
146.1	161.702
146.2	161.726
146.3	161.75
146.4	161.775
146.5	161.799
146.6	161.823
146.7	161.847
146.8	161.871
146.9	161.895
147	161.919
147.1	161.943
147.2	161.968
147.3	161.992
147.4	162.016
147.5	162.04
147.6	162.064
147.7	162.088
147.8	162.112
147.9	162.136
148	162.16
148.1	162.184
148.2	162.208
148.3	162.232
148.4	162.256
148.5	162.28
148.6	162.304
148.7	162.328
148.8	162.352
148.9	162.376
149	162.4
149.1	162.424
149.2	162.448
149.3	162.472
149.4	162.495
149.5	162.519
149.6	162.543
149.7	162.567
149.8	162.591
149.9	162.615
150	162.639
150.1	162.663
150.2	162.686
150.3	162.71
150.4	162.734
150.5	162.758
150.6	162.782
150.7	162.805
150.8	162.829
150.9	162.853
151	162.877
151.1	162.9
151.2	162.924
151.3	162.948
151.4	162.972
151.5	162.995
151.6	163.019
151.7	163.043
151.8	163.067
151.9	163.09
152	163.114
152.1	163.138
152.2	163.161
152.3	163.185
152.4	163.209
152.5	163.232
152.6	163.256
152.7	163.28
152.8	163.303
152.9	163.327
153	163.35
153.1	163.374
153.2	163.398
153.3	163.421
153.4	163.445
153.5	163.468
153.6	163.492
153.7	163.515
153.8	163.539
153.9	163.562
154	163.586
154.1	163.609
154.2	163.633
154.3	163.656
154.4	163.68
154.5	163.703
154.6	163.727
154.7	163.75
154.8	163.774
154.9	163.797
155	163.821
155.1	163.844
155.2	163.868
155.3	163.891
155.4	163.914
155.5	163.938
155.6	163.961
155.7	163.985
155.8	164.008
155.9	164.031
156	164.055
156.1	164.078
156.2	164.101
156.3	164.125
156.4	164.148
156.5	164.171
156.6	164.195
156.7	164.218
156.8	164.241
156.9	164.264
157	164.288
157.1	164.311
157.2	164.334
157.3	164.358
157.4	164.381
157.5	164.404
157.6	164.427
157.7	164.45
157.8	164.474
157.9	164.497
158	164.52
158.1	164.543
158.2	164.566
158.3	164.59
158.4	164.613
158.5	164.636
158.6	164.659
158.7	164.682
158.8	164.705
158.9	164.729
159	164.752
159.1	164.775
159.2	164.798
159.3	164.821
159.4	164.844
159.5	164.867
159.6	164.89
159.7	164.913
159.8	164.936
159.9	164.959
160	164.982
160.1	165.005
160.2	165.029
160.3	165.052
160.4	165.075
160.5	165.098
160.6	165.121
160.7	165.144
160.8	165.167
160.9	165.189
161	165.212
161.1	165.235
161.2	165.258
161.3	165.281
161.4	165.304
161.5	165.327
161.6	165.35
161.7	165.373
161.8	165.396
161.9	165.419
162	165.442
162.1	165.465
162.2	165.487
162.3	165.51
162.4	165.533
162.5	165.556
162.6	165.579
162.7	165.602
162.8	165.625
162.9	165.647
163	165.67
163.1	165.693
163.2	165.716
163.3	165.739
163.4	165.761
163.5	165.784
163.6	165.807
163.7	165.83
163.8	165.852
163.9	165.875
164	165.898
164.1	165.921
164.2	165.943
164.3	165.966
164.4	165.989
164.5	166.012
164.6	166.034
164.7	166.057
164.8	166.08
164.9	166.102
165	166.125
165.1	166.148
165.2	166.17
165.3	166.193
165.4	166.216
165.5	166.238
165.6	166.261
165.7	166.283
165.8	166.306
165.9	166.329
166	166.351
166.1	166.374
166.2	166.396
166.3	166.419
166.4	166.441
166.5	166.464
166.6	166.487
166.7	166.509
166.8	166.532
166.9	166.554
167	166.577
167.1	166.599
167.2	166.622
167.3	166.644
167.4	166.667
167.5	166.689
167.6	166.712
167.7	166.734
167.8	166.757
167.9	166.779
168	166.801
168.1	166.824
168.2	166.846
168.3	166.869
168.4	166.891
168.5	166.914
168.6	166.936
168.7	166.958
168.8	166.981
168.9	167.003
169	167.026
169.1	167.048
169.2	167.07
169.3	167.093
169.4	167.115
169.5	167.137
169.6	167.16
169.7	167.182
169.8	167.204
169.9	167.227
170	167.249
170.1	167.271
170.2	167.293
170.3	167.316
170.4	167.338
170.5	167.36
170.6	167.383
170.7	167.405
170.8	167.427
170.9	167.449
171	167.472
171.1	167.494
171.2	167.516
171.3	167.538
171.4	167.56
171.5	167.583
171.6	167.605
171.7	167.627
171.8	167.649
171.9	167.671
172	167.693
172.1	167.716
172.2	167.738
172.3	167.76
172.4	167.782
172.5	167.804
172.6	167.826
172.7	167.848
172.8	167.871
172.9	167.893
173	167.915
173.1	167.937
173.2	167.959
173.3	167.981
173.4	168.003
173.5	168.025
173.6	168.047
173.7	168.069
173.8	168.091
173.9	168.113
174	168.135
174.1	168.157
174.2	168.179
174.3	168.201
174.4	168.223
174.5	168.245
174.6	168.267
174.7	168.289
174.8	168.311
174.9	168.333
175	168.355
175.1	168.377
175.2	168.399
175.3	168.421
175.4	168.443
175.5	168.465
175.6	168.487
175.7	168.509
175.8	168.531
175.9	168.552
176	168.574
176.1	168.596
176.2	168.618
176.3	168.64
176.4	168.662
176.5	168.684
176.6	168.706
176.7	168.727
176.8	168.749
176.9	168.771
177	168.793
177.1	168.815
177.2	168.836
177.3	168.858
177.4	168.88
177.5	168.902
177.6	168.924
177.7	168.945
177.8	168.967
177.9	168.989
178	169.011
178.1	169.032
178.2	169.054
178.3	169.076
178.4	169.098
178.5	169.119
178.6	169.141
178.7	169.163
178.8	169.184
178.9	169.206
179	169.228
179.1	169.25
179.2	169.271
179.3	169.293
179.4	169.315
179.5	169.336
179.6	169.358
179.7	169.379
179.8	169.401
179.9	169.423
180	169.444
180.1	169.466
180.2	169.488
180.3	169.509
180.4	169.531
180.5	169.552
180.6	169.574
180.7	169.596
180.8	169.617
180.9	169.639
181	169.66
181.1	169.682
181.2	169.703
181.3	169.725
181.4	169.746
181.5	169.768
181.6	169.789
181.7	169.811
181.8	169.832
181.9	169.854
182	169.875
182.1	169.897
182.2	169.918
182.3	169.94
182.4	169.961
182.5	169.983
182.6	170.004
182.7	170.026
182.8	170.047
182.9	170.069
183	170.09
183.1	170.111
183.2	170.133
183.3	170.154
183.4	170.176
183.5	170.197
183.6	170.218
183.7	170.24
183.8	170.261
183.9	170.283
184	170.304
184.1	170.325
184.2	170.347
184.3	170.368
184.4	170.389
184.5	170.411
184.6	170.432
184.7	170.453
184.8	170.475
184.9	170.496
185	170.517
185.1	170.539
185.2	170.56
185.3	170.581
185.4	170.602
185.5	170.624
185.6	170.645
185.7	170.666
185.8	170.687
185.9	170.709
186	170.73
186.1	170.751
186.2	170.772
186.3	170.794
186.4	170.815
186.5	170.836
186.6	170.857
186.7	170.878
186.8	170.9
186.9	170.921
187	170.942
187.1	170.963
187.2	170.984
187.3	171.005
187.4	171.027
187.5	171.048
187.6	171.069
187.7	171.09
187.8	171.111
187.9	171.132
188	171.153
188.1	171.174
188.2	171.196
188.3	171.217
188.4	171.238
188.5	171.259
188.6	171.28
188.7	171.301
188.8	171.322
188.9	171.343
189	171.364
189.1	171.385
189.2	171.406
189.3	171.427
189.4	171.448
189.5	171.469
189.6	171.49
189.7	171.511
189.8	171.532
189.9	171.553
190	171.574
190.1	171.595
190.2	171.616
190.3	171.637
190.4	171.658
190.5	171.679
190.6	171.7
190.7	171.721
190.8	171.742
190.9	171.763
191	171.784
191.1	171.805
191.2	171.826
191.3	171.847
191.4	171.868
191.5	171.889
191.6	171.909
191.7	171.93
191.8	171.951
191.9	171.972
192	171.993
192.1	172.014
192.2	172.035
192.3	172.056
192.4	172.076
192.5	172.097
192.6	172.118
192.7	172.139
192.8	172.16
192.9	172.181
193	172.201
193.1	172.222
193.2	172.243
193.3	172.264
193.4	172.285
193.5	172.305
193.6	172.326
193.7	172.347
193.8	172.368
193.9	172.388
194	172.409
194.1	172.43
194.2	172.451
194.3	172.471
194.4	172.492
194.5	172.513
194.6	172.534
194.7	172.554
194.8	172.575
194.9	172.596
195	172.616
195.1	172.637
195.2	172.658
195.3	172.678
195.4	172.699
195.5	172.72
195.6	172.74
195.7	172.761
195.8	172.782
195.9	172.802
196	172.823
196.1	172.844
196.2	172.864
196.3	172.885
196.4	172.905
196.5	172.926
196.6	172.947
196.7	172.967
196.8	172.988
196.9	173.008
197	173.029
197.1	173.05
197.2	173.07
197.3	173.091
197.4	173.111
197.5	173.132
197.6	173.152
197.7	173.173
197.8	173.193
197.9	173.214
198	173.234
198.1	173.255
198.2	173.276
198.3	173.296
198.4	173.317
198.5	173.337
198.6	173.357
198.7	173.378
198.8	173.398
198.9	173.419
199	173.439
199.1	173.46
199.2	173.48
199.3	173.501
199.4	173.521
199.5	173.542
199.6	173.562
199.7	173.582
199.8	173.603
199.9	173.623
200	173.644
200.1	173.664
200.2	173.685
200.3	173.705
200.4	173.725
200.5	173.746
200.6	173.766
200.7	173.786
200.8	173.807
200.9	173.827
201	173.847
201.1	173.868
201.2	173.888
201.3	173.909
201.4	173.929
201.5	173.949
201.6	173.969
201.7	173.99
201.8	174.01
201.9	174.03
202	174.051
202.1	174.071
202.2	174.091
202.3	174.112
202.4	174.132
202.5	174.152
202.6	174.172
202.7	174.193
202.8	174.213
202.9	174.233
203	174.253
203.1	174.274
203.2	174.294
203.3	174.314
203.4	174.334
203.5	174.354
203.6	174.375
203.7	174.395
203.8	174.415
203.9	174.435
204	174.455
204.1	174.476
204.2	174.496
204.3	174.516
204.4	174.536
204.5	174.556
204.6	174.576
204.7	174.597
204.8	174.617
204.9	174.637
205	174.657
205.1	174.677
205.2	174.697
205.3	174.717
205.4	174.738
205.5	174.758
205.6	174.778
205.7	174.798
205.8	174.818
205.9	174.838
206	174.858
206.1	174.878
206.2	174.898
206.3	174.918
206.4	174.938
206.5	174.958
206.6	174.978
206.7	174.998
206.8	175.019
206.9	175.039
207	175.059
207.1	175.079
207.2	175.099
207.3	175.119
207.4	175.139
207.5	175.159
207.6	175.179
207.7	175.199
207.8	175.219
207.9	175.239
208	175.259
208.1	175.278
208.2	175.298
208.3	175.318
208.4	175.338
208.5	175.358
208.6	175.378
208.7	175.398
208.8	175.418
208.9	175.438
209	175.458
209.1	175.478
209.2	175.498
209.3	175.518
209.4	175.538
209.5	175.557
209.6	175.577
209.7	175.597
209.8	175.617
209.9	175.637
210	175.657
210.1	175.677
210.2	175.697
210.3	175.716
210.4	175.736
210.5	175.756
210.6	175.776
210.7	175.796
210.8	175.816
210.9	175.835
211	175.855
211.1	175.875
211.2	175.895
211.3	175.915
211.4	175.934
211.5	175.954
211.6	175.974
211.7	175.994
211.8	176.013
211.9	176.033
212	176.053
212.1	176.073
212.2	176.093
212.3	176.112
212.4	176.132
212.5	176.152
212.6	176.171
212.7	176.191
212.8	176.211
212.9	176.231
213	176.25
213.1	176.27
213.2	176.29
213.3	176.309
213.4	176.329
213.5	176.349
213.6	176.368
213.7	176.388
213.8	176.408
213.9	176.427
214	176.447
214.1	176.467
214.2	176.486
214.3	176.506
214.4	176.526
214.5	176.545
214.6	176.565
214.7	176.585
214.8	176.604
214.9	176.624
215	176.643
215.1	176.663
215.2	176.683
215.3	176.702
215.4	176.722
215.5	176.741
215.6	176.761
215.7	176.781
215.8	176.8
215.9	176.82
216	176.839
216.1	176.859
216.2	176.878
216.3	176.898
216.4	176.917
216.5	176.937
216.6	176.956
216.7	176.976
216.8	176.996
216.9	177.015
217	177.035
217.1	177.054
217.2	177.074
217.3	177.093
217.4	177.113
217.5	177.132
217.6	177.151
217.7	177.171
217.8	177.19
217.9	177.21
218	177.229
218.1	177.249
218.2	177.268
218.3	177.288
218.4	177.307
218.5	177.327
218.6	177.346
218.7	177.365
218.8	177.385
218.9	177.404
219	177.424
219.1	177.443
219.2	177.462
219.3	177.482
219.4	177.501
219.5	177.521
219.6	177.54
219.7	177.559
219.8	177.579
219.9	177.598
220	177.617
220.1	177.637
220.2	177.656
220.3	177.675
220.4	177.695
220.5	177.714
220.6	177.733
220.7	177.753
220.8	177.772
220.9	177.791
221	177.811
221.1	177.83
221.2	177.849
221.3	177.869
221.4	177.888
221.5	177.907
221.6	177.926
221.7	177.946
221.8	177.965
221.9	177.984
222	178.004
222.1	178.023
222.2	178.042
222.3	178.061
222.4	178.081
222.5	178.1
222.6	178.119
222.7	178.138
222.8	178.157
222.9	178.177
223	178.196
223.1	178.215
223.2	178.234
223.3	178.254
223.4	178.273
223.5	178.292
223.6	178.311
223.7	178.33
223.8	178.349
223.9	178.369
224	178.388
224.1	178.407
224.2	178.426
224.3	178.445
224.4	178.464
224.5	178.484
224.6	178.503
224.7	178.522
224.8	178.541
224.9	178.56
225	178.579
225.1	178.598
225.2	178.617
225.3	178.636
225.4	178.656
225.5	178.675
225.6	178.694
225.7	178.713
225.8	178.732
225.9	178.751
226	178.77
226.1	178.789
226.2	178.808
226.3	178.827
226.4	178.846
226.5	178.865
226.6	178.884
226.7	178.903
226.8	178.922
226.9	178.941
227	178.96
227.1	178.979
227.2	178.999
227.3	179.018
227.4	179.037
227.5	179.056
227.6	179.075
227.7	179.094
227.8	179.112
227.9	179.131
228	179.15
228.1	179.169
228.2	179.188
228.3	179.207
228.4	179.226
228.5	179.245
228.6	179.264
228.7	179.283
228.8	179.302
228.9	179.321
229	179.34
229.1	179.359
229.2	179.378
229.3	179.397
229.4	179.416
229.5	179.435
229.6	179.453
229.7	179.472
229.8	179.491
229.9	179.51
230	179.529
230.1	179.548
230.2	179.567
230.3	179.586
230.4	179.604
230.5	179.623
230.6	179.642
230.7	179.661
230.8	179.68
230.9	179.699
231	179.718
231.1	179.736
231.2	179.755
231.3	179.774
231.4	179.793
231.5	179.812
231.6	179.831
231.7	179.849
231.8	179.868
231.9	179.887
232	179.906
232.1	179.924
232.2	179.943
232.3	179.962
232.4	179.981
232.5	180
232.6	180.018
232.7	180.037
232.8	180.056
232.9	180.075
233	180.093
233.1	180.112
233.2	180.131
233.3	180.15
233.4	180.168
233.5	180.187
233.6	180.206
233.7	180.224
233.8	180.243
233.9	180.262
234	180.281
234.1	180.299
234.2	180.318
234.3	180.337
234.4	180.355
234.5	180.374
234.6	180.393
234.7	180.411
234.8	180.43
234.9	180.449
235	180.467
235.1	180.486
235.2	180.505
235.3	180.523
235.4	180.542
235.5	180.561
235.6	180.579
235.7	180.598
235.8	180.616
235.9	180.635
236	180.654
236.1	180.672
236.2	180.691
236.3	180.71
236.4	180.728
236.5	180.747
236.6	180.765
236.7	180.784
236.8	180.802
236.9	180.821
237	180.84
237.1	180.858
237.2	180.877
237.3	180.895
237.4	180.914
237.5	180.932
237.6	180.951
237.7	180.969
237.8	180.988
237.9	181.006
238	181.025
238.1	181.044
238.2	181.062
238.3	181.081
238.4	181.099
238.5	181.118
238.6	181.136
238.7	181.155
238.8	181.173
238.9	181.192
239	181.21
239.1	181.229
239.2	181.247
239.3	181.265
239.4	181.284
239.5	181.302
239.6	181.321
239.7	181.339
239.8	181.358
239.9	181.376
240	181.395
240.1	181.413
240.2	181.431
240.3	181.45
240.4	181.468
240.5	181.487
240.6	181.505
240.7	181.524
240.8	181.542
240.9	181.56
241	181.579
241.1	181.597
241.2	181.616
241.3	181.634
241.4	181.652
241.5	181.671
241.6	181.689
241.7	181.707
241.8	181.726
241.9	181.744
242	181.762
242.1	181.781
242.2	181.799
242.3	181.817
242.4	181.836
242.5	181.854
242.6	181.872
242.7	181.891
242.8	181.909
242.9	181.927
243	181.946
243.1	181.964
243.2	181.982
243.3	182.001
243.4	182.019
243.5	182.037
243.6	182.056
243.7	182.074
243.8	182.092
243.9	182.11
244	182.129
244.1	182.147
244.2	182.165
244.3	182.183
244.4	182.202
244.5	182.22
244.6	182.238
244.7	182.256
244.8	182.275
244.9	182.293
245	182.311
245.1	182.329
245.2	182.347
245.3	182.366
245.4	182.384
245.5	182.402
245.6	182.42
245.7	182.439
245.8	182.457
245.9	182.475
246	182.493
246.1	182.511
246.2	182.529
246.3	182.548
246.4	182.566
246.5	182.584
246.6	182.602
246.7	182.62
246.8	182.638
246.9	182.657
247	182.675
247.1	182.693
247.2	182.711
247.3	182.729
247.4	182.747
247.5	182.765
247.6	182.783
247.7	182.802
247.8	182.82
247.9	182.838
248	182.856
248.1	182.874
248.2	182.892
248.3	182.91
248.4	182.928
248.5	182.946
248.6	182.964
248.7	182.982
248.8	183.001
248.9	183.019
249	183.037
249.1	183.055
249.2	183.073
249.3	183.091
249.4	183.109
249.5	183.127
249.6	183.145
249.7	183.163
249.8	183.181
249.9	183.199
250	183.217
250.1	183.235
250.2	183.253
250.3	183.271
250.4	183.289
250.5	183.307
250.6	183.325
250.7	183.343
250.8	183.361
250.9	183.379
251	183.397
251.1	183.415
251.2	183.433
251.3	183.451
251.4	183.469
251.5	183.487
251.6	183.505
251.7	183.523
251.8	183.541
251.9	183.559
252	183.577
252.1	183.594
252.2	183.612
252.3	183.63
252.4	183.648
252.5	183.666
252.6	183.684
252.7	183.702
252.8	183.72
252.9	183.738
253	183.756
253.1	183.774
253.2	183.791
253.3	183.809
253.4	183.827
253.5	183.845
253.6	183.863
253.7	183.881
253.8	183.899
253.9	183.917
254	183.934
254.1	183.952
254.2	183.97
254.3	183.988
254.4	184.006
254.5	184.024
254.6	184.042
254.7	184.059
254.8	184.077
254.9	184.095
255	184.113
255.1	184.131
255.2	184.148
255.3	184.166
255.4	184.184
255.5	184.202
255.6	184.22
255.7	184.237
255.8	184.255
255.9	184.273
256	184.291
256.1	184.309
256.2	184.326
256.3	184.344
256.4	184.362
256.5	184.38
256.6	184.397
256.7	184.415
256.8	184.433
256.9	184.451
257	184.468
257.1	184.486
257.2	184.504
257.3	184.522
257.4	184.539
257.5	184.557
257.6	184.575
257.7	184.592
257.8	184.61
257.9	184.628
258	184.646
258.1	184.663
258.2	184.681
258.3	184.699
258.4	184.716
258.5	184.734
258.6	184.752
258.7	184.769
258.8	184.787
258.9	184.805
259	184.822
259.1	184.84
259.2	184.858
259.3	184.875
259.4	184.893
259.5	184.911
259.6	184.928
259.7	184.946
259.8	184.964
259.9	184.981
260	184.999
260.1	185.016
260.2	185.034
260.3	185.052
260.4	185.069
260.5	185.087
260.6	185.104
260.7	185.122
260.8	185.14
260.9	185.157
261	185.175
261.1	185.192
261.2	185.21
261.3	185.228
261.4	185.245
261.5	185.263
261.6	185.28
261.7	185.298
261.8	185.315
261.9	185.333
262	185.35
262.1	185.368
262.2	185.386
262.3	185.403
262.4	185.421
262.5	185.438
262.6	185.456
262.7	185.473
262.8	185.491
262.9	185.508
263	185.526
263.1	185.543
263.2	185.561
263.3	185.578
263.4	185.596
263.5	185.613
263.6	185.631
263.7	185.648
263.8	185.666
263.9	185.683
264	185.701
264.1	185.718
264.2	185.736
264.3	185.753
264.4	185.77
264.5	185.788
264.6	185.805
264.7	185.823
264.8	185.84
264.9	185.858
265	185.875
265.1	185.893
265.2	185.91
265.3	185.927
265.4	185.945
265.5	185.962
265.6	185.98
265.7	185.997
265.8	186.014
265.9	186.032
266	186.049
266.1	186.067
266.2	186.084
266.3	186.101
266.4	186.119
266.5	186.136
266.6	186.154
266.7	186.171
266.8	186.188
266.9	186.206
267	186.223
267.1	186.24
267.2	186.258
267.3	186.275
267.4	186.292
267.5	186.31
267.6	186.327
267.7	186.344
267.8	186.362
267.9	186.379
268	186.396
268.1	186.414
268.2	186.431
268.3	186.448
268.4	186.466
268.5	186.483
268.6	186.5
268.7	186.518
268.8	186.535
268.9	186.552
269	186.569
269.1	186.587
269.2	186.604
269.3	186.621
269.4	186.639
269.5	186.656
269.6	186.673
269.7	186.69
269.8	186.708
269.9	186.725
270	186.742
270.1	186.759
270.2	186.777
270.3	186.794
270.4	186.811
270.5	186.828
270.6	186.846
270.7	186.863
270.8	186.88
270.9	186.897
271	186.914
271.1	186.932
271.2	186.949
271.3	186.966
271.4	186.983
271.5	187
271.6	187.018
271.7	187.035
271.8	187.052
271.9	187.069
272	187.086
272.1	187.104
272.2	187.121
272.3	187.138
272.4	187.155
272.5	187.172
272.6	187.189
272.7	187.207
272.8	187.224
272.9	187.241
273	187.258
273.1	187.275
273.2	187.292
273.3	187.309
273.4	187.327
273.5	187.344
273.6	187.361
273.7	187.378
273.8	187.395
273.9	187.412
274	187.429
274.1	187.446
274.2	187.463
274.3	187.48
274.4	187.498
274.5	187.515
274.6	187.532
274.7	187.549
274.8	187.566
274.9	187.583
275	187.6
275.1	187.617
275.2	187.634
275.3	187.651
275.4	187.668
275.5	187.685
275.6	187.702
275.7	187.719
275.8	187.737
275.9	187.754
276	187.771
276.1	187.788
276.2	187.805
276.3	187.822
276.4	187.839
276.5	187.856
276.6	187.873
276.7	187.89
276.8	187.907
276.9	187.924
277	187.941
277.1	187.958
277.2	187.975
277.3	187.992
277.4	188.009
277.5	188.026
277.6	188.043
277.7	188.06
277.8	188.077
277.9	188.094
278	188.111
278.1	188.128
278.2	188.145
278.3	188.161
278.4	188.178
278.5	188.195
278.6	188.212
278.7	188.229
278.8	188.246
278.9	188.263
279	188.28
279.1	188.297
279.2	188.314
279.3	188.331
279.4	188.348
279.5	188.365
279.6	188.382
279.7	188.398
279.8	188.415
279.9	188.432
280	188.449
280.1	188.466
280.2	188.483
280.3	188.5
280.4	188.517
280.5	188.534
280.6	188.55
280.7	188.567
280.8	188.584
280.9	188.601
281	188.618
281.1	188.635
281.2	188.652
281.3	188.669
281.4	188.685
281.5	188.702
281.6	188.719
281.7	188.736
281.8	188.753
281.9	188.77
282	188.786
282.1	188.803
282.2	188.82
282.3	188.837
282.4	188.854
282.5	188.87
282.6	188.887
282.7	188.904
282.8	188.921
282.9	188.938
283	188.955
283.1	188.971
283.2	188.988
283.3	189.005
283.4	189.022
283.5	189.038
283.6	189.055
283.7	189.072
283.8	189.089
283.9	189.106
284	189.122
284.1	189.139
284.2	189.156
284.3	189.173
284.4	189.189
284.5	189.206
284.6	189.223
284.7	189.24
284.8	189.256
284.9	189.273
285	189.29
285.1	189.306
285.2	189.323
285.3	189.34
285.4	189.357
285.5	189.373
285.6	189.39
285.7	189.407
285.8	189.423
285.9	189.44
286	189.457
286.1	189.473
286.2	189.49
286.3	189.507
286.4	189.524
286.5	189.54
286.6	189.557
286.7	189.574
286.8	189.59
286.9	189.607
287	189.624
287.1	189.64
287.2	189.657
287.3	189.674
287.4	189.69
287.5	189.707
287.6	189.723
287.7	189.74
287.8	189.757
287.9	189.773
288	189.79
288.1	189.807
288.2	189.823
288.3	189.84
288.4	189.856
288.5	189.873
288.6	189.89
288.7	189.906
288.8	189.923
288.9	189.939
289	189.956
289.1	189.973
289.2	189.989
289.3	190.006
289.4	190.022
289.5	190.039
289.6	190.056
289.7	190.072
289.8	190.089
289.9	190.105
290	190.122
290.1	190.138
290.2	190.155
290.3	190.171
290.4	190.188
290.5	190.205
290.6	190.221
290.7	190.238
290.8	190.254
290.9	190.271
291	190.287
291.1	190.304
291.2	190.32
291.3	190.337
291.4	190.353
291.5	190.37
291.6	190.386
291.7	190.403
291.8	190.419
291.9	190.436
292	190.452
292.1	190.469
292.2	190.485
292.3	190.502
292.4	190.518
292.5	190.535
292.6	190.551
292.7	190.568
292.8	190.584
292.9	190.601
293	190.617
293.1	190.634
293.2	190.65
293.3	190.667
293.4	190.683
293.5	190.699
293.6	190.716
293.7	190.732
293.8	190.749
293.9	190.765
294	190.782
294.1	190.798
294.2	190.815
294.3	190.831
294.4	190.847
294.5	190.864
294.6	190.88
294.7	190.897
294.8	190.913
294.9	190.929
295	190.946
295.1	190.962
295.2	190.979
295.3	190.995
295.4	191.011
295.5	191.028
295.6	191.044
295.7	191.061
295.8	191.077
295.9	191.093
296	191.11
296.1	191.126
296.2	191.142
296.3	191.159
296.4	191.175
296.5	191.191
296.6	191.208
296.7	191.224
296.8	191.24
296.9	191.257
297	191.273
297.1	191.289
297.2	191.306
297.3	191.322
297.4	191.338
297.5	191.355
297.6	191.371
297.7	191.387
297.8	191.404
297.9	191.42
298	191.436
298.1	191.453
298.2	191.469
298.3	191.485
298.4	191.502
298.5	191.518
298.6	191.534
298.7	191.55
298.8	191.567
298.9	191.583
299	191.599
299.1	191.616
299.2	191.632
299.3	191.648
299.4	191.664
299.5	191.681
299.6	191.697
299.7	191.713
299.8	191.729
299.9	191.746
300	191.762
