W	Pred
1.5	139.66
1.6	137.888
1.7	136.284
1.8	134.827
1.9	133.496
2	132.276
2.1	131.155
2.2	130.121
2.3	129.164
2.4	128.277
2.5	127.453
2.6	126.685
2.7	125.969
2.8	125.3
2.9	124.674
3	124.086
3.1	123.535
3.2	123.017
3.3	122.529
3.4	122.07
3.5	121.637
3.6	121.228
3.7	120.842
3.8	120.477
3.9	120.132
4	119.805
4.1	119.496
4.2	119.203
4.3	118.925
4.4	118.662
4.5	118.412
4.6	118.175
4.7	117.949
4.8	117.736
4.9	117.533
5	117.34
5.1	117.157
5.2	116.983
5.3	116.817
5.4	116.66
5.5	116.511
5.6	116.369
5.7	116.235
5.8	116.107
5.9	115.986
6	115.871
6.1	115.762
6.2	115.658
6.3	115.56
6.4	115.467
6.5	115.379
6.6	115.296
6.7	115.217
6.8	115.143
6.9	115.073
7	115.007
7.1	114.945
7.2	114.886
7.3	114.831
7.4	114.78
7.5	114.732
7.6	114.687
7.7	114.645
7.8	114.606
7.9	114.57
8	114.536
8.1	114.506
8.2	114.477
8.3	114.452
8.4	114.428
8.5	114.407
8.6	114.389
8.7	114.372
8.8	114.357
8.9	114.345
9	114.334
9.1	114.325
9.2	114.318
9.3	114.313
9.4	114.309
9.5	114.307
9.6	114.307
9.7	114.308
9.8	114.311
9.9	114.315
10	114.32
10.1	114.327
10.2	114.335
10.3	114.345
10.4	114.356
10.5	114.367
10.6	114.381
10.7	114.395
10.8	114.41
10.9	114.426
11	114.444
11.1	114.462
11.2	114.482
11.3	114.502
11.4	114.523
11.5	114.545
11.6	114.568
11.7	114.592
11.8	114.617
11.9	114.643
12	114.669
12.1	114.696
12.2	114.724
12.3	114.752
12.4	114.781
12.5	114.811
12.6	114.842
12.7	114.873
12.8	114.905
12.9	114.937
13	114.97
13.1	115.003
13.2	115.038
13.3	115.072
13.4	115.107
13.5	115.143
13.6	115.179
13.7	115.216
13.8	115.253
13.9	115.291
14	115.329
14.1	115.367
14.2	115.406
14.3	115.446
14.4	115.486
14.5	115.526
14.6	115.566
14.7	115.607
14.8	115.649
14.9	115.69
15	115.732
15.1	115.775
15.2	115.817
15.3	115.86
15.4	115.904
15.5	115.947
15.6	115.991
15.7	116.035
15.8	116.08
15.9	116.125
16	116.17
16.1	116.215
16.2	116.261
16.3	116.306
16.4	116.353
16.5	116.399
16.6	116.445
16.7	116.492
16.8	116.539
16.9	116.586
17	116.634
17.1	116.681
17.2	116.729
17.3	116.777
17.4	116.825
17.5	116.874
17.6	116.922
17.7	116.971
17.8	117.02
17.9	117.069
18	117.118
18.1	117.167
18.2	117.217
18.3	117.266
18.4	117.316
18.5	117.366
18.6	117.416
18.7	117.466
18.8	117.517
18.9	117.567
19	117.618
19.1	117.668
19.2	117.719
19.3	117.77
19.4	117.821
19.5	117.872
19.6	117.924
19.7	117.975
19.8	118.026
19.9	118.078
20	118.129
20.1	118.181
20.2	118.233
20.3	118.285
20.4	118.337
20.5	118.389
20.6	118.441
20.7	118.493
20.8	118.545
20.9	118.598
21	118.65
21.1	118.702
21.2	118.755
21.3	118.808
21.4	118.86
21.5	118.913
21.6	118.966
21.7	119.018
21.8	119.071
21.9	119.124
22	119.177
22.1	119.23
22.2	119.283
22.3	119.336
22.4	119.389
22.5	119.442
22.6	119.496
22.7	119.549
22.8	119.602
22.9	119.655
23	119.709
23.1	119.762
23.2	119.815
23.3	119.869
23.4	119.922
23.5	119.976
23.6	120.029
23.7	120.083
23.8	120.136
23.9	120.19
24	120.243
24.1	120.297
24.2	120.35
24.3	120.404
24.4	120.457
24.5	120.511
24.6	120.565
24.7	120.618
24.8	120.672
24.9	120.726
25	120.779
25.1	120.833
25.2	120.887
25.3	120.94
25.4	120.994
25.5	121.048
25.6	121.101
25.7	121.155
25.8	121.209
25.9	121.262
26	121.316
26.1	121.37
26.2	121.423
26.3	121.477
26.4	121.531
26.5	121.584
26.6	121.638
26.7	121.692
26.8	121.745
26.9	121.799
27	121.853
27.1	121.906
27.2	121.96
27.3	122.014
27.4	122.067
27.5	122.121
27.6	122.174
27.7	122.228
27.8	122.281
27.9	122.335
28	122.388
28.1	122.442
28.2	122.495
28.3	122.549
28.4	122.602
28.5	122.656
28.6	122.709
28.7	122.762
28.8	122.816
28.9	122.869
29	122.922
29.1	122.976
29.2	123.029
29.3	123.082
29.4	123.136
29.5	123.189
29.6	123.242
29.7	123.295
29.8	123.348
29.9	123.401
30	123.455
30.1	123.508
30.2	123.561
30.3	123.614
30.4	123.667
30.5	123.72
30.6	123.773
30.7	123.826
30.8	123.878
30.9	123.931
31	123.984
31.1	124.037
31.2	124.09
31.3	124.143
31.4	124.195
31.5	124.248
31.6	124.301
31.7	124.353
31.8	124.406
31.9	124.459
32	124.511
32.1	124.564
32.2	124.616
32.3	124.669
32.4	124.721
32.5	124.774
32.6	124.826
32.7	124.878
32.8	124.931
32.9	124.983
33	125.035
33.1	125.087
33.2	125.14
33.3	125.192
33.4	125.244
33.5	125.296
33.6	125.348
33.7	125.4
33.8	125.452
33.9	125.504
34	125.556
34.1	125.608
34.2	125.66
34.3	125.712
34.4	125.763
34.5	125.815
34.6	125.867
34.7	125.918
34.8	125.97
34.9	126.022
35	126.073
35.1	126.125
35.2	126.176
35.3	126.228
35.4	126.279
35.5	126.331
35.6	126.382
35.7	126.433
35.8	126.485
35.9	126.536
36	126.587
36.1	126.638
36.2	126.69
36.3	126.741
36.4	126.792
36.5	126.843
36.6	126.894
36.7	126.945
36.8	126.996
36.9	127.047
37	127.097
37.1	127.148
37.2	127.199
37.3	127.25
37.4	127.301
37.5	127.351
37.6	127.402
37.7	127.452
37.8	127.503
37.9	127.554
38	127.604
38.1	127.654
38.2	127.705
38.3	127.755
38.4	127.806
38.5	127.856
38.6	127.906
38.7	127.956
38.8	128.007
38.9	128.057
39	128.107
39.1	128.157
39.2	128.207
39.3	128.257
39.4	128.307
39.5	128.357
39.6	128.407
39.7	128.457
39.8	128.506
39.9	128.556
40	128.606
40.1	128.656
40.2	128.705
40.3	128.755
40.4	128.804
40.5	128.854
40.6	128.903
40.7	128.953
40.8	129.002
40.9	129.052
41	129.101
41.1	129.15
41.2	129.2
41.3	129.249
41.4	129.298
41.5	129.347
41.6	129.396
41.7	129.445
41.8	129.494
41.9	129.543
42	129.592
42.1	129.641
42.2	129.69
42.3	129.739
42.4	129.788
42.5	129.836
42.6	129.885
42.7	129.934
42.8	129.982
42.9	130.031
43	130.08
43.1	130.128
43.2	130.177
43.3	130.225
43.4	130.274
43.5	130.322
43.6	130.37
43.7	130.419
43.8	130.467
43.9	130.515
44	130.563
44.1	130.611
44.2	130.659
44.3	130.708
44.4	130.756
44.5	130.804
44.6	130.851
44.7	130.899
44.8	130.947
44.9	130.995
45	131.043
45.1	131.091
45.2	131.138
45.3	131.186
45.4	131.234
45.5	131.281
45.6	131.329
45.7	131.376
45.8	131.424
45.9	131.471
46	131.519
46.1	131.566
46.2	131.614
46.3	131.661
46.4	131.708
46.5	131.755
46.6	131.802
46.7	131.85
46.8	131.897
46.9	131.944
47	131.991
47.1	132.038
47.2	132.085
47.3	132.132
47.4	132.179
47.5	132.225
47.6	132.272
47.7	132.319
47.8	132.366
47.9	132.412
48	132.459
48.1	132.506
48.2	132.552
48.3	132.599
48.4	132.645
48.5	132.692
48.6	132.738
48.7	132.785
48.8	132.831
48.9	132.877
49	132.924
49.1	132.97
49.2	133.016
49.3	133.062
49.4	133.108
49.5	133.154
49.6	133.201
49.7	133.247
49.8	133.293
49.9	133.339
50	133.384
50.1	133.43
50.2	133.476
50.3	133.522
50.4	133.568
50.5	133.613
50.6	133.659
50.7	133.705
50.8	133.75
50.9	133.796
51	133.842
51.1	133.887
51.2	133.933
51.3	133.978
51.4	134.023
51.5	134.069
51.6	134.114
51.7	134.159
51.8	134.205
51.9	134.25
52	134.295
52.1	134.34
52.2	134.385
52.3	134.43
52.4	134.475
52.5	134.52
52.6	134.565
52.7	134.61
52.8	134.655
52.9	134.7
53	134.745
53.1	134.79
53.2	134.834
53.3	134.879
53.4	134.924
53.5	134.968
53.6	135.013
53.7	135.058
53.8	135.102
53.9	135.147
54	135.191
54.1	135.236
54.2	135.28
54.3	135.324
54.4	135.369
54.5	135.413
54.6	135.457
54.7	135.501
54.8	135.546
54.9	135.59
55	135.634
55.1	135.678
55.2	135.722
55.3	135.766
55.4	135.81
55.5	135.854
55.6	135.898
55.7	135.942
55.8	135.986
55.9	136.029
56	136.073
56.1	136.117
56.2	136.161
56.3	136.204
56.4	136.248
56.5	136.292
56.6	136.335
56.7	136.379
56.8	136.422
56.9	136.466
57	136.509
57.1	136.553
57.2	136.596
57.3	136.639
57.4	136.683
57.5	136.726
57.6	136.769
57.7	136.812
57.8	136.855
57.9	136.899
58	136.942
58.1	136.985
58.2	137.028
58.3	137.071
58.4	137.114
58.5	137.157
58.6	137.2
58.7	137.242
58.8	137.285
58.9	137.328
59	137.371
59.1	137.414
59.2	137.456
59.3	137.499
59.4	137.542
59.5	137.584
59.6	137.627
59.7	137.669
59.8	137.712
59.9	137.754
60	137.797
60.1	137.839
60.2	137.881
60.3	137.924
60.4	137.966
60.5	138.008
60.6	138.051
60.7	138.093
60.8	138.135
60.9	138.177
61	138.219
61.1	138.261
61.2	138.303
61.3	138.345
61.4	138.387
61.5	138.429
61.6	138.471
61.7	138.513
61.8	138.555
61.9	138.597
62	138.639
62.1	138.68
62.2	138.722
62.3	138.764
62.4	138.806
62.5	138.847
62.6	138.889
62.7	138.93
62.8	138.972
62.9	139.013
63	139.055
63.1	139.096
63.2	139.138
63.3	139.179
63.4	139.221
63.5	139.262
63.6	139.303
63.7	139.344
63.8	139.386
63.9	139.427
64	139.468
64.1	139.509
64.2	139.55
64.3	139.591
64.4	139.632
64.5	139.673
64.6	139.714
64.7	139.755
64.8	139.796
64.9	139.837
65	139.878
65.1	139.919
65.2	139.96
65.3	140.001
65.4	140.041
65.5	140.082
65.6	140.123
65.7	140.163
65.8	140.204
65.9	140.245
66	140.285
66.1	140.326
66.2	140.366
66.3	140.407
66.4	140.447
66.5	140.488
66.6	140.528
66.7	140.568
66.8	140.609
66.9	140.649
67	140.689
67.1	140.729
67.2	140.77
67.3	140.81
67.4	140.85
67.5	140.89
67.6	140.93
67.7	140.97
67.8	141.01
67.9	141.05
68	141.09
68.1	141.13
68.2	141.17
68.3	141.21
68.4	141.25
68.5	141.29
68.6	141.33
68.7	141.369
68.8	141.409
68.9	141.449
69	141.489
69.1	141.528
69.2	141.568
69.3	141.607
69.4	141.647
69.5	141.687
69.6	141.726
69.7	141.766
69.8	141.805
69.9	141.844
70	141.884
70.1	141.923
70.2	141.963
70.3	142.002
70.4	142.041
70.5	142.081
70.6	142.12
70.7	142.159
70.8	142.198
70.9	142.237
71	142.276
71.1	142.316
71.2	142.355
71.3	142.394
71.4	142.433
71.5	142.472
71.6	142.511
71.7	142.55
71.8	142.588
71.9	142.627
72	142.666
72.1	142.705
72.2	142.744
72.3	142.783
72.4	142.821
72.5	142.86
72.6	142.899
72.7	142.937
72.8	142.976
72.9	143.015
73	143.053
73.1	143.092
73.2	143.13
73.3	143.169
73.4	143.207
73.5	143.246
73.6	143.284
73.7	143.323
73.8	143.361
73.9	143.399
74	143.438
74.1	143.476
74.2	143.514
74.3	143.552
74.4	143.591
74.5	143.629
74.6	143.667
74.7	143.705
74.8	143.743
74.9	143.781
75	143.819
75.1	143.857
75.2	143.895
75.3	143.933
75.4	143.971
75.5	144.009
75.6	144.047
75.7	144.085
75.8	144.123
75.9	144.161
76	144.198
76.1	144.236
76.2	144.274
76.3	144.312
76.4	144.349
76.5	144.387
76.6	144.425
76.7	144.462
76.8	144.5
76.9	144.537
77	144.575
77.1	144.612
77.2	144.65
77.3	144.687
77.4	144.725
77.5	144.762
77.6	144.8
77.7	144.837
77.8	144.874
77.9	144.912
78	144.949
78.1	144.986
78.2	145.023
78.3	145.06
78.4	145.098
78.5	145.135
78.6	145.172
78.7	145.209
78.8	145.246
78.9	145.283
79	145.32
79.1	145.357
79.2	145.394
79.3	145.431
79.4	145.468
79.5	145.505
79.6	145.542
79.7	145.579
79.8	145.616
79.9	145.652
80	145.689
80.1	145.726
80.2	145.763
80.3	145.799
80.4	145.836
80.5	145.873
80.6	145.909
80.7	145.946
80.8	145.983
80.9	146.019
81	146.056
81.1	146.092
81.2	146.129
81.3	146.165
81.4	146.202
81.5	146.238
81.6	146.274
81.7	146.311
81.8	146.347
81.9	146.384
82	146.42
82.1	146.456
82.2	146.492
82.3	146.529
82.4	146.565
82.5	146.601
82.6	146.637
82.7	146.673
82.8	146.709
82.9	146.746
83	146.782
83.1	146.818
83.2	146.854
83.3	146.89
83.4	146.926
83.5	146.962
83.6	146.998
83.7	147.033
83.8	147.069
83.9	147.105
84	147.141
84.1	147.177
84.2	147.213
84.3	147.248
84.4	147.284
84.5	147.32
84.6	147.356
84.7	147.391
84.8	147.427
84.9	147.463
85	147.498
85.1	147.534
85.2	147.569
85.3	147.605
85.4	147.64
85.5	147.676
85.6	147.711
85.7	147.747
85.8	147.782
85.9	147.818
86	147.853
86.1	147.888
86.2	147.924
86.3	147.959
86.4	147.994
86.5	148.03
86.6	148.065
86.7	148.1
86.8	148.135
86.9	148.17
87	148.206
87.1	148.241
87.2	148.276
87.3	148.311
87.4	148.346
87.5	148.381
87.6	148.416
87.7	148.451
87.8	148.486
87.9	148.521
88	148.556
88.1	148.591
88.2	148.626
88.3	148.661
88.4	148.695
88.5	148.73
88.6	148.765
88.7	148.8
88.8	148.835
88.9	148.869
89	148.904
89.1	148.939
89.2	148.974
89.3	149.008
89.4	149.043
89.5	149.077
89.6	149.112
89.7	149.147
89.8	149.181
89.9	149.216
90	149.25
90.1	149.285
90.2	149.319
90.3	149.354
90.4	149.388
90.5	149.422
90.6	149.457
90.7	149.491
90.8	149.526
90.9	149.56
91	149.594
91.1	149.628
91.2	149.663
91.3	149.697
91.4	149.731
91.5	149.765
91.6	149.799
91.7	149.834
91.8	149.868
91.9	149.902
92	149.936
92.1	149.97
92.2	150.004
92.3	150.038
92.4	150.072
92.5	150.106
92.6	150.14
92.7	150.174
92.8	150.208
92.9	150.242
93	150.276
93.1	150.31
93.2	150.343
93.3	150.377
93.4	150.411
93.5	150.445
93.6	150.479
93.7	150.512
93.8	150.546
93.9	150.58
94	150.613
94.1	150.647
94.2	150.681
94.3	150.714
94.4	150.748
94.5	150.782
94.6	150.815
94.7	150.849
94.8	150.882
94.9	150.916
95	150.949
95.1	150.983
95.2	151.016
95.3	151.049
95.4	151.083
95.5	151.116
95.6	151.15
95.7	151.183
95.8	151.216
95.9	151.25
96	151.283
96.1	151.316
96.2	151.349
96.3	151.383
96.4	151.416
96.5	151.449
96.6	151.482
96.7	151.515
96.8	151.548
96.9	151.582
97	151.615
97.1	151.648
97.2	151.681
97.3	151.714
97.4	151.747
97.5	151.78
97.6	151.813
97.7	151.846
97.8	151.879
97.9	151.912
98	151.944
98.1	151.977
98.2	152.01
98.3	152.043
98.4	152.076
98.5	152.109
98.6	152.141
98.7	152.174
98.8	152.207
98.9	152.24
99	152.272
99.1	152.305
99.2	152.338
99.3	152.37
99.4	152.403
99.5	152.436
99.6	152.468
99.7	152.501
99.8	152.533
99.9	152.566
100	152.598
100.1	152.631
100.2	152.663
100.3	152.696
100.4	152.728
100.5	152.761
100.6	152.793
100.7	152.826
100.8	152.858
100.9	152.89
101	152.923
101.1	152.955
101.2	152.987
101.3	153.019
101.4	153.052
101.5	153.084
101.6	153.116
101.7	153.148
101.8	153.181
101.9	153.213
102	153.245
102.1	153.277
102.2	153.309
102.3	153.341
102.4	153.373
102.5	153.405
102.6	153.437
102.7	153.469
102.8	153.501
102.9	153.533
103	153.565
103.1	153.597
103.2	153.629
103.3	153.661
103.4	153.693
103.5	153.725
103.6	153.757
103.7	153.789
103.8	153.821
103.9	153.852
104	153.884
104.1	153.916
104.2	153.948
104.3	153.979
104.4	154.011
104.5	154.043
104.6	154.075
104.7	154.106
104.8	154.138
104.9	154.169
105	154.201
105.1	154.233
105.2	154.264
105.3	154.296
105.4	154.327
105.5	154.359
105.6	154.39
105.7	154.422
105.8	154.453
105.9	154.485
106	154.516
106.1	154.548
106.2	154.579
106.3	154.611
106.4	154.642
106.5	154.673
106.6	154.705
106.7	154.736
106.8	154.767
106.9	154.799
107	154.83
107.1	154.861
107.2	154.892
107.3	154.923
107.4	154.955
107.5	154.986
107.6	155.017
107.7	155.048
107.8	155.079
107.9	155.11
108	155.142
108.1	155.173
108.2	155.204
108.3	155.235
108.4	155.266
108.5	155.297
108.6	155.328
108.7	155.359
108.8	155.39
108.9	155.421
109	155.452
109.1	155.483
109.2	155.513
109.3	155.544
109.4	155.575
109.5	155.606
109.6	155.637
109.7	155.668
109.8	155.699
109.9	155.729
110	155.76
110.1	155.791
110.2	155.822
110.3	155.852
110.4	155.883
110.5	155.914
110.6	155.944
110.7	155.975
110.8	156.006
110.9	156.036
111	156.067
111.1	156.097
111.2	156.128
111.3	156.159
111.4	156.189
111.5	156.22
111.6	156.25
111.7	156.281
111.8	156.311
111.9	156.342
112	156.372
112.1	156.402
112.2	156.433
112.3	156.463
112.4	156.494
112.5	156.524
112.6	156.554
112.7	156.585
112.8	156.615
112.9	156.645
113	156.676
113.1	156.706
113.2	156.736
113.3	156.766
113.4	156.796
113.5	156.827
113.6	156.857
113.7	156.887
113.8	156.917
113.9	156.947
114	156.977
114.1	157.008
114.2	157.038
114.3	157.068
114.4	157.098
114.5	157.128
114.6	157.158
114.7	157.188
114.8	157.218
114.9	157.248
115	157.278
115.1	157.308
115.2	157.338
115.3	157.368
115.4	157.398
115.5	157.427
115.6	157.457
115.7	157.487
115.8	157.517
115.9	157.547
116	157.577
116.1	157.606
116.2	157.636
116.3	157.666
116.4	157.696
116.5	157.726
116.6	157.755
116.7	157.785
116.8	157.815
116.9	157.844
117	157.874
117.1	157.904
117.2	157.933
117.3	157.963
117.4	157.992
117.5	158.022
117.6	158.052
117.7	158.081
117.8	158.111
117.9	158.14
118	158.17
118.1	158.199
118.2	158.229
118.3	158.258
118.4	158.288
118.5	158.317
118.6	158.347
118.7	158.376
118.8	158.405
118.9	158.435
119	158.464
119.1	158.493
119.2	158.523
119.3	158.552
119.4	158.581
119.5	158.611
119.6	158.64
119.7	158.669
119.8	158.698
119.9	158.728
120	158.757
120.1	158.786
120.2	158.815
120.3	158.844
120.4	158.874
120.5	158.903
120.6	158.932
120.7	158.961
120.8	158.99
120.9	159.019
121	159.048
121.1	159.077
121.2	159.106
121.3	159.135
121.4	159.164
121.5	159.193
121.6	159.222
121.7	159.251
121.8	159.28
121.9	159.309
122	159.338
122.1	159.367
122.2	159.396
122.3	159.425
122.4	159.454
122.5	159.482
122.6	159.511
122.7	159.54
122.8	159.569
122.9	159.598
123	159.627
123.1	159.655
123.2	159.684
123.3	159.713
123.4	159.742
123.5	159.77
123.6	159.799
123.7	159.828
123.8	159.856
123.9	159.885
124	159.914
124.1	159.942
124.2	159.971
124.3	159.999
124.4	160.028
124.5	160.057
124.6	160.085
124.7	160.114
124.8	160.142
124.9	160.171
125	160.199
125.1	160.228
125.2	160.256
125.3	160.285
125.4	160.313
125.5	160.342
125.6	160.37
125.7	160.398
125.8	160.427
125.9	160.455
126	160.483
126.1	160.512
126.2	160.54
126.3	160.568
126.4	160.597
126.5	160.625
126.6	160.653
126.7	160.682
126.8	160.71
126.9	160.738
127	160.766
127.1	160.795
127.2	160.823
127.3	160.851
127.4	160.879
127.5	160.907
127.6	160.935
127.7	160.964
127.8	160.992
127.9	161.02
128	161.048
128.1	161.076
128.2	161.104
128.3	161.132
128.4	161.16
128.5	161.188
128.6	161.216
128.7	161.244
128.8	161.272
128.9	161.3
129	161.328
129.1	161.356
129.2	161.384
129.3	161.412
129.4	161.44
129.5	161.468
129.6	161.496
129.7	161.523
129.8	161.551
129.9	161.579
130	161.607
130.1	161.635
130.2	161.663
130.3	161.69
130.4	161.718
130.5	161.746
130.6	161.774
130.7	161.801
130.8	161.829
130.9	161.857
131	161.885
131.1	161.912
131.2	161.94
131.3	161.968
131.4	161.995
131.5	162.023
131.6	162.05
131.7	162.078
131.8	162.106
131.9	162.133
132	162.161
132.1	162.188
132.2	162.216
132.3	162.243
132.4	162.271
132.5	162.298
132.6	162.326
132.7	162.353
132.8	162.381
132.9	162.408
133	162.436
133.1	162.463
133.2	162.491
133.3	162.518
133.4	162.545
133.5	162.573
133.6	162.6
133.7	162.627
133.8	162.655
133.9	162.682
134	162.709
134.1	162.737
134.2	162.764
134.3	162.791
134.4	162.819
134.5	162.846
134.6	162.873
134.7	162.9
134.8	162.928
134.9	162.955
135	162.982
135.1	163.009
135.2	163.036
135.3	163.063
135.4	163.091
135.5	163.118
135.6	163.145
135.7	163.172
135.8	163.199
135.9	163.226
136	163.253
136.1	163.28
136.2	163.307
136.3	163.334
136.4	163.361
136.5	163.388
136.6	163.415
136.7	163.442
136.8	163.469
136.9	163.496
137	163.523
137.1	163.55
137.2	163.577
137.3	163.604
137.4	163.631
137.5	163.658
137.6	163.684
137.7	163.711
137.8	163.738
137.9	163.765
138	163.792
138.1	163.819
138.2	163.845
138.3	163.872
138.4	163.899
138.5	163.926
138.6	163.952
138.7	163.979
138.8	164.006
138.9	164.033
139	164.059
139.1	164.086
139.2	164.113
139.3	164.139
139.4	164.166
139.5	164.193
139.6	164.219
139.7	164.246
139.8	164.273
139.9	164.299
140	164.326
140.1	164.352
140.2	164.379
140.3	164.405
140.4	164.432
140.5	164.458
140.6	164.485
140.7	164.511
140.8	164.538
140.9	164.564
141	164.591
141.1	164.617
141.2	164.644
141.3	164.67
141.4	164.697
141.5	164.723
141.6	164.749
141.7	164.776
141.8	164.802
141.9	164.829
142	164.855
142.1	164.881
142.2	164.908
142.3	164.934
142.4	164.96
142.5	164.986
142.6	165.013
142.7	165.039
142.8	165.065
142.9	165.091
143	165.118
143.1	165.144
143.2	165.17
143.3	165.196
143.4	165.223
143.5	165.249
143.6	165.275
143.7	165.301
143.8	165.327
143.9	165.353
144	165.379
144.1	165.406
144.2	165.432
144.3	165.458
144.4	165.484
144.5	165.51
144.6	165.536
144.7	165.562
144.8	165.588
144.9	165.614
145	165.64
145.1	165.666
145.2	165.692
145.3	165.718
145.4	165.744
145.5	165.77
145.6	165.796
145.7	165.822
145.8	165.848
145.9	165.873
146	165.899
146.1	165.925
146.2	165.951
146.3	165.977
146.4	166.003
146.5	166.029
146.6	166.055
146.7	166.08
146.8	166.106
146.9	166.132
147	166.158
147.1	166.183
147.2	166.209
147.3	166.235
147.4	166.261
147.5	166.286
147.6	166.312
147.7	166.338
147.8	166.364
147.9	166.389
148	166.415
148.1	166.441
148.2	166.466
148.3	166.492
148.4	166.517
148.5	166.543
148.6	166.569
148.7	166.594
148.8	166.62
148.9	166.645
149	166.671
149.1	166.697
149.2	166.722
149.3	166.748
149.4	166.773
149.5	166.799
149.6	166.824
149.7	166.85
149.8	166.875
149.9	166.901
150	166.926
150.1	166.952
150.2	166.977
150.3	167.002
150.4	167.028
150.5	167.053
150.6	167.079
150.7	167.104
150.8	167.129
150.9	167.155
151	167.18
151.1	167.205
151.2	167.231
151.3	167.256
151.4	167.281
151.5	167.307
151.6	167.332
151.7	167.357
151.8	167.382
151.9	167.408
152	167.433
152.1	167.458
152.2	167.483
152.3	167.509
152.4	167.534
152.5	167.559
152.6	167.584
152.7	167.609
152.8	167.635
152.9	167.66
153	167.685
153.1	167.71
153.2	167.735
153.3	167.76
153.4	167.785
153.5	167.81
153.6	167.835
153.7	167.86
153.8	167.886
153.9	167.911
154	167.936
154.1	167.961
154.2	167.986
154.3	168.011
154.4	168.036
154.5	168.061
154.6	168.086
154.7	168.111
154.8	168.136
154.9	168.16
155	168.185
155.1	168.21
155.2	168.235
155.3	168.26
155.4	168.285
155.5	168.31
155.6	168.335
155.7	168.36
155.8	168.384
155.9	168.409
156	168.434
156.1	168.459
156.2	168.484
156.3	168.509
156.4	168.533
156.5	168.558
156.6	168.583
156.7	168.608
156.8	168.632
156.9	168.657
157	168.682
157.1	168.707
157.2	168.731
157.3	168.756
157.4	168.781
157.5	168.805
157.6	168.83
157.7	168.855
157.8	168.879
157.9	168.904
158	168.929
158.1	168.953
158.2	168.978
158.3	169.002
158.4	169.027
158.5	169.052
158.6	169.076
158.7	169.101
158.8	169.125
158.9	169.15
159	169.174
159.1	169.199
159.2	169.223
159.3	169.248
159.4	169.272
159.5	169.297
159.6	169.321
159.7	169.346
159.8	169.37
159.9	169.395
160	169.419
160.1	169.444
160.2	169.468
160.3	169.492
160.4	169.517
160.5	169.541
160.6	169.566
160.7	169.59
160.8	169.614
160.9	169.639
161	169.663
161.1	169.687
161.2	169.712
161.3	169.736
161.4	169.76
161.5	169.785
161.6	169.809
161.7	169.833
161.8	169.857
161.9	169.882
162	169.906
162.1	169.93
162.2	169.954
162.3	169.978
162.4	170.003
162.5	170.027
162.6	170.051
162.7	170.075
162.8	170.099
162.9	170.124
163	170.148
163.1	170.172
163.2	170.196
163.3	170.22
163.4	170.244
163.5	170.268
163.6	170.292
163.7	170.316
163.8	170.34
163.9	170.365
164	170.389
164.1	170.413
164.2	170.437
164.3	170.461
164.4	170.485
164.5	170.509
164.6	170.533
164.7	170.557
164.8	170.581
164.9	170.605
165	170.629
165.1	170.653
165.2	170.676
165.3	170.7
165.4	170.724
165.5	170.748
165.6	170.772
165.7	170.796
165.8	170.82
165.9	170.844
166	170.868
166.1	170.891
166.2	170.915
166.3	170.939
166.4	170.963
166.5	170.987
166.6	171.011
166.7	171.034
166.8	171.058
166.9	171.082
167	171.106
167.1	171.129
167.2	171.153
167.3	171.177
167.4	171.201
167.5	171.224
167.6	171.248
167.7	171.272
167.8	171.296
167.9	171.319
168	171.343
168.1	171.367
168.2	171.39
168.3	171.414
168.4	171.438
168.5	171.461
168.6	171.485
168.7	171.508
168.8	171.532
168.9	171.556
169	171.579
169.1	171.603
169.2	171.626
169.3	171.65
169.4	171.673
169.5	171.697
169.6	171.721
169.7	171.744
169.8	171.768
169.9	171.791
170	171.815
170.1	171.838
170.2	171.862
170.3	171.885
170.4	171.909
170.5	171.932
170.6	171.955
170.7	171.979
170.8	172.002
170.9	172.026
171	172.049
171.1	172.073
171.2	172.096
171.3	172.119
171.4	172.143
171.5	172.166
171.6	172.189
171.7	172.213
171.8	172.236
171.9	172.259
172	172.283
172.1	172.306
172.2	172.329
172.3	172.353
172.4	172.376
172.5	172.399
172.6	172.422
172.7	172.446
172.8	172.469
172.9	172.492
173	172.515
173.1	172.539
173.2	172.562
173.3	172.585
173.4	172.608
173.5	172.632
173.6	172.655
173.7	172.678
173.8	172.701
173.9	172.724
174	172.747
174.1	172.77
174.2	172.794
174.3	172.817
174.4	172.84
174.5	172.863
174.6	172.886
174.7	172.909
174.8	172.932
174.9	172.955
175	172.978
175.1	173.001
175.2	173.024
175.3	173.047
175.4	173.071
175.5	173.094
175.6	173.117
175.7	173.14
175.8	173.163
175.9	173.186
176	173.209
176.1	173.231
176.2	173.254
176.3	173.277
176.4	173.3
176.5	173.323
176.6	173.346
176.7	173.369
176.8	173.392
176.9	173.415
177	173.438
177.1	173.461
177.2	173.484
177.3	173.506
177.4	173.529
177.5	173.552
177.6	173.575
177.7	173.598
177.8	173.621
177.9	173.643
178	173.666
178.1	173.689
178.2	173.712
178.3	173.735
178.4	173.757
178.5	173.78
178.6	173.803
178.7	173.826
178.8	173.848
178.9	173.871
179	173.894
179.1	173.917
179.2	173.939
179.3	173.962
179.4	173.985
179.5	174.007
179.6	174.03
179.7	174.053
179.8	174.075
179.9	174.098
180	174.121
180.1	174.143
180.2	174.166
180.3	174.189
180.4	174.211
180.5	174.234
180.6	174.256
180.7	174.279
180.8	174.302
180.9	174.324
181	174.347
181.1	174.369
181.2	174.392
181.3	174.414
181.4	174.437
181.5	174.459
181.6	174.482
181.7	174.504
181.8	174.527
181.9	174.549
182	174.572
182.1	174.594
182.2	174.617
182.3	174.639
182.4	174.662
182.5	174.684
182.6	174.707
182.7	174.729
182.8	174.751
182.9	174.774
183	174.796
183.1	174.819
183.2	174.841
183.3	174.863
183.4	174.886
183.5	174.908
183.6	174.93
183.7	174.953
183.8	174.975
183.9	174.997
184	175.02
184.1	175.042
184.2	175.064
184.3	175.087
184.4	175.109
184.5	175.131
184.6	175.154
184.7	175.176
184.8	175.198
184.9	175.22
185	175.243
185.1	175.265
185.2	175.287
185.3	175.309
185.4	175.331
185.5	175.354
185.6	175.376
185.7	175.398
185.8	175.42
185.9	175.442
186	175.465
186.1	175.487
186.2	175.509
186.3	175.531
186.4	175.553
186.5	175.575
186.6	175.597
186.7	175.619
186.8	175.642
186.9	175.664
187	175.686
187.1	175.708
187.2	175.73
187.3	175.752
187.4	175.774
187.5	175.796
187.6	175.818
187.7	175.84
187.8	175.862
187.9	175.884
188	175.906
188.1	175.928
188.2	175.95
188.3	175.972
188.4	175.994
188.5	176.016
188.6	176.038
188.7	176.06
188.8	176.082
188.9	176.104
189	176.126
189.1	176.148
189.2	176.17
189.3	176.192
189.4	176.213
189.5	176.235
189.6	176.257
189.7	176.279
189.8	176.301
189.9	176.323
190	176.345
190.1	176.367
190.2	176.388
190.3	176.41
190.4	176.432
190.5	176.454
190.6	176.476
190.7	176.497
190.8	176.519
190.9	176.541
191	176.563
191.1	176.585
191.2	176.606
191.3	176.628
191.4	176.65
191.5	176.672
191.6	176.693
191.7	176.715
191.8	176.737
191.9	176.759
192	176.78
192.1	176.802
192.2	176.824
192.3	176.845
192.4	176.867
192.5	176.889
192.6	176.91
192.7	176.932
192.8	176.954
192.9	176.975
193	176.997
193.1	177.018
193.2	177.04
193.3	177.062
193.4	177.083
193.5	177.105
193.6	177.126
193.7	177.148
193.8	177.17
193.9	177.191
194	177.213
194.1	177.234
194.2	177.256
194.3	177.277
194.4	177.299
194.5	177.32
194.6	177.342
194.7	177.363
194.8	177.385
194.9	177.406
195	177.428
195.1	177.449
195.2	177.471
195.3	177.492
195.4	177.514
195.5	177.535
195.6	177.557
195.7	177.578
195.8	177.6
195.9	177.621
196	177.642
196.1	177.664
196.2	177.685
196.3	177.707
196.4	177.728
196.5	177.749
196.6	177.771
196.7	177.792
196.8	177.813
196.9	177.835
197	177.856
197.1	177.877
197.2	177.899
197.3	177.92
197.4	177.941
197.5	177.963
197.6	177.984
197.7	178.005
197.8	178.027
197.9	178.048
198	178.069
198.1	178.09
198.2	178.112
198.3	178.133
198.4	178.154
198.5	178.175
198.6	178.197
198.7	178.218
198.8	178.239
198.9	178.26
199	178.281
199.1	178.303
199.2	178.324
199.3	178.345
199.4	178.366
199.5	178.387
199.6	178.408
199.7	178.43
199.8	178.451
199.9	178.472
200	178.493
200.1	178.514
200.2	178.535
200.3	178.556
200.4	178.577
200.5	178.599
200.6	178.62
200.7	178.641
200.8	178.662
200.9	178.683
201	178.704
201.1	178.725
201.2	178.746
201.3	178.767
201.4	178.788
201.5	178.809
201.6	178.83
201.7	178.851
201.8	178.872
201.9	178.893
202	178.914
202.1	178.935
202.2	178.956
202.3	178.977
202.4	178.998
202.5	179.019
202.6	179.04
202.7	179.061
202.8	179.082
202.9	179.103
203	179.124
203.1	179.144
203.2	179.165
203.3	179.186
203.4	179.207
203.5	179.228
203.6	179.249
203.7	179.27
203.8	179.291
203.9	179.312
204	179.332
204.1	179.353
204.2	179.374
204.3	179.395
204.4	179.416
204.5	179.437
204.6	179.457
204.7	179.478
204.8	179.499
204.9	179.52
205	179.541
205.1	179.561
205.2	179.582
205.3	179.603
205.4	179.624
205.5	179.644
205.6	179.665
205.7	179.686
205.8	179.707
205.9	179.727
206	179.748
206.1	179.769
206.2	179.789
206.3	179.81
206.4	179.831
206.5	179.851
206.6	179.872
206.7	179.893
206.8	179.913
206.9	179.934
207	179.955
207.1	179.975
207.2	179.996
207.3	180.017
207.4	180.037
207.5	180.058
207.6	180.079
207.7	180.099
207.8	180.12
207.9	180.14
208	180.161
208.1	180.182
208.2	180.202
208.3	180.223
208.4	180.243
208.5	180.264
208.6	180.284
208.7	180.305
208.8	180.325
208.9	180.346
209	180.366
209.1	180.387
209.2	180.407
209.3	180.428
209.4	180.448
209.5	180.469
209.6	180.489
209.7	180.51
209.8	180.53
209.9	180.551
210	180.571
210.1	180.592
210.2	180.612
210.3	180.633
210.4	180.653
210.5	180.673
210.6	180.694
210.7	180.714
210.8	180.735
210.9	180.755
211	180.775
211.1	180.796
211.2	180.816
211.3	180.837
211.4	180.857
211.5	180.877
211.6	180.898
211.7	180.918
211.8	180.938
211.9	180.959
212	180.979
212.1	180.999
212.2	181.02
212.3	181.04
212.4	181.06
212.5	181.08
212.6	181.101
212.7	181.121
212.8	181.141
212.9	181.162
213	181.182
213.1	181.202
213.2	181.222
213.3	181.243
213.4	181.263
213.5	181.283
213.6	181.303
213.7	181.323
213.8	181.344
213.9	181.364
214	181.384
214.1	181.404
214.2	181.424
214.3	181.445
214.4	181.465
214.5	181.485
214.6	181.505
214.7	181.525
214.8	181.545
214.9	181.566
215	181.586
215.1	181.606
215.2	181.626
215.3	181.646
215.4	181.666
215.5	181.686
215.6	181.706
215.7	181.726
215.8	181.747
215.9	181.767
216	181.787
216.1	181.807
216.2	181.827
216.3	181.847
216.4	181.867
216.5	181.887
216.6	181.907
216.7	181.927
216.8	181.947
216.9	181.967
217	181.987
217.1	182.007
217.2	182.027
217.3	182.047
217.4	182.067
217.5	182.087
217.6	182.107
217.7	182.127
217.8	182.147
217.9	182.167
218	182.187
218.1	182.207
218.2	182.227
218.3	182.247
218.4	182.266
218.5	182.286
218.6	182.306
218.7	182.326
218.8	182.346
218.9	182.366
219	182.386
219.1	182.406
219.2	182.426
219.3	182.446
219.4	182.465
219.5	182.485
219.6	182.505
219.7	182.525
219.8	182.545
219.9	182.565
220	182.584
220.1	182.604
220.2	182.624
220.3	182.644
220.4	182.664
220.5	182.683
220.6	182.703
220.7	182.723
220.8	182.743
220.9	182.763
221	182.782
221.1	182.802
221.2	182.822
221.3	182.842
221.4	182.861
221.5	182.881
221.6	182.901
221.7	182.921
221.8	182.94
221.9	182.96
222	182.98
222.1	182.999
222.2	183.019
222.3	183.039
222.4	183.058
222.5	183.078
222.6	183.098
222.7	183.117
222.8	183.137
222.9	183.157
223	183.176
223.1	183.196
223.2	183.216
223.3	183.235
223.4	183.255
223.5	183.275
223.6	183.294
223.7	183.314
223.8	183.333
223.9	183.353
224	183.373
224.1	183.392
224.2	183.412
224.3	183.431
224.4	183.451
224.5	183.47
224.6	183.49
224.7	183.509
224.8	183.529
224.9	183.549
225	183.568
225.1	183.588
225.2	183.607
225.3	183.627
225.4	183.646
225.5	183.666
225.6	183.685
225.7	183.705
225.8	183.724
225.9	183.744
226	183.763
226.1	183.782
226.2	183.802
226.3	183.821
226.4	183.841
226.5	183.86
226.6	183.88
226.7	183.899
226.8	183.919
226.9	183.938
227	183.957
227.1	183.977
227.2	183.996
227.3	184.016
227.4	184.035
227.5	184.054
227.6	184.074
227.7	184.093
227.8	184.112
227.9	184.132
228	184.151
228.1	184.171
228.2	184.19
228.3	184.209
228.4	184.229
228.5	184.248
228.6	184.267
228.7	184.286
228.8	184.306
228.9	184.325
229	184.344
229.1	184.364
229.2	184.383
229.3	184.402
229.4	184.422
229.5	184.441
229.6	184.46
229.7	184.479
229.8	184.499
229.9	184.518
230	184.537
230.1	184.556
230.2	184.576
230.3	184.595
230.4	184.614
230.5	184.633
230.6	184.652
230.7	184.672
230.8	184.691
230.9	184.71
231	184.729
231.1	184.748
231.2	184.767
231.3	184.787
231.4	184.806
231.5	184.825
231.6	184.844
231.7	184.863
231.8	184.882
231.9	184.902
232	184.921
232.1	184.94
232.2	184.959
232.3	184.978
232.4	184.997
232.5	185.016
232.6	185.035
232.7	185.054
232.8	185.073
232.9	185.093
233	185.112
233.1	185.131
233.2	185.15
233.3	185.169
233.4	185.188
233.5	185.207
233.6	185.226
233.7	185.245
233.8	185.264
233.9	185.283
234	185.302
234.1	185.321
234.2	185.34
234.3	185.359
234.4	185.378
234.5	185.397
234.6	185.416
234.7	185.435
234.8	185.454
234.9	185.473
235	185.492
235.1	185.511
235.2	185.53
235.3	185.549
235.4	185.568
235.5	185.587
235.6	185.606
235.7	185.624
235.8	185.643
235.9	185.662
236	185.681
236.1	185.7
236.2	185.719
236.3	185.738
236.4	185.757
236.5	185.776
236.6	185.795
236.7	185.813
236.8	185.832
236.9	185.851
237	185.87
237.1	185.889
237.2	185.908
237.3	185.927
237.4	185.945
237.5	185.964
237.6	185.983
237.7	186.002
237.8	186.021
237.9	186.039
238	186.058
238.1	186.077
238.2	186.096
238.3	186.115
238.4	186.133
238.5	186.152
238.6	186.171
238.7	186.19
238.8	186.208
238.9	186.227
239	186.246
239.1	186.265
239.2	186.283
239.3	186.302
239.4	186.321
239.5	186.34
239.6	186.358
239.7	186.377
239.8	186.396
239.9	186.414
240	186.433
240.1	186.452
240.2	186.47
240.3	186.489
240.4	186.508
240.5	186.526
240.6	186.545
240.7	186.564
240.8	186.582
240.9	186.601
241	186.62
241.1	186.638
241.2	186.657
241.3	186.676
241.4	186.694
241.5	186.713
241.6	186.731
241.7	186.75
241.8	186.769
241.9	186.787
242	186.806
242.1	186.824
242.2	186.843
242.3	186.862
242.4	186.88
242.5	186.899
242.6	186.917
242.7	186.936
242.8	186.954
242.9	186.973
243	186.991
243.1	187.01
243.2	187.028
243.3	187.047
243.4	187.066
243.5	187.084
243.6	187.103
243.7	187.121
243.8	187.14
243.9	187.158
244	187.177
244.1	187.195
244.2	187.213
244.3	187.232
244.4	187.25
244.5	187.269
244.6	187.287
244.7	187.306
244.8	187.324
244.9	187.343
245	187.361
245.1	187.379
245.2	187.398
245.3	187.416
245.4	187.435
245.5	187.453
245.6	187.472
245.7	187.49
245.8	187.508
245.9	187.527
246	187.545
246.1	187.563
246.2	187.582
246.3	187.6
246.4	187.619
246.5	187.637
246.6	187.655
246.7	187.674
246.8	187.692
246.9	187.71
247	187.729
247.1	187.747
247.2	187.765
247.3	187.784
247.4	187.802
247.5	187.82
247.6	187.839
247.7	187.857
247.8	187.875
247.9	187.893
248	187.912
248.1	187.93
248.2	187.948
248.3	187.966
248.4	187.985
248.5	188.003
248.6	188.021
248.7	188.039
248.8	188.058
248.9	188.076
249	188.094
249.1	188.112
249.2	188.131
249.3	188.149
249.4	188.167
249.5	188.185
249.6	188.203
249.7	188.222
249.8	188.24
249.9	188.258
250	188.276
250.1	188.294
250.2	188.313
250.3	188.331
250.4	188.349
250.5	188.367
250.6	188.385
250.7	188.403
250.8	188.421
250.9	188.44
251	188.458
251.1	188.476
251.2	188.494
251.3	188.512
251.4	188.53
251.5	188.548
251.6	188.566
251.7	188.585
251.8	188.603
251.9	188.621
252	188.639
252.1	188.657
252.2	188.675
252.3	188.693
252.4	188.711
252.5	188.729
252.6	188.747
252.7	188.765
252.8	188.783
252.9	188.801
253	188.819
253.1	188.837
253.2	188.855
253.3	188.873
253.4	188.891
253.5	188.909
253.6	188.927
253.7	188.945
253.8	188.963
253.9	188.981
254	188.999
254.1	189.017
254.2	189.035
254.3	189.053
254.4	189.071
254.5	189.089
254.6	189.107
254.7	189.125
254.8	189.143
254.9	189.161
255	189.179
255.1	189.197
255.2	189.215
255.3	189.233
255.4	189.251
255.5	189.269
255.6	189.286
255.7	189.304
255.8	189.322
255.9	189.34
256	189.358
256.1	189.376
256.2	189.394
256.3	189.412
256.4	189.43
256.5	189.447
256.6	189.465
256.7	189.483
256.8	189.501
256.9	189.519
257	189.537
257.1	189.554
257.2	189.572
257.3	189.59
257.4	189.608
257.5	189.626
257.6	189.644
257.7	189.661
257.8	189.679
257.9	189.697
258	189.715
258.1	189.733
258.2	189.75
258.3	189.768
258.4	189.786
258.5	189.804
258.6	189.821
258.7	189.839
258.8	189.857
258.9	189.875
259	189.892
259.1	189.91
259.2	189.928
259.3	189.946
259.4	189.963
259.5	189.981
259.6	189.999
259.7	190.017
259.8	190.034
259.9	190.052
260	190.07
260.1	190.087
260.2	190.105
260.3	190.123
260.4	190.14
260.5	190.158
260.6	190.176
260.7	190.193
260.8	190.211
260.9	190.229
261	190.246
261.1	190.264
261.2	190.282
261.3	190.299
261.4	190.317
261.5	190.335
261.6	190.352
261.7	190.37
261.8	190.387
261.9	190.405
262	190.423
262.1	190.44
262.2	190.458
262.3	190.475
262.4	190.493
262.5	190.511
262.6	190.528
262.7	190.546
262.8	190.563
262.9	190.581
263	190.598
263.1	190.616
263.2	190.634
263.3	190.651
263.4	190.669
263.5	190.686
263.6	190.704
263.7	190.721
263.8	190.739
263.9	190.756
264	190.774
264.1	190.791
264.2	190.809
264.3	190.826
264.4	190.844
264.5	190.861
264.6	190.879
264.7	190.896
264.8	190.914
264.9	190.931
265	190.949
265.1	190.966
265.2	190.984
265.3	191.001
265.4	191.018
265.5	191.036
265.6	191.053
265.7	191.071
265.8	191.088
265.9	191.106
266	191.123
266.1	191.141
266.2	191.158
266.3	191.175
266.4	191.193
266.5	191.21
266.6	191.228
266.7	191.245
266.8	191.262
266.9	191.28
267	191.297
267.1	191.314
267.2	191.332
267.3	191.349
267.4	191.367
267.5	191.384
267.6	191.401
267.7	191.419
267.8	191.436
267.9	191.453
268	191.471
268.1	191.488
268.2	191.505
268.3	191.523
268.4	191.54
268.5	191.557
268.6	191.575
268.7	191.592
268.8	191.609
268.9	191.626
269	191.644
269.1	191.661
269.2	191.678
269.3	191.696
269.4	191.713
269.5	191.73
269.6	191.747
269.7	191.765
269.8	191.782
269.9	191.799
270	191.816
270.1	191.834
270.2	191.851
270.3	191.868
270.4	191.885
270.5	191.902
270.6	191.92
270.7	191.937
270.8	191.954
270.9	191.971
271	191.989
271.1	192.006
271.2	192.023
271.3	192.04
271.4	192.057
271.5	192.074
271.6	192.092
271.7	192.109
271.8	192.126
271.9	192.143
272	192.16
272.1	192.177
272.2	192.195
272.3	192.212
272.4	192.229
272.5	192.246
272.6	192.263
272.7	192.28
272.8	192.297
272.9	192.315
273	192.332
273.1	192.349
273.2	192.366
273.3	192.383
273.4	192.4
273.5	192.417
273.6	192.434
273.7	192.451
273.8	192.468
273.9	192.485
274	192.503
274.1	192.52
274.2	192.537
274.3	192.554
274.4	192.571
274.5	192.588
274.6	192.605
274.7	192.622
274.8	192.639
274.9	192.656
275	192.673
275.1	192.69
275.2	192.707
275.3	192.724
275.4	192.741
275.5	192.758
275.6	192.775
275.7	192.792
275.8	192.809
275.9	192.826
276	192.843
276.1	192.86
276.2	192.877
276.3	192.894
276.4	192.911
276.5	192.928
276.6	192.945
276.7	192.962
276.8	192.979
276.9	192.996
277	193.013
277.1	193.03
277.2	193.047
277.3	193.063
277.4	193.08
277.5	193.097
277.6	193.114
277.7	193.131
277.8	193.148
277.9	193.165
278	193.182
278.1	193.199
278.2	193.216
278.3	193.233
278.4	193.249
278.5	193.266
278.6	193.283
278.7	193.3
278.8	193.317
278.9	193.334
279	193.351
279.1	193.368
279.2	193.384
279.3	193.401
279.4	193.418
279.5	193.435
279.6	193.452
279.7	193.469
279.8	193.485
279.9	193.502
280	193.519
280.1	193.536
280.2	193.553
280.3	193.569
280.4	193.586
280.5	193.603
280.6	193.62
280.7	193.637
280.8	193.653
280.9	193.67
281	193.687
281.1	193.704
281.2	193.72
281.3	193.737
281.4	193.754
281.5	193.771
281.6	193.788
281.7	193.804
281.8	193.821
281.9	193.838
282	193.854
282.1	193.871
282.2	193.888
282.3	193.905
282.4	193.921
282.5	193.938
282.6	193.955
282.7	193.971
282.8	193.988
282.9	194.005
283	194.022
283.1	194.038
283.2	194.055
283.3	194.072
283.4	194.088
283.5	194.105
283.6	194.122
283.7	194.138
283.8	194.155
283.9	194.172
284	194.188
284.1	194.205
284.2	194.222
284.3	194.238
284.4	194.255
284.5	194.271
284.6	194.288
284.7	194.305
284.8	194.321
284.9	194.338
285	194.355
285.1	194.371
285.2	194.388
285.3	194.404
285.4	194.421
285.5	194.438
285.6	194.454
285.7	194.471
285.8	194.487
285.9	194.504
286	194.52
286.1	194.537
286.2	194.554
286.3	194.57
286.4	194.587
286.5	194.603
286.6	194.62
286.7	194.636
286.8	194.653
286.9	194.669
287	194.686
287.1	194.703
287.2	194.719
287.3	194.736
287.4	194.752
287.5	194.769
287.6	194.785
287.7	194.802
287.8	194.818
287.9	194.835
288	194.851
288.1	194.868
288.2	194.884
288.3	194.901
288.4	194.917
288.5	194.933
288.6	194.95
288.7	194.966
288.8	194.983
288.9	194.999
289	195.016
289.1	195.032
289.2	195.049
289.3	195.065
289.4	195.082
289.5	195.098
289.6	195.114
289.7	195.131
289.8	195.147
289.9	195.164
290	195.18
290.1	195.196
290.2	195.213
290.3	195.229
290.4	195.246
290.5	195.262
290.6	195.278
290.7	195.295
290.8	195.311
290.9	195.328
291	195.344
291.1	195.36
291.2	195.377
291.3	195.393
291.4	195.409
291.5	195.426
291.6	195.442
291.7	195.458
291.8	195.475
291.9	195.491
292	195.508
292.1	195.524
292.2	195.54
292.3	195.556
292.4	195.573
292.5	195.589
292.6	195.605
292.7	195.622
292.8	195.638
292.9	195.654
293	195.671
293.1	195.687
293.2	195.703
293.3	195.72
293.4	195.736
293.5	195.752
293.6	195.768
293.7	195.785
293.8	195.801
293.9	195.817
294	195.833
294.1	195.85
294.2	195.866
294.3	195.882
294.4	195.898
294.5	195.915
294.6	195.931
294.7	195.947
294.8	195.963
294.9	195.98
295	195.996
295.1	196.012
295.2	196.028
295.3	196.044
295.4	196.061
295.5	196.077
295.6	196.093
295.7	196.109
295.8	196.125
295.9	196.142
296	196.158
296.1	196.174
296.2	196.19
296.3	196.206
296.4	196.222
296.5	196.239
296.6	196.255
296.7	196.271
296.8	196.287
296.9	196.303
297	196.319
297.1	196.335
297.2	196.352
297.3	196.368
297.4	196.384
297.5	196.4
297.6	196.416
297.7	196.432
297.8	196.448
297.9	196.464
298	196.481
298.1	196.497
298.2	196.513
298.3	196.529
298.4	196.545
298.5	196.561
298.6	196.577
298.7	196.593
298.8	196.609
298.9	196.625
299	196.641
299.1	196.657
299.2	196.673
299.3	196.69
299.4	196.706
299.5	196.722
299.6	196.738
299.7	196.754
299.8	196.77
299.9	196.786
300	196.802
