W	Pred
1.5	120.479
1.6	119.916
1.7	119.409
1.8	118.95
1.9	118.533
2	118.153
2.1	117.806
2.2	117.489
2.3	117.197
2.4	116.929
2.5	116.682
2.6	116.454
2.7	116.244
2.8	116.049
2.9	115.869
3	115.702
3.1	115.548
3.2	115.404
3.3	115.271
3.4	115.148
3.5	115.033
3.6	114.927
3.7	114.828
3.8	114.737
3.9	114.652
4	114.574
4.1	114.502
4.2	114.435
4.3	114.373
4.4	114.316
4.5	114.264
4.6	114.216
4.7	114.172
4.8	114.132
4.9	114.096
5	114.063
5.1	114.034
5.2	114.007
5.3	113.984
5.4	113.963
5.5	113.945
5.6	113.93
5.7	113.917
5.8	113.906
5.9	113.897
6	113.891
6.1	113.886
6.2	113.884
6.3	113.883
6.4	113.884
6.5	113.887
6.6	113.891
6.7	113.897
6.8	113.904
6.9	113.912
7	113.922
7.1	113.934
7.2	113.946
7.3	113.96
7.4	113.975
7.5	113.99
7.6	114.007
7.7	114.025
7.8	114.044
7.9	114.064
8	114.085
8.1	114.106
8.2	114.129
8.3	114.152
8.4	114.176
8.5	114.201
8.6	114.226
8.7	114.252
8.8	114.279
8.9	114.306
9	114.334
9.1	114.363
9.2	114.392
9.3	114.422
9.4	114.452
9.5	114.483
9.6	114.515
9.7	114.546
9.8	114.579
9.9	114.611
10	114.645
10.1	114.678
10.2	114.712
10.3	114.747
10.4	114.781
10.5	114.816
10.6	114.852
10.7	114.888
10.8	114.924
10.9	114.96
11	114.997
11.1	115.034
11.2	115.072
11.3	115.109
11.4	115.147
11.5	115.185
11.6	115.224
11.7	115.262
11.8	115.301
11.9	115.341
12	115.38
12.1	115.419
12.2	115.459
12.3	115.499
12.4	115.539
12.5	115.58
12.6	115.62
12.7	115.661
12.8	115.702
12.9	115.743
13	115.784
13.1	115.826
13.2	115.867
13.3	115.909
13.4	115.951
13.5	115.992
13.6	116.035
13.7	116.077
13.8	116.119
13.9	116.161
14	116.204
14.1	116.247
14.2	116.289
14.3	116.332
14.4	116.375
14.5	116.418
14.6	116.461
14.7	116.505
14.8	116.548
14.9	116.591
15	116.635
15.1	116.678
15.2	116.722
15.3	116.765
15.4	116.809
15.5	116.853
15.6	116.897
15.7	116.941
15.8	116.985
15.9	117.029
16	117.073
16.1	117.117
16.2	117.161
16.3	117.205
16.4	117.25
16.5	117.294
16.6	117.338
16.7	117.383
16.8	117.427
16.9	117.472
17	117.516
17.1	117.561
17.2	117.605
17.3	117.65
17.4	117.694
17.5	117.739
17.6	117.783
17.7	117.828
17.8	117.873
17.9	117.918
18	117.962
18.1	118.007
18.2	118.052
18.3	118.096
18.4	118.141
18.5	118.186
18.6	118.231
18.7	118.276
18.8	118.32
18.9	118.365
19	118.41
19.1	118.455
19.2	118.5
19.3	118.544
19.4	118.589
19.5	118.634
19.6	118.679
19.7	118.724
19.8	118.769
19.9	118.813
20	118.858
20.1	118.903
20.2	118.948
20.3	118.993
20.4	119.037
20.5	119.082
20.6	119.127
20.7	119.172
20.8	119.216
20.9	119.261
21	119.306
21.1	119.351
21.2	119.395
21.3	119.44
21.4	119.485
21.5	119.529
21.6	119.574
21.7	119.618
21.8	119.663
21.9	119.708
22	119.752
22.1	119.797
22.2	119.841
22.3	119.886
22.4	119.93
22.5	119.975
22.6	120.019
22.7	120.064
22.8	120.108
22.9	120.153
23	120.197
23.1	120.241
23.2	120.286
23.3	120.33
23.4	120.374
23.5	120.419
23.6	120.463
23.7	120.507
23.8	120.551
23.9	120.595
24	120.639
24.1	120.684
24.2	120.728
24.3	120.772
24.4	120.816
24.5	120.86
24.6	120.904
24.7	120.948
24.8	120.992
24.9	121.036
25	121.079
25.1	121.123
25.2	121.167
25.3	121.211
25.4	121.255
25.5	121.298
25.6	121.342
25.7	121.386
25.8	121.429
25.9	121.473
26	121.517
26.1	121.56
26.2	121.604
26.3	121.647
26.4	121.691
26.5	121.734
26.6	121.778
26.7	121.821
26.8	121.864
26.9	121.908
27	121.951
27.1	121.994
27.2	122.037
27.3	122.081
27.4	122.124
27.5	122.167
27.6	122.21
27.7	122.253
27.8	122.296
27.9	122.339
28	122.382
28.1	122.425
28.2	122.468
28.3	122.511
28.4	122.554
28.5	122.596
28.6	122.639
28.7	122.682
28.8	122.725
28.9	122.767
29	122.81
29.1	122.852
29.2	122.895
29.3	122.938
29.4	122.98
29.5	123.023
29.6	123.065
29.7	123.107
29.8	123.15
29.9	123.192
30	123.234
30.1	123.277
30.2	123.319
30.3	123.361
30.4	123.403
30.5	123.445
30.6	123.487
30.7	123.53
30.8	123.572
30.9	123.614
31	123.656
31.1	123.697
31.2	123.739
31.3	123.781
31.4	123.823
31.5	123.865
31.6	123.907
31.7	123.948
31.8	123.99
31.9	124.032
32	124.073
32.1	124.115
32.2	124.156
32.3	124.198
32.4	124.239
32.5	124.281
32.6	124.322
32.7	124.364
32.8	124.405
32.9	124.446
33	124.488
33.1	124.529
33.2	124.57
33.3	124.611
33.4	124.652
33.5	124.693
33.6	124.735
33.7	124.776
33.8	124.817
33.9	124.858
34	124.899
34.1	124.939
34.2	124.98
34.3	125.021
34.4	125.062
34.5	125.103
34.6	125.143
34.7	125.184
34.8	125.225
34.9	125.265
35	125.306
35.1	125.347
35.2	125.387
35.3	125.428
35.4	125.468
35.5	125.508
35.6	125.549
35.7	125.589
35.8	125.629
35.9	125.67
36	125.71
36.1	125.75
36.2	125.79
36.3	125.831
36.4	125.871
36.5	125.911
36.6	125.951
36.7	125.991
36.8	126.031
36.9	126.071
37	126.111
37.1	126.151
37.2	126.19
37.3	126.23
37.4	126.27
37.5	126.31
37.6	126.349
37.7	126.389
37.8	126.429
37.9	126.468
38	126.508
38.1	126.548
38.2	126.587
38.3	126.627
38.4	126.666
38.5	126.705
38.6	126.745
38.7	126.784
38.8	126.823
38.9	126.863
39	126.902
39.1	126.941
39.2	126.98
39.3	127.02
39.4	127.059
39.5	127.098
39.6	127.137
39.7	127.176
39.8	127.215
39.9	127.254
40	127.293
40.1	127.332
40.2	127.37
40.3	127.409
40.4	127.448
40.5	127.487
40.6	127.526
40.7	127.564
40.8	127.603
40.9	127.642
41	127.68
41.1	127.719
41.2	127.757
41.3	127.796
41.4	127.834
41.5	127.873
41.6	127.911
41.7	127.949
41.8	127.988
41.9	128.026
42	128.064
42.1	128.103
42.2	128.141
42.3	128.179
42.4	128.217
42.5	128.255
42.6	128.293
42.7	128.331
42.8	128.37
42.9	128.408
43	128.445
43.1	128.483
43.2	128.521
43.3	128.559
43.4	128.597
43.5	128.635
43.6	128.673
43.7	128.71
43.8	128.748
43.9	128.786
44	128.823
44.1	128.861
44.2	128.899
44.3	128.936
44.4	128.974
44.5	129.011
44.6	129.049
44.7	129.086
44.8	129.124
44.9	129.161
45	129.198
45.1	129.236
45.2	129.273
45.3	129.31
45.4	129.348
45.5	129.385
45.6	129.422
45.7	129.459
45.8	129.496
45.9	129.533
46	129.57
46.1	129.607
46.2	129.644
46.3	129.681
46.4	129.718
46.5	129.755
46.6	129.792
46.7	129.829
46.8	129.866
46.9	129.902
47	129.939
47.1	129.976
47.2	130.013
47.3	130.049
47.4	130.086
47.5	130.123
47.6	130.159
47.7	130.196
47.8	130.232
47.9	130.269
48	130.305
48.1	130.342
48.2	130.378
48.3	130.414
48.4	130.451
48.5	130.487
48.6	130.523
48.7	130.56
48.8	130.596
48.9	130.632
49	130.668
49.1	130.705
49.2	130.741
49.3	130.777
49.4	130.813
49.5	130.849
49.6	130.885
49.7	130.921
49.8	130.957
49.9	130.993
50	131.029
50.1	131.065
50.2	131.1
50.3	131.136
50.4	131.172
50.5	131.208
50.6	131.244
50.7	131.279
50.8	131.315
50.9	131.351
51	131.386
51.1	131.422
51.2	131.457
51.3	131.493
51.4	131.528
51.5	131.564
51.6	131.599
51.7	131.635
51.8	131.67
51.9	131.706
52	131.741
52.1	131.776
52.2	131.812
52.3	131.847
52.4	131.882
52.5	131.917
52.6	131.953
52.7	131.988
52.8	132.023
52.9	132.058
53	132.093
53.1	132.128
53.2	132.163
53.3	132.198
53.4	132.233
53.5	132.268
53.6	132.303
53.7	132.338
53.8	132.373
53.9	132.408
54	132.443
54.1	132.477
54.2	132.512
54.3	132.547
54.4	132.582
54.5	132.616
54.6	132.651
54.7	132.686
54.8	132.72
54.9	132.755
55	132.789
55.1	132.824
55.2	132.858
55.3	132.893
55.4	132.927
55.5	132.962
55.6	132.996
55.7	133.031
55.8	133.065
55.9	133.099
56	133.134
56.1	133.168
56.2	133.202
56.3	133.236
56.4	133.271
56.5	133.305
56.6	133.339
56.7	133.373
56.8	133.407
56.9	133.441
57	133.475
57.1	133.51
57.2	133.544
57.3	133.578
57.4	133.611
57.5	133.645
57.6	133.679
57.7	133.713
57.8	133.747
57.9	133.781
58	133.815
58.1	133.849
58.2	133.882
58.3	133.916
58.4	133.95
58.5	133.984
58.6	134.017
58.7	134.051
58.8	134.084
58.9	134.118
59	134.152
59.1	134.185
59.2	134.219
59.3	134.252
59.4	134.286
59.5	134.319
59.6	134.353
59.7	134.386
59.8	134.419
59.9	134.453
60	134.486
60.1	134.519
60.2	134.553
60.3	134.586
60.4	134.619
60.5	134.653
60.6	134.686
60.7	134.719
60.8	134.752
60.9	134.785
61	134.818
61.1	134.851
61.2	134.884
61.3	134.917
61.4	134.951
61.5	134.984
61.6	135.016
61.7	135.049
61.8	135.082
61.9	135.115
62	135.148
62.1	135.181
62.2	135.214
62.3	135.247
62.4	135.279
62.5	135.312
62.6	135.345
62.7	135.378
62.8	135.41
62.9	135.443
63	135.476
63.1	135.508
63.2	135.541
63.3	135.574
63.4	135.606
63.5	135.639
63.6	135.671
63.7	135.704
63.8	135.736
63.9	135.769
64	135.801
64.1	135.833
64.2	135.866
64.3	135.898
64.4	135.931
64.5	135.963
64.6	135.995
64.7	136.027
64.8	136.06
64.9	136.092
65	136.124
65.1	136.156
65.2	136.189
65.3	136.221
65.4	136.253
65.5	136.285
65.6	136.317
65.7	136.349
65.8	136.381
65.9	136.413
66	136.445
66.1	136.477
66.2	136.509
66.3	136.541
66.4	136.573
66.5	136.605
66.6	136.637
66.7	136.669
66.8	136.7
66.9	136.732
67	136.764
67.1	136.796
67.2	136.827
67.3	136.859
67.4	136.891
67.5	136.923
67.6	136.954
67.7	136.986
67.8	137.017
67.9	137.049
68	137.081
68.1	137.112
68.2	137.144
68.3	137.175
68.4	137.207
68.5	137.238
68.6	137.27
68.7	137.301
68.8	137.333
68.9	137.364
69	137.395
69.1	137.427
69.2	137.458
69.3	137.489
69.4	137.521
69.5	137.552
69.6	137.583
69.7	137.614
69.8	137.646
69.9	137.677
70	137.708
70.1	137.739
70.2	137.77
70.3	137.801
70.4	137.833
70.5	137.864
70.6	137.895
70.7	137.926
70.8	137.957
70.9	137.988
71	138.019
71.1	138.05
71.2	138.081
71.3	138.111
71.4	138.142
71.5	138.173
71.6	138.204
71.7	138.235
71.8	138.266
71.9	138.297
72	138.327
72.1	138.358
72.2	138.389
72.3	138.42
72.4	138.45
72.5	138.481
72.6	138.512
72.7	138.542
72.8	138.573
72.9	138.604
73	138.634
73.1	138.665
73.2	138.695
73.3	138.726
73.4	138.756
73.5	138.787
73.6	138.817
73.7	138.848
73.8	138.878
73.9	138.909
74	138.939
74.1	138.969
74.2	139
74.3	139.03
74.4	139.06
74.5	139.091
74.6	139.121
74.7	139.151
74.8	139.181
74.9	139.212
75	139.242
75.1	139.272
75.2	139.302
75.3	139.332
75.4	139.363
75.5	139.393
75.6	139.423
75.7	139.453
75.8	139.483
75.9	139.513
76	139.543
76.1	139.573
76.2	139.603
76.3	139.633
76.4	139.663
76.5	139.693
76.6	139.723
76.7	139.753
76.8	139.783
76.9	139.812
77	139.842
77.1	139.872
77.2	139.902
77.3	139.932
77.4	139.962
77.5	139.991
77.6	140.021
77.7	140.051
77.8	140.08
77.9	140.11
78	140.14
78.1	140.17
78.2	140.199
78.3	140.229
78.4	140.258
78.5	140.288
78.6	140.318
78.7	140.347
78.8	140.377
78.9	140.406
79	140.436
79.1	140.465
79.2	140.495
79.3	140.524
79.4	140.553
79.5	140.583
79.6	140.612
79.7	140.642
79.8	140.671
79.9	140.7
80	140.73
80.1	140.759
80.2	140.788
80.3	140.817
80.4	140.847
80.5	140.876
80.6	140.905
80.7	140.934
80.8	140.964
80.9	140.993
81	141.022
81.1	141.051
81.2	141.08
81.3	141.109
81.4	141.138
81.5	141.167
81.6	141.196
81.7	141.226
81.8	141.255
81.9	141.284
82	141.313
82.1	141.341
82.2	141.37
82.3	141.399
82.4	141.428
82.5	141.457
82.6	141.486
82.7	141.515
82.8	141.544
82.9	141.573
83	141.601
83.1	141.63
83.2	141.659
83.3	141.688
83.4	141.717
83.5	141.745
83.6	141.774
83.7	141.803
83.8	141.831
83.9	141.86
84	141.889
84.1	141.917
84.2	141.946
84.3	141.975
84.4	142.003
84.5	142.032
84.6	142.06
84.7	142.089
84.8	142.117
84.9	142.146
85	142.174
85.1	142.203
85.2	142.231
85.3	142.26
85.4	142.288
85.5	142.317
85.6	142.345
85.7	142.373
85.8	142.402
85.9	142.43
86	142.459
86.1	142.487
86.2	142.515
86.3	142.543
86.4	142.572
86.5	142.6
86.6	142.628
86.7	142.656
86.8	142.685
86.9	142.713
87	142.741
87.1	142.769
87.2	142.797
87.3	142.825
87.4	142.854
87.5	142.882
87.6	142.91
87.7	142.938
87.8	142.966
87.9	142.994
88	143.022
88.1	143.05
88.2	143.078
88.3	143.106
88.4	143.134
88.5	143.162
88.6	143.19
88.7	143.218
88.8	143.246
88.9	143.274
89	143.301
89.1	143.329
89.2	143.357
89.3	143.385
89.4	143.413
89.5	143.441
89.6	143.468
89.7	143.496
89.8	143.524
89.9	143.552
90	143.579
90.1	143.607
90.2	143.635
90.3	143.662
90.4	143.69
90.5	143.718
90.6	143.745
90.7	143.773
90.8	143.801
90.9	143.828
91	143.856
91.1	143.883
91.2	143.911
91.3	143.938
91.4	143.966
91.5	143.993
91.6	144.021
91.7	144.048
91.8	144.076
91.9	144.103
92	144.131
92.1	144.158
92.2	144.186
92.3	144.213
92.4	144.24
92.5	144.268
92.6	144.295
92.7	144.322
92.8	144.35
92.9	144.377
93	144.404
93.1	144.432
93.2	144.459
93.3	144.486
93.4	144.513
93.5	144.541
93.6	144.568
93.7	144.595
93.8	144.622
93.9	144.649
94	144.676
94.1	144.704
94.2	144.731
94.3	144.758
94.4	144.785
94.5	144.812
94.6	144.839
94.7	144.866
94.8	144.893
94.9	144.92
95	144.947
95.1	144.974
95.2	145.001
95.3	145.028
95.4	145.055
95.5	145.082
95.6	145.109
95.7	145.136
95.8	145.163
95.9	145.19
96	145.216
96.1	145.243
96.2	145.27
96.3	145.297
96.4	145.324
96.5	145.351
96.6	145.377
96.7	145.404
96.8	145.431
96.9	145.458
97	145.484
97.1	145.511
97.2	145.538
97.3	145.564
97.4	145.591
97.5	145.618
97.6	145.644
97.7	145.671
97.8	145.698
97.9	145.724
98	145.751
98.1	145.777
98.2	145.804
98.3	145.831
98.4	145.857
98.5	145.884
98.6	145.91
98.7	145.937
98.8	145.963
98.9	145.99
99	146.016
99.1	146.043
99.2	146.069
99.3	146.095
99.4	146.122
99.5	146.148
99.6	146.175
99.7	146.201
99.8	146.227
99.9	146.254
100	146.28
100.1	146.306
100.2	146.333
100.3	146.359
100.4	146.385
100.5	146.411
100.6	146.438
100.7	146.464
100.8	146.49
100.9	146.516
101	146.543
101.1	146.569
101.2	146.595
101.3	146.621
101.4	146.647
101.5	146.673
101.6	146.7
101.7	146.726
101.8	146.752
101.9	146.778
102	146.804
102.1	146.83
102.2	146.856
102.3	146.882
102.4	146.908
102.5	146.934
102.6	146.96
102.7	146.986
102.8	147.012
102.9	147.038
103	147.064
103.1	147.09
103.2	147.116
103.3	147.142
103.4	147.168
103.5	147.194
103.6	147.219
103.7	147.245
103.8	147.271
103.9	147.297
104	147.323
104.1	147.349
104.2	147.374
104.3	147.4
104.4	147.426
104.5	147.452
104.6	147.477
104.7	147.503
104.8	147.529
104.9	147.555
105	147.58
105.1	147.606
105.2	147.632
105.3	147.657
105.4	147.683
105.5	147.709
105.6	147.734
105.7	147.76
105.8	147.786
105.9	147.811
106	147.837
106.1	147.862
106.2	147.888
106.3	147.913
106.4	147.939
106.5	147.964
106.6	147.99
106.7	148.015
106.8	148.041
106.9	148.066
107	148.092
107.1	148.117
107.2	148.143
107.3	148.168
107.4	148.194
107.5	148.219
107.6	148.244
107.7	148.27
107.8	148.295
107.9	148.32
108	148.346
108.1	148.371
108.2	148.396
108.3	148.422
108.4	148.447
108.5	148.472
108.6	148.498
108.7	148.523
108.8	148.548
108.9	148.573
109	148.598
109.1	148.624
109.2	148.649
109.3	148.674
109.4	148.699
109.5	148.724
109.6	148.75
109.7	148.775
109.8	148.8
109.9	148.825
110	148.85
110.1	148.875
110.2	148.9
110.3	148.925
110.4	148.95
110.5	148.975
110.6	149
110.7	149.025
110.8	149.05
110.9	149.075
111	149.1
111.1	149.125
111.2	149.15
111.3	149.175
111.4	149.2
111.5	149.225
111.6	149.25
111.7	149.275
111.8	149.3
111.9	149.325
112	149.35
112.1	149.375
112.2	149.399
112.3	149.424
112.4	149.449
112.5	149.474
112.6	149.499
112.7	149.524
112.8	149.548
112.9	149.573
113	149.598
113.1	149.623
113.2	149.647
113.3	149.672
113.4	149.697
113.5	149.722
113.6	149.746
113.7	149.771
113.8	149.796
113.9	149.82
114	149.845
114.1	149.87
114.2	149.894
114.3	149.919
114.4	149.943
114.5	149.968
114.6	149.993
114.7	150.017
114.8	150.042
114.9	150.066
115	150.091
115.1	150.115
115.2	150.14
115.3	150.164
115.4	150.189
115.5	150.213
115.6	150.238
115.7	150.262
115.8	150.287
115.9	150.311
116	150.336
116.1	150.36
116.2	150.385
116.3	150.409
116.4	150.433
116.5	150.458
116.6	150.482
116.7	150.506
116.8	150.531
116.9	150.555
117	150.579
117.1	150.604
117.2	150.628
117.3	150.652
117.4	150.677
117.5	150.701
117.6	150.725
117.7	150.749
117.8	150.774
117.9	150.798
118	150.822
118.1	150.846
118.2	150.871
118.3	150.895
118.4	150.919
118.5	150.943
118.6	150.967
118.7	150.991
118.8	151.016
118.9	151.04
119	151.064
119.1	151.088
119.2	151.112
119.3	151.136
119.4	151.16
119.5	151.184
119.6	151.208
119.7	151.232
119.8	151.256
119.9	151.28
120	151.304
120.1	151.328
120.2	151.352
120.3	151.376
120.4	151.4
120.5	151.424
120.6	151.448
120.7	151.472
120.8	151.496
120.9	151.52
121	151.544
121.1	151.568
121.2	151.592
121.3	151.616
121.4	151.64
121.5	151.663
121.6	151.687
121.7	151.711
121.8	151.735
121.9	151.759
122	151.783
122.1	151.806
122.2	151.83
122.3	151.854
122.4	151.878
122.5	151.902
122.6	151.925
122.7	151.949
122.8	151.973
122.9	151.996
123	152.02
123.1	152.044
123.2	152.068
123.3	152.091
123.4	152.115
123.5	152.139
123.6	152.162
123.7	152.186
123.8	152.21
123.9	152.233
124	152.257
124.1	152.28
124.2	152.304
124.3	152.328
124.4	152.351
124.5	152.375
124.6	152.398
124.7	152.422
124.8	152.445
124.9	152.469
125	152.492
125.1	152.516
125.2	152.539
125.3	152.563
125.4	152.586
125.5	152.61
125.6	152.633
125.7	152.657
125.8	152.68
125.9	152.704
126	152.727
126.1	152.75
126.2	152.774
126.3	152.797
126.4	152.821
126.5	152.844
126.6	152.867
126.7	152.891
126.8	152.914
126.9	152.937
127	152.961
127.1	152.984
127.2	153.007
127.3	153.03
127.4	153.054
127.5	153.077
127.6	153.1
127.7	153.124
127.8	153.147
127.9	153.17
128	153.193
128.1	153.216
128.2	153.24
128.3	153.263
128.4	153.286
128.5	153.309
128.6	153.332
128.7	153.356
128.8	153.379
128.9	153.402
129	153.425
129.1	153.448
129.2	153.471
129.3	153.494
129.4	153.517
129.5	153.541
129.6	153.564
129.7	153.587
129.8	153.61
129.9	153.633
130	153.656
130.1	153.679
130.2	153.702
130.3	153.725
130.4	153.748
130.5	153.771
130.6	153.794
130.7	153.817
130.8	153.84
130.9	153.863
131	153.886
131.1	153.909
131.2	153.932
131.3	153.954
131.4	153.977
131.5	154
131.6	154.023
131.7	154.046
131.8	154.069
131.9	154.092
132	154.115
132.1	154.138
132.2	154.16
132.3	154.183
132.4	154.206
132.5	154.229
132.6	154.252
132.7	154.274
132.8	154.297
132.9	154.32
133	154.343
133.1	154.365
133.2	154.388
133.3	154.411
133.4	154.434
133.5	154.456
133.6	154.479
133.7	154.502
133.8	154.525
133.9	154.547
134	154.57
134.1	154.593
134.2	154.615
134.3	154.638
134.4	154.661
134.5	154.683
134.6	154.706
134.7	154.728
134.8	154.751
134.9	154.774
135	154.796
135.1	154.819
135.2	154.841
135.3	154.864
135.4	154.886
135.5	154.909
135.6	154.932
135.7	154.954
135.8	154.977
135.9	154.999
136	155.022
136.1	155.044
136.2	155.067
136.3	155.089
136.4	155.112
136.5	155.134
136.6	155.156
136.7	155.179
136.8	155.201
136.9	155.224
137	155.246
137.1	155.269
137.2	155.291
137.3	155.313
137.4	155.336
137.5	155.358
137.6	155.38
137.7	155.403
137.8	155.425
137.9	155.447
138	155.47
138.1	155.492
138.2	155.514
138.3	155.537
138.4	155.559
138.5	155.581
138.6	155.604
138.7	155.626
138.8	155.648
138.9	155.67
139	155.693
139.1	155.715
139.2	155.737
139.3	155.759
139.4	155.781
139.5	155.804
139.6	155.826
139.7	155.848
139.8	155.87
139.9	155.892
140	155.915
140.1	155.937
140.2	155.959
140.3	155.981
140.4	156.003
140.5	156.025
140.6	156.047
140.7	156.069
140.8	156.092
140.9	156.114
141	156.136
141.1	156.158
141.2	156.18
141.3	156.202
141.4	156.224
141.5	156.246
141.6	156.268
141.7	156.29
141.8	156.312
141.9	156.334
142	156.356
142.1	156.378
142.2	156.4
142.3	156.422
142.4	156.444
142.5	156.466
142.6	156.488
142.7	156.51
142.8	156.532
142.9	156.554
143	156.576
143.1	156.597
143.2	156.619
143.3	156.641
143.4	156.663
143.5	156.685
143.6	156.707
143.7	156.729
143.8	156.751
143.9	156.772
144	156.794
144.1	156.816
144.2	156.838
144.3	156.86
144.4	156.881
144.5	156.903
144.6	156.925
144.7	156.947
144.8	156.969
144.9	156.99
145	157.012
145.1	157.034
145.2	157.056
145.3	157.077
145.4	157.099
145.5	157.121
145.6	157.142
145.7	157.164
145.8	157.186
145.9	157.207
146	157.229
146.1	157.251
146.2	157.272
146.3	157.294
146.4	157.316
146.5	157.337
146.6	157.359
146.7	157.381
146.8	157.402
146.9	157.424
147	157.445
147.1	157.467
147.2	157.489
147.3	157.51
147.4	157.532
147.5	157.553
147.6	157.575
147.7	157.596
147.8	157.618
147.9	157.639
148	157.661
148.1	157.682
148.2	157.704
148.3	157.725
148.4	157.747
148.5	157.768
148.6	157.79
148.7	157.811
148.8	157.833
148.9	157.854
149	157.876
149.1	157.897
149.2	157.919
149.3	157.94
149.4	157.961
149.5	157.983
149.6	158.004
149.7	158.026
149.8	158.047
149.9	158.068
150	158.09
150.1	158.111
150.2	158.132
150.3	158.154
150.4	158.175
150.5	158.196
150.6	158.218
150.7	158.239
150.8	158.26
150.9	158.282
151	158.303
151.1	158.324
151.2	158.345
151.3	158.367
151.4	158.388
151.5	158.409
151.6	158.43
151.7	158.452
151.8	158.473
151.9	158.494
152	158.515
152.1	158.536
152.2	158.558
152.3	158.579
152.4	158.6
152.5	158.621
152.6	158.642
152.7	158.664
152.8	158.685
152.9	158.706
153	158.727
153.1	158.748
153.2	158.769
153.3	158.79
153.4	158.811
153.5	158.833
153.6	158.854
153.7	158.875
153.8	158.896
153.9	158.917
154	158.938
154.1	158.959
154.2	158.98
154.3	159.001
154.4	159.022
154.5	159.043
154.6	159.064
154.7	159.085
154.8	159.106
154.9	159.127
155	159.148
155.1	159.169
155.2	159.19
155.3	159.211
155.4	159.232
155.5	159.253
155.6	159.274
155.7	159.295
155.8	159.316
155.9	159.337
156	159.358
156.1	159.379
156.2	159.399
156.3	159.42
156.4	159.441
156.5	159.462
156.6	159.483
156.7	159.504
156.8	159.525
156.9	159.546
157	159.566
157.1	159.587
157.2	159.608
157.3	159.629
157.4	159.65
157.5	159.671
157.6	159.691
157.7	159.712
157.8	159.733
157.9	159.754
158	159.775
158.1	159.795
158.2	159.816
158.3	159.837
158.4	159.858
158.5	159.878
158.6	159.899
158.7	159.92
158.8	159.94
158.9	159.961
159	159.982
159.1	160.003
159.2	160.023
159.3	160.044
159.4	160.065
159.5	160.085
159.6	160.106
159.7	160.127
159.8	160.147
159.9	160.168
160	160.189
160.1	160.209
160.2	160.23
160.3	160.25
160.4	160.271
160.5	160.292
160.6	160.312
160.7	160.333
160.8	160.353
160.9	160.374
161	160.394
161.1	160.415
161.2	160.436
161.3	160.456
161.4	160.477
161.5	160.497
161.6	160.518
161.7	160.538
161.8	160.559
161.9	160.579
162	160.6
162.1	160.62
162.2	160.641
162.3	160.661
162.4	160.682
162.5	160.702
162.6	160.723
162.7	160.743
162.8	160.763
162.9	160.784
163	160.804
163.1	160.825
163.2	160.845
163.3	160.866
163.4	160.886
163.5	160.906
163.6	160.927
163.7	160.947
163.8	160.968
163.9	160.988
164	161.008
164.1	161.029
164.2	161.049
164.3	161.069
164.4	161.09
164.5	161.11
164.6	161.13
164.7	161.151
164.8	161.171
164.9	161.191
165	161.212
165.1	161.232
165.2	161.252
165.3	161.272
165.4	161.293
165.5	161.313
165.6	161.333
165.7	161.353
165.8	161.374
165.9	161.394
166	161.414
166.1	161.434
166.2	161.455
166.3	161.475
166.4	161.495
166.5	161.515
166.6	161.535
166.7	161.555
166.8	161.576
166.9	161.596
167	161.616
167.1	161.636
167.2	161.656
167.3	161.676
167.4	161.697
167.5	161.717
167.6	161.737
167.7	161.757
167.8	161.777
167.9	161.797
168	161.817
168.1	161.837
168.2	161.857
168.3	161.878
168.4	161.898
168.5	161.918
168.6	161.938
168.7	161.958
168.8	161.978
168.9	161.998
169	162.018
169.1	162.038
169.2	162.058
169.3	162.078
169.4	162.098
169.5	162.118
169.6	162.138
169.7	162.158
169.8	162.178
169.9	162.198
170	162.218
170.1	162.238
170.2	162.258
170.3	162.278
170.4	162.298
170.5	162.318
170.6	162.338
170.7	162.357
170.8	162.377
170.9	162.397
171	162.417
171.1	162.437
171.2	162.457
171.3	162.477
171.4	162.497
171.5	162.517
171.6	162.536
171.7	162.556
171.8	162.576
171.9	162.596
172	162.616
172.1	162.636
172.2	162.656
172.3	162.675
172.4	162.695
172.5	162.715
172.6	162.735
172.7	162.755
172.8	162.774
172.9	162.794
173	162.814
173.1	162.834
173.2	162.853
173.3	162.873
173.4	162.893
173.5	162.913
173.6	162.932
173.7	162.952
173.8	162.972
173.9	162.992
174	163.011
174.1	163.031
174.2	163.051
174.3	163.07
174.4	163.09
174.5	163.11
174.6	163.13
174.7	163.149
174.8	163.169
174.9	163.189
175	163.208
175.1	163.228
175.2	163.247
175.3	163.267
175.4	163.287
175.5	163.306
175.6	163.326
175.7	163.346
175.8	163.365
175.9	163.385
176	163.404
176.1	163.424
176.2	163.444
176.3	163.463
176.4	163.483
176.5	163.502
176.6	163.522
176.7	163.541
176.8	163.561
176.9	163.58
177	163.6
177.1	163.62
177.2	163.639
177.3	163.659
177.4	163.678
177.5	163.698
177.6	163.717
177.7	163.737
177.8	163.756
177.9	163.776
178	163.795
178.1	163.814
178.2	163.834
178.3	163.853
178.4	163.873
178.5	163.892
178.6	163.912
178.7	163.931
178.8	163.951
178.9	163.97
179	163.989
179.1	164.009
179.2	164.028
179.3	164.048
179.4	164.067
179.5	164.086
179.6	164.106
179.7	164.125
179.8	164.144
179.9	164.164
180	164.183
180.1	164.203
180.2	164.222
180.3	164.241
180.4	164.261
180.5	164.28
180.6	164.299
180.7	164.319
180.8	164.338
180.9	164.357
181	164.376
181.1	164.396
181.2	164.415
181.3	164.434
181.4	164.454
181.5	164.473
181.6	164.492
181.7	164.511
181.8	164.531
181.9	164.55
182	164.569
182.1	164.588
182.2	164.608
182.3	164.627
182.4	164.646
182.5	164.665
182.6	164.684
182.7	164.704
182.8	164.723
182.9	164.742
183	164.761
183.1	164.78
183.2	164.799
183.3	164.819
183.4	164.838
183.5	164.857
183.6	164.876
183.7	164.895
183.8	164.914
183.9	164.933
184	164.953
184.1	164.972
184.2	164.991
184.3	165.01
184.4	165.029
184.5	165.048
184.6	165.067
184.7	165.086
184.8	165.105
184.9	165.124
185	165.143
185.1	165.163
185.2	165.182
185.3	165.201
185.4	165.22
185.5	165.239
185.6	165.258
185.7	165.277
185.8	165.296
185.9	165.315
186	165.334
186.1	165.353
186.2	165.372
186.3	165.391
186.4	165.41
186.5	165.429
186.6	165.448
186.7	165.467
186.8	165.486
186.9	165.505
187	165.524
187.1	165.543
187.2	165.561
187.3	165.58
187.4	165.599
187.5	165.618
187.6	165.637
187.7	165.656
187.8	165.675
187.9	165.694
188	165.713
188.1	165.732
188.2	165.751
188.3	165.769
188.4	165.788
188.5	165.807
188.6	165.826
188.7	165.845
188.8	165.864
188.9	165.883
189	165.901
189.1	165.92
189.2	165.939
189.3	165.958
189.4	165.977
189.5	165.996
189.6	166.014
189.7	166.033
189.8	166.052
189.9	166.071
190	166.09
190.1	166.108
190.2	166.127
190.3	166.146
190.4	166.165
190.5	166.183
190.6	166.202
190.7	166.221
190.8	166.24
190.9	166.258
191	166.277
191.1	166.296
191.2	166.315
191.3	166.333
191.4	166.352
191.5	166.371
191.6	166.389
191.7	166.408
191.8	166.427
191.9	166.446
192	166.464
192.1	166.483
192.2	166.502
192.3	166.52
192.4	166.539
192.5	166.558
192.6	166.576
192.7	166.595
192.8	166.613
192.9	166.632
193	166.651
193.1	166.669
193.2	166.688
193.3	166.707
193.4	166.725
193.5	166.744
193.6	166.762
193.7	166.781
193.8	166.799
193.9	166.818
194	166.837
194.1	166.855
194.2	166.874
194.3	166.892
194.4	166.911
194.5	166.929
194.6	166.948
194.7	166.967
194.8	166.985
194.9	167.004
195	167.022
195.1	167.041
195.2	167.059
195.3	167.078
195.4	167.096
195.5	167.115
195.6	167.133
195.7	167.152
195.8	167.17
195.9	167.189
196	167.207
196.1	167.225
196.2	167.244
196.3	167.262
196.4	167.281
196.5	167.299
196.6	167.318
196.7	167.336
196.8	167.355
196.9	167.373
197	167.391
197.1	167.41
197.2	167.428
197.3	167.447
197.4	167.465
197.5	167.483
197.6	167.502
197.7	167.52
197.8	167.538
197.9	167.557
198	167.575
198.1	167.594
198.2	167.612
198.3	167.63
198.4	167.649
198.5	167.667
198.6	167.685
198.7	167.704
198.8	167.722
198.9	167.74
199	167.759
199.1	167.777
199.2	167.795
199.3	167.813
199.4	167.832
199.5	167.85
199.6	167.868
199.7	167.887
199.8	167.905
199.9	167.923
200	167.941
200.1	167.96
200.2	167.978
200.3	167.996
200.4	168.014
200.5	168.033
200.6	168.051
200.7	168.069
200.8	168.087
200.9	168.106
201	168.124
201.1	168.142
201.2	168.16
201.3	168.178
201.4	168.197
201.5	168.215
201.6	168.233
201.7	168.251
201.8	168.269
201.9	168.287
202	168.306
202.1	168.324
202.2	168.342
202.3	168.36
202.4	168.378
202.5	168.396
202.6	168.414
202.7	168.433
202.8	168.451
202.9	168.469
203	168.487
203.1	168.505
203.2	168.523
203.3	168.541
203.4	168.559
203.5	168.577
203.6	168.595
203.7	168.614
203.8	168.632
203.9	168.65
204	168.668
204.1	168.686
204.2	168.704
204.3	168.722
204.4	168.74
204.5	168.758
204.6	168.776
204.7	168.794
204.8	168.812
204.9	168.83
205	168.848
205.1	168.866
205.2	168.884
205.3	168.902
205.4	168.92
205.5	168.938
205.6	168.956
205.7	168.974
205.8	168.992
205.9	169.01
206	169.028
206.1	169.046
206.2	169.064
206.3	169.082
206.4	169.1
206.5	169.118
206.6	169.136
206.7	169.154
206.8	169.171
206.9	169.189
207	169.207
207.1	169.225
207.2	169.243
207.3	169.261
207.4	169.279
207.5	169.297
207.6	169.315
207.7	169.333
207.8	169.35
207.9	169.368
208	169.386
208.1	169.404
208.2	169.422
208.3	169.44
208.4	169.458
208.5	169.475
208.6	169.493
208.7	169.511
208.8	169.529
208.9	169.547
209	169.565
209.1	169.582
209.2	169.6
209.3	169.618
209.4	169.636
209.5	169.654
209.6	169.671
209.7	169.689
209.8	169.707
209.9	169.725
210	169.742
210.1	169.76
210.2	169.778
210.3	169.796
210.4	169.814
210.5	169.831
210.6	169.849
210.7	169.867
210.8	169.884
210.9	169.902
211	169.92
211.1	169.938
211.2	169.955
211.3	169.973
211.4	169.991
211.5	170.008
211.6	170.026
211.7	170.044
211.8	170.062
211.9	170.079
212	170.097
212.1	170.115
212.2	170.132
212.3	170.15
212.4	170.168
212.5	170.185
212.6	170.203
212.7	170.221
212.8	170.238
212.9	170.256
213	170.273
213.1	170.291
213.2	170.309
213.3	170.326
213.4	170.344
213.5	170.362
213.6	170.379
213.7	170.397
213.8	170.414
213.9	170.432
214	170.449
214.1	170.467
214.2	170.485
214.3	170.502
214.4	170.52
214.5	170.537
214.6	170.555
214.7	170.572
214.8	170.59
214.9	170.608
215	170.625
215.1	170.643
215.2	170.66
215.3	170.678
215.4	170.695
215.5	170.713
215.6	170.73
215.7	170.748
215.8	170.765
215.9	170.783
216	170.8
216.1	170.818
216.2	170.835
216.3	170.853
216.4	170.87
216.5	170.888
216.6	170.905
216.7	170.923
216.8	170.94
216.9	170.957
217	170.975
217.1	170.992
217.2	171.01
217.3	171.027
217.4	171.045
217.5	171.062
217.6	171.08
217.7	171.097
217.8	171.114
217.9	171.132
218	171.149
218.1	171.167
218.2	171.184
218.3	171.201
218.4	171.219
218.5	171.236
218.6	171.253
218.7	171.271
218.8	171.288
218.9	171.306
219	171.323
219.1	171.34
219.2	171.358
219.3	171.375
219.4	171.392
219.5	171.41
219.6	171.427
219.7	171.444
219.8	171.462
219.9	171.479
220	171.496
220.1	171.514
220.2	171.531
220.3	171.548
220.4	171.565
220.5	171.583
220.6	171.6
220.7	171.617
220.8	171.635
220.9	171.652
221	171.669
221.1	171.686
221.2	171.704
221.3	171.721
221.4	171.738
221.5	171.755
221.6	171.773
221.7	171.79
221.8	171.807
221.9	171.824
222	171.842
222.1	171.859
222.2	171.876
222.3	171.893
222.4	171.911
222.5	171.928
222.6	171.945
222.7	171.962
222.8	171.979
222.9	171.996
223	172.014
223.1	172.031
223.2	172.048
223.3	172.065
223.4	172.082
223.5	172.1
223.6	172.117
223.7	172.134
223.8	172.151
223.9	172.168
224	172.185
224.1	172.202
224.2	172.22
224.3	172.237
224.4	172.254
224.5	172.271
224.6	172.288
224.7	172.305
224.8	172.322
224.9	172.339
225	172.356
225.1	172.374
225.2	172.391
225.3	172.408
225.4	172.425
225.5	172.442
225.6	172.459
225.7	172.476
225.8	172.493
225.9	172.51
226	172.527
226.1	172.544
226.2	172.561
226.3	172.578
226.4	172.595
226.5	172.612
226.6	172.629
226.7	172.646
226.8	172.663
226.9	172.68
227	172.697
227.1	172.714
227.2	172.731
227.3	172.748
227.4	172.765
227.5	172.782
227.6	172.799
227.7	172.816
227.8	172.833
227.9	172.85
228	172.867
228.1	172.884
228.2	172.901
228.3	172.918
228.4	172.935
228.5	172.952
228.6	172.969
228.7	172.986
228.8	173.003
228.9	173.02
229	173.037
229.1	173.054
229.2	173.071
229.3	173.088
229.4	173.105
229.5	173.121
229.6	173.138
229.7	173.155
229.8	173.172
229.9	173.189
230	173.206
230.1	173.223
230.2	173.24
230.3	173.257
230.4	173.273
230.5	173.29
230.6	173.307
230.7	173.324
230.8	173.341
230.9	173.358
231	173.375
231.1	173.391
231.2	173.408
231.3	173.425
231.4	173.442
231.5	173.459
231.6	173.476
231.7	173.492
231.8	173.509
231.9	173.526
232	173.543
232.1	173.56
232.2	173.576
232.3	173.593
232.4	173.61
232.5	173.627
232.6	173.643
232.7	173.66
232.8	173.677
232.9	173.694
233	173.711
233.1	173.727
233.2	173.744
233.3	173.761
233.4	173.778
233.5	173.794
233.6	173.811
233.7	173.828
233.8	173.845
233.9	173.861
234	173.878
234.1	173.895
234.2	173.911
234.3	173.928
234.4	173.945
234.5	173.962
234.6	173.978
234.7	173.995
234.8	174.012
234.9	174.028
235	174.045
235.1	174.062
235.2	174.078
235.3	174.095
235.4	174.112
235.5	174.128
235.6	174.145
235.7	174.162
235.8	174.178
235.9	174.195
236	174.212
236.1	174.228
236.2	174.245
236.3	174.261
236.4	174.278
236.5	174.295
236.6	174.311
236.7	174.328
236.8	174.345
236.9	174.361
237	174.378
237.1	174.394
237.2	174.411
237.3	174.428
237.4	174.444
237.5	174.461
237.6	174.477
237.7	174.494
237.8	174.51
237.9	174.527
238	174.544
238.1	174.56
238.2	174.577
238.3	174.593
238.4	174.61
238.5	174.626
238.6	174.643
238.7	174.659
238.8	174.676
238.9	174.692
239	174.709
239.1	174.726
239.2	174.742
239.3	174.759
239.4	174.775
239.5	174.792
239.6	174.808
239.7	174.825
239.8	174.841
239.9	174.858
240	174.874
240.1	174.891
240.2	174.907
240.3	174.923
240.4	174.94
240.5	174.956
240.6	174.973
240.7	174.989
240.8	175.006
240.9	175.022
241	175.039
241.1	175.055
241.2	175.072
241.3	175.088
241.4	175.104
241.5	175.121
241.6	175.137
241.7	175.154
241.8	175.17
241.9	175.187
242	175.203
242.1	175.219
242.2	175.236
242.3	175.252
242.4	175.269
242.5	175.285
242.6	175.301
242.7	175.318
242.8	175.334
242.9	175.35
243	175.367
243.1	175.383
243.2	175.4
243.3	175.416
243.4	175.432
243.5	175.449
243.6	175.465
243.7	175.481
243.8	175.498
243.9	175.514
244	175.53
244.1	175.547
244.2	175.563
244.3	175.579
244.4	175.596
244.5	175.612
244.6	175.628
244.7	175.644
244.8	175.661
244.9	175.677
245	175.693
245.1	175.71
245.2	175.726
245.3	175.742
245.4	175.759
245.5	175.775
245.6	175.791
245.7	175.807
245.8	175.824
245.9	175.84
246	175.856
246.1	175.872
246.2	175.889
246.3	175.905
246.4	175.921
246.5	175.937
246.6	175.954
246.7	175.97
246.8	175.986
246.9	176.002
247	176.018
247.1	176.035
247.2	176.051
247.3	176.067
247.4	176.083
247.5	176.099
247.6	176.116
247.7	176.132
247.8	176.148
247.9	176.164
248	176.18
248.1	176.197
248.2	176.213
248.3	176.229
248.4	176.245
248.5	176.261
248.6	176.277
248.7	176.294
248.8	176.31
248.9	176.326
249	176.342
249.1	176.358
249.2	176.374
249.3	176.39
249.4	176.407
249.5	176.423
249.6	176.439
249.7	176.455
249.8	176.471
249.9	176.487
250	176.503
250.1	176.519
250.2	176.535
250.3	176.552
250.4	176.568
250.5	176.584
250.6	176.6
250.7	176.616
250.8	176.632
250.9	176.648
251	176.664
251.1	176.68
251.2	176.696
251.3	176.712
251.4	176.728
251.5	176.744
251.6	176.761
251.7	176.777
251.8	176.793
251.9	176.809
252	176.825
252.1	176.841
252.2	176.857
252.3	176.873
252.4	176.889
252.5	176.905
252.6	176.921
252.7	176.937
252.8	176.953
252.9	176.969
253	176.985
253.1	177.001
253.2	177.017
253.3	177.033
253.4	177.049
253.5	177.065
253.6	177.081
253.7	177.097
253.8	177.113
253.9	177.129
254	177.145
254.1	177.161
254.2	177.177
254.3	177.192
254.4	177.208
254.5	177.224
254.6	177.24
254.7	177.256
254.8	177.272
254.9	177.288
255	177.304
255.1	177.32
255.2	177.336
255.3	177.352
255.4	177.368
255.5	177.384
255.6	177.4
255.7	177.415
255.8	177.431
255.9	177.447
256	177.463
256.1	177.479
256.2	177.495
256.3	177.511
256.4	177.527
256.5	177.542
256.6	177.558
256.7	177.574
256.8	177.59
256.9	177.606
257	177.622
257.1	177.638
257.2	177.654
257.3	177.669
257.4	177.685
257.5	177.701
257.6	177.717
257.7	177.733
257.8	177.749
257.9	177.764
258	177.78
258.1	177.796
258.2	177.812
258.3	177.828
258.4	177.843
258.5	177.859
258.6	177.875
258.7	177.891
258.8	177.907
258.9	177.922
259	177.938
259.1	177.954
259.2	177.97
259.3	177.986
259.4	178.001
259.5	178.017
259.6	178.033
259.7	178.049
259.8	178.064
259.9	178.08
260	178.096
260.1	178.112
260.2	178.127
260.3	178.143
260.4	178.159
260.5	178.175
260.6	178.19
260.7	178.206
260.8	178.222
260.9	178.237
261	178.253
261.1	178.269
261.2	178.285
261.3	178.3
261.4	178.316
261.5	178.332
261.6	178.347
261.7	178.363
261.8	178.379
261.9	178.394
262	178.41
262.1	178.426
262.2	178.442
262.3	178.457
262.4	178.473
262.5	178.489
262.6	178.504
262.7	178.52
262.8	178.535
262.9	178.551
263	178.567
263.1	178.582
263.2	178.598
263.3	178.614
263.4	178.629
263.5	178.645
263.6	178.661
263.7	178.676
263.8	178.692
263.9	178.707
264	178.723
264.1	178.739
264.2	178.754
264.3	178.77
264.4	178.786
264.5	178.801
264.6	178.817
264.7	178.832
264.8	178.848
264.9	178.863
265	178.879
265.1	178.895
265.2	178.91
265.3	178.926
265.4	178.941
265.5	178.957
265.6	178.972
265.7	178.988
265.8	179.004
265.9	179.019
266	179.035
266.1	179.05
266.2	179.066
266.3	179.081
266.4	179.097
266.5	179.112
266.6	179.128
266.7	179.143
266.8	179.159
266.9	179.174
267	179.19
267.1	179.205
267.2	179.221
267.3	179.236
267.4	179.252
267.5	179.267
267.6	179.283
267.7	179.298
267.8	179.314
267.9	179.329
268	179.345
268.1	179.36
268.2	179.376
268.3	179.391
268.4	179.407
268.5	179.422
268.6	179.438
268.7	179.453
268.8	179.469
268.9	179.484
269	179.5
269.1	179.515
269.2	179.53
269.3	179.546
269.4	179.561
269.5	179.577
269.6	179.592
269.7	179.608
269.8	179.623
269.9	179.638
270	179.654
270.1	179.669
270.2	179.685
270.3	179.7
270.4	179.715
270.5	179.731
270.6	179.746
270.7	179.762
270.8	179.777
270.9	179.792
271	179.808
271.1	179.823
271.2	179.839
271.3	179.854
271.4	179.869
271.5	179.885
271.6	179.9
271.7	179.915
271.8	179.931
271.9	179.946
272	179.961
272.1	179.977
272.2	179.992
272.3	180.007
272.4	180.023
272.5	180.038
272.6	180.053
272.7	180.069
272.8	180.084
272.9	180.099
273	180.115
273.1	180.13
273.2	180.145
273.3	180.161
273.4	180.176
273.5	180.191
273.6	180.207
273.7	180.222
273.8	180.237
273.9	180.252
274	180.268
274.1	180.283
274.2	180.298
274.3	180.314
274.4	180.329
274.5	180.344
274.6	180.359
274.7	180.375
274.8	180.39
274.9	180.405
275	180.42
275.1	180.436
275.2	180.451
275.3	180.466
275.4	180.481
275.5	180.497
275.6	180.512
275.7	180.527
275.8	180.542
275.9	180.558
276	180.573
276.1	180.588
276.2	180.603
276.3	180.618
276.4	180.634
276.5	180.649
276.6	180.664
276.7	180.679
276.8	180.694
276.9	180.71
277	180.725
277.1	180.74
277.2	180.755
277.3	180.77
277.4	180.786
277.5	180.801
277.6	180.816
277.7	180.831
277.8	180.846
277.9	180.861
278	180.877
278.1	180.892
278.2	180.907
278.3	180.922
278.4	180.937
278.5	180.952
278.6	180.967
278.7	180.983
278.8	180.998
278.9	181.013
279	181.028
279.1	181.043
279.2	181.058
279.3	181.073
279.4	181.088
279.5	181.104
279.6	181.119
279.7	181.134
279.8	181.149
279.9	181.164
280	181.179
280.1	181.194
280.2	181.209
280.3	181.224
280.4	181.239
280.5	181.254
280.6	181.27
280.7	181.285
280.8	181.3
280.9	181.315
281	181.33
281.1	181.345
281.2	181.36
281.3	181.375
281.4	181.39
281.5	181.405
281.6	181.42
281.7	181.435
281.8	181.45
281.9	181.465
282	181.48
282.1	181.495
282.2	181.51
282.3	181.525
282.4	181.54
282.5	181.555
282.6	181.57
282.7	181.585
282.8	181.6
282.9	181.615
283	181.63
283.1	181.645
283.2	181.66
283.3	181.675
283.4	181.69
283.5	181.705
283.6	181.72
283.7	181.735
283.8	181.75
283.9	181.765
284	181.78
284.1	181.795
284.2	181.81
284.3	181.825
284.4	181.84
284.5	181.855
284.6	181.87
284.7	181.885
284.8	181.9
284.9	181.915
285	181.93
285.1	181.945
285.2	181.96
285.3	181.975
285.4	181.99
285.5	182.005
285.6	182.02
285.7	182.034
285.8	182.049
285.9	182.064
286	182.079
286.1	182.094
286.2	182.109
286.3	182.124
286.4	182.139
286.5	182.154
286.6	182.169
286.7	182.183
286.8	182.198
286.9	182.213
287	182.228
287.1	182.243
287.2	182.258
287.3	182.273
287.4	182.288
287.5	182.303
287.6	182.317
287.7	182.332
287.8	182.347
287.9	182.362
288	182.377
288.1	182.392
288.2	182.407
288.3	182.421
288.4	182.436
288.5	182.451
288.6	182.466
288.7	182.481
288.8	182.496
288.9	182.51
289	182.525
289.1	182.54
289.2	182.555
289.3	182.57
289.4	182.584
289.5	182.599
289.6	182.614
289.7	182.629
289.8	182.644
289.9	182.658
290	182.673
290.1	182.688
290.2	182.703
290.3	182.718
290.4	182.732
290.5	182.747
290.6	182.762
290.7	182.777
290.8	182.791
290.9	182.806
291	182.821
291.1	182.836
291.2	182.851
291.3	182.865
291.4	182.88
291.5	182.895
291.6	182.91
291.7	182.924
291.8	182.939
291.9	182.954
292	182.969
292.1	182.983
292.2	182.998
292.3	183.013
292.4	183.027
292.5	183.042
292.6	183.057
292.7	183.072
292.8	183.086
292.9	183.101
293	183.116
293.1	183.13
293.2	183.145
293.3	183.16
293.4	183.174
293.5	183.189
293.6	183.204
293.7	183.219
293.8	183.233
293.9	183.248
294	183.263
294.1	183.277
294.2	183.292
294.3	183.307
294.4	183.321
294.5	183.336
294.6	183.351
294.7	183.365
294.8	183.38
294.9	183.395
295	183.409
295.1	183.424
295.2	183.439
295.3	183.453
295.4	183.468
295.5	183.482
295.6	183.497
295.7	183.512
295.8	183.526
295.9	183.541
296	183.556
296.1	183.57
296.2	183.585
296.3	183.599
296.4	183.614
296.5	183.629
296.6	183.643
296.7	183.658
296.8	183.672
296.9	183.687
297	183.702
297.1	183.716
297.2	183.731
297.3	183.745
297.4	183.76
297.5	183.775
297.6	183.789
297.7	183.804
297.8	183.818
297.9	183.833
298	183.847
298.1	183.862
298.2	183.876
298.3	183.891
298.4	183.906
298.5	183.92
298.6	183.935
298.7	183.949
298.8	183.964
298.9	183.978
299	183.993
299.1	184.007
299.2	184.022
299.3	184.036
299.4	184.051
299.5	184.065
299.6	184.08
299.7	184.094
299.8	184.109
299.9	184.124
300	184.138
