W	Pred
1.5	124.494
1.6	123.791
1.7	123.154
1.8	122.574
1.9	122.045
2	121.56
2.1	121.114
2.2	120.703
2.3	120.323
2.4	119.971
2.5	119.644
2.6	119.341
2.7	119.058
2.8	118.795
2.9	118.549
3	118.319
3.1	118.104
3.2	117.902
3.3	117.714
3.4	117.536
3.5	117.37
3.6	117.214
3.7	117.067
3.8	116.93
3.9	116.8
4	116.678
4.1	116.564
4.2	116.456
4.3	116.355
4.4	116.259
4.5	116.17
4.6	116.086
4.7	116.007
4.8	115.932
4.9	115.863
5	115.797
5.1	115.736
5.2	115.679
5.3	115.625
5.4	115.575
5.5	115.529
5.6	115.485
5.7	115.445
5.8	115.408
5.9	115.373
6	115.341
6.1	115.312
6.2	115.285
6.3	115.26
6.4	115.238
6.5	115.218
6.6	115.199
6.7	115.183
6.8	115.169
6.9	115.156
7	115.146
7.1	115.137
7.2	115.129
7.3	115.123
7.4	115.119
7.5	115.116
7.6	115.115
7.7	115.114
7.8	115.116
7.9	115.118
8	115.121
8.1	115.126
8.2	115.132
8.3	115.139
8.4	115.147
8.5	115.156
8.6	115.166
8.7	115.177
8.8	115.188
8.9	115.201
9	115.215
9.1	115.229
9.2	115.244
9.3	115.26
9.4	115.277
9.5	115.294
9.6	115.312
9.7	115.331
9.8	115.35
9.9	115.37
10	115.391
10.1	115.412
10.2	115.434
10.3	115.457
10.4	115.479
10.5	115.503
10.6	115.527
10.7	115.552
10.8	115.576
10.9	115.602
11	115.628
11.1	115.654
11.2	115.681
11.3	115.708
11.4	115.736
11.5	115.764
11.6	115.792
11.7	115.821
11.8	115.85
11.9	115.88
12	115.91
12.1	115.94
12.2	115.97
12.3	116.001
12.4	116.032
12.5	116.064
12.6	116.095
12.7	116.127
12.8	116.16
12.9	116.192
13	116.225
13.1	116.258
13.2	116.291
13.3	116.325
13.4	116.358
13.5	116.392
13.6	116.427
13.7	116.461
13.8	116.496
13.9	116.53
14	116.566
14.1	116.601
14.2	116.636
14.3	116.672
14.4	116.707
14.5	116.743
14.6	116.78
14.7	116.816
14.8	116.852
14.9	116.889
15	116.926
15.1	116.962
15.2	116.999
15.3	117.037
15.4	117.074
15.5	117.111
15.6	117.149
15.7	117.187
15.8	117.224
15.9	117.262
16	117.3
16.1	117.338
16.2	117.377
16.3	117.415
16.4	117.454
16.5	117.492
16.6	117.531
16.7	117.57
16.8	117.608
16.9	117.647
17	117.686
17.1	117.725
17.2	117.765
17.3	117.804
17.4	117.843
17.5	117.883
17.6	117.922
17.7	117.962
17.8	118.001
17.9	118.041
18	118.081
18.1	118.121
18.2	118.16
18.3	118.2
18.4	118.24
18.5	118.28
18.6	118.321
18.7	118.361
18.8	118.401
18.9	118.441
19	118.482
19.1	118.522
19.2	118.562
19.3	118.603
19.4	118.643
19.5	118.684
19.6	118.724
19.7	118.765
19.8	118.806
19.9	118.846
20	118.887
20.1	118.928
20.2	118.968
20.3	119.009
20.4	119.05
20.5	119.091
20.6	119.132
20.7	119.173
20.8	119.214
20.9	119.254
21	119.295
21.1	119.336
21.2	119.377
21.3	119.418
21.4	119.46
21.5	119.501
21.6	119.542
21.7	119.583
21.8	119.624
21.9	119.665
22	119.706
22.1	119.747
22.2	119.788
22.3	119.83
22.4	119.871
22.5	119.912
22.6	119.953
22.7	119.994
22.8	120.036
22.9	120.077
23	120.118
23.1	120.159
23.2	120.201
23.3	120.242
23.4	120.283
23.5	120.324
23.6	120.366
23.7	120.407
23.8	120.448
23.9	120.489
24	120.531
24.1	120.572
24.2	120.613
24.3	120.654
24.4	120.696
24.5	120.737
24.6	120.778
24.7	120.819
24.8	120.86
24.9	120.902
25	120.943
25.1	120.984
25.2	121.025
25.3	121.067
25.4	121.108
25.5	121.149
25.6	121.19
25.7	121.231
25.8	121.272
25.9	121.314
26	121.355
26.1	121.396
26.2	121.437
26.3	121.478
26.4	121.519
26.5	121.56
26.6	121.601
26.7	121.642
26.8	121.683
26.9	121.725
27	121.766
27.1	121.807
27.2	121.848
27.3	121.889
27.4	121.93
27.5	121.97
27.6	122.011
27.7	122.052
27.8	122.093
27.9	122.134
28	122.175
28.1	122.216
28.2	122.257
28.3	122.298
28.4	122.338
28.5	122.379
28.6	122.42
28.7	122.461
28.8	122.502
28.9	122.542
29	122.583
29.1	122.624
29.2	122.665
29.3	122.705
29.4	122.746
29.5	122.786
29.6	122.827
29.7	122.868
29.8	122.908
29.9	122.949
30	122.989
30.1	123.03
30.2	123.07
30.3	123.111
30.4	123.151
30.5	123.192
30.6	123.232
30.7	123.273
30.8	123.313
30.9	123.353
31	123.394
31.1	123.434
31.2	123.474
31.3	123.515
31.4	123.555
31.5	123.595
31.6	123.635
31.7	123.675
31.8	123.716
31.9	123.756
32	123.796
32.1	123.836
32.2	123.876
32.3	123.916
32.4	123.956
32.5	123.996
32.6	124.036
32.7	124.076
32.8	124.116
32.9	124.156
33	124.196
33.1	124.236
33.2	124.276
33.3	124.316
33.4	124.355
33.5	124.395
33.6	124.435
33.7	124.475
33.8	124.514
33.9	124.554
34	124.594
34.1	124.633
34.2	124.673
34.3	124.713
34.4	124.752
34.5	124.792
34.6	124.831
34.7	124.871
34.8	124.91
34.9	124.95
35	124.989
35.1	125.028
35.2	125.068
35.3	125.107
35.4	125.147
35.5	125.186
35.6	125.225
35.7	125.264
35.8	125.304
35.9	125.343
36	125.382
36.1	125.421
36.2	125.46
36.3	125.499
36.4	125.539
36.5	125.578
36.6	125.617
36.7	125.656
36.8	125.695
36.9	125.734
37	125.773
37.1	125.811
37.2	125.85
37.3	125.889
37.4	125.928
37.5	125.967
37.6	126.006
37.7	126.044
37.8	126.083
37.9	126.122
38	126.161
38.1	126.199
38.2	126.238
38.3	126.277
38.4	126.315
38.5	126.354
38.6	126.392
38.7	126.431
38.8	126.469
38.9	126.508
39	126.546
39.1	126.585
39.2	126.623
39.3	126.661
39.4	126.7
39.5	126.738
39.6	126.776
39.7	126.814
39.8	126.853
39.9	126.891
40	126.929
40.1	126.967
40.2	127.005
40.3	127.044
40.4	127.082
40.5	127.12
40.6	127.158
40.7	127.196
40.8	127.234
40.9	127.272
41	127.31
41.1	127.347
41.2	127.385
41.3	127.423
41.4	127.461
41.5	127.499
41.6	127.537
41.7	127.574
41.8	127.612
41.9	127.65
42	127.688
42.1	127.725
42.2	127.763
42.3	127.8
42.4	127.838
42.5	127.876
42.6	127.913
42.7	127.951
42.8	127.988
42.9	128.025
43	128.063
43.1	128.1
43.2	128.138
43.3	128.175
43.4	128.212
43.5	128.25
43.6	128.287
43.7	128.324
43.8	128.361
43.9	128.399
44	128.436
44.1	128.473
44.2	128.51
44.3	128.547
44.4	128.584
44.5	128.621
44.6	128.658
44.7	128.695
44.8	128.732
44.9	128.769
45	128.806
45.1	128.843
45.2	128.88
45.3	128.917
45.4	128.954
45.5	128.99
45.6	129.027
45.7	129.064
45.8	129.101
45.9	129.137
46	129.174
46.1	129.211
46.2	129.247
46.3	129.284
46.4	129.321
46.5	129.357
46.6	129.394
46.7	129.43
46.8	129.467
46.9	129.503
47	129.54
47.1	129.576
47.2	129.612
47.3	129.649
47.4	129.685
47.5	129.721
47.6	129.758
47.7	129.794
47.8	129.83
47.9	129.866
48	129.903
48.1	129.939
48.2	129.975
48.3	130.011
48.4	130.047
48.5	130.083
48.6	130.119
48.7	130.155
48.8	130.191
48.9	130.227
49	130.263
49.1	130.299
49.2	130.335
49.3	130.371
49.4	130.407
49.5	130.443
49.6	130.478
49.7	130.514
49.8	130.55
49.9	130.586
50	130.621
50.1	130.657
50.2	130.693
50.3	130.728
50.4	130.764
50.5	130.8
50.6	130.835
50.7	130.871
50.8	130.906
50.9	130.942
51	130.977
51.1	131.013
51.2	131.048
51.3	131.084
51.4	131.119
51.5	131.154
51.6	131.19
51.7	131.225
51.8	131.26
51.9	131.295
52	131.331
52.1	131.366
52.2	131.401
52.3	131.436
52.4	131.471
52.5	131.507
52.6	131.542
52.7	131.577
52.8	131.612
52.9	131.647
53	131.682
53.1	131.717
53.2	131.752
53.3	131.787
53.4	131.822
53.5	131.857
53.6	131.891
53.7	131.926
53.8	131.961
53.9	131.996
54	132.031
54.1	132.065
54.2	132.1
54.3	132.135
54.4	132.17
54.5	132.204
54.6	132.239
54.7	132.274
54.8	132.308
54.9	132.343
55	132.377
55.1	132.412
55.2	132.446
55.3	132.481
55.4	132.515
55.5	132.55
55.6	132.584
55.7	132.619
55.8	132.653
55.9	132.687
56	132.722
56.1	132.756
56.2	132.79
56.3	132.825
56.4	132.859
56.5	132.893
56.6	132.927
56.7	132.961
56.8	132.996
56.9	133.03
57	133.064
57.1	133.098
57.2	133.132
57.3	133.166
57.4	133.2
57.5	133.234
57.6	133.268
57.7	133.302
57.8	133.336
57.9	133.37
58	133.404
58.1	133.438
58.2	133.472
58.3	133.505
58.4	133.539
58.5	133.573
58.6	133.607
58.7	133.64
58.8	133.674
58.9	133.708
59	133.742
59.1	133.775
59.2	133.809
59.3	133.843
59.4	133.876
59.5	133.91
59.6	133.943
59.7	133.977
59.8	134.01
59.9	134.044
60	134.077
60.1	134.111
60.2	134.144
60.3	134.178
60.4	134.211
60.5	134.244
60.6	134.278
60.7	134.311
60.8	134.344
60.9	134.378
61	134.411
61.1	134.444
61.2	134.477
61.3	134.511
61.4	134.544
61.5	134.577
61.6	134.61
61.7	134.643
61.8	134.676
61.9	134.709
62	134.742
62.1	134.776
62.2	134.809
62.3	134.842
62.4	134.875
62.5	134.907
62.6	134.94
62.7	134.973
62.8	135.006
62.9	135.039
63	135.072
63.1	135.105
63.2	135.138
63.3	135.17
63.4	135.203
63.5	135.236
63.6	135.269
63.7	135.301
63.8	135.334
63.9	135.367
64	135.399
64.1	135.432
64.2	135.465
64.3	135.497
64.4	135.53
64.5	135.562
64.6	135.595
64.7	135.628
64.8	135.66
64.9	135.692
65	135.725
65.1	135.757
65.2	135.79
65.3	135.822
65.4	135.855
65.5	135.887
65.6	135.919
65.7	135.952
65.8	135.984
65.9	136.016
66	136.048
66.1	136.081
66.2	136.113
66.3	136.145
66.4	136.177
66.5	136.21
66.6	136.242
66.7	136.274
66.8	136.306
66.9	136.338
67	136.37
67.1	136.402
67.2	136.434
67.3	136.466
67.4	136.498
67.5	136.53
67.6	136.562
67.7	136.594
67.8	136.626
67.9	136.658
68	136.69
68.1	136.722
68.2	136.754
68.3	136.785
68.4	136.817
68.5	136.849
68.6	136.881
68.7	136.912
68.8	136.944
68.9	136.976
69	137.008
69.1	137.039
69.2	137.071
69.3	137.103
69.4	137.134
69.5	137.166
69.6	137.197
69.7	137.229
69.8	137.261
69.9	137.292
70	137.324
70.1	137.355
70.2	137.387
70.3	137.418
70.4	137.449
70.5	137.481
70.6	137.512
70.7	137.544
70.8	137.575
70.9	137.606
71	137.638
71.1	137.669
71.2	137.7
71.3	137.732
71.4	137.763
71.5	137.794
71.6	137.825
71.7	137.857
71.8	137.888
71.9	137.919
72	137.95
72.1	137.981
72.2	138.012
72.3	138.043
72.4	138.075
72.5	138.106
72.6	138.137
72.7	138.168
72.8	138.199
72.9	138.23
73	138.261
73.1	138.292
73.2	138.323
73.3	138.353
73.4	138.384
73.5	138.415
73.6	138.446
73.7	138.477
73.8	138.508
73.9	138.539
74	138.569
74.1	138.6
74.2	138.631
74.3	138.662
74.4	138.692
74.5	138.723
74.6	138.754
74.7	138.785
74.8	138.815
74.9	138.846
75	138.877
75.1	138.907
75.2	138.938
75.3	138.968
75.4	138.999
75.5	139.029
75.6	139.06
75.7	139.09
75.8	139.121
75.9	139.151
76	139.182
76.1	139.212
76.2	139.243
76.3	139.273
76.4	139.304
76.5	139.334
76.6	139.364
76.7	139.395
76.8	139.425
76.9	139.455
77	139.486
77.1	139.516
77.2	139.546
77.3	139.576
77.4	139.607
77.5	139.637
77.6	139.667
77.7	139.697
77.8	139.727
77.9	139.757
78	139.788
78.1	139.818
78.2	139.848
78.3	139.878
78.4	139.908
78.5	139.938
78.6	139.968
78.7	139.998
78.8	140.028
78.9	140.058
79	140.088
79.1	140.118
79.2	140.148
79.3	140.178
79.4	140.208
79.5	140.238
79.6	140.267
79.7	140.297
79.8	140.327
79.9	140.357
80	140.387
80.1	140.416
80.2	140.446
80.3	140.476
80.4	140.506
80.5	140.535
80.6	140.565
80.7	140.595
80.8	140.625
80.9	140.654
81	140.684
81.1	140.713
81.2	140.743
81.3	140.773
81.4	140.802
81.5	140.832
81.6	140.861
81.7	140.891
81.8	140.92
81.9	140.95
82	140.979
82.1	141.009
82.2	141.038
82.3	141.068
82.4	141.097
82.5	141.127
82.6	141.156
82.7	141.185
82.8	141.215
82.9	141.244
83	141.273
83.1	141.303
83.2	141.332
83.3	141.361
83.4	141.391
83.5	141.42
83.6	141.449
83.7	141.478
83.8	141.508
83.9	141.537
84	141.566
84.1	141.595
84.2	141.624
84.3	141.653
84.4	141.683
84.5	141.712
84.6	141.741
84.7	141.77
84.8	141.799
84.9	141.828
85	141.857
85.1	141.886
85.2	141.915
85.3	141.944
85.4	141.973
85.5	142.002
85.6	142.031
85.7	142.06
85.8	142.089
85.9	142.117
86	142.146
86.1	142.175
86.2	142.204
86.3	142.233
86.4	142.262
86.5	142.291
86.6	142.319
86.7	142.348
86.8	142.377
86.9	142.406
87	142.434
87.1	142.463
87.2	142.492
87.3	142.52
87.4	142.549
87.5	142.578
87.6	142.606
87.7	142.635
87.8	142.664
87.9	142.692
88	142.721
88.1	142.749
88.2	142.778
88.3	142.807
88.4	142.835
88.5	142.864
88.6	142.892
88.7	142.921
88.8	142.949
88.9	142.978
89	143.006
89.1	143.034
89.2	143.063
89.3	143.091
89.4	143.12
89.5	143.148
89.6	143.176
89.7	143.205
89.8	143.233
89.9	143.261
90	143.29
90.1	143.318
90.2	143.346
90.3	143.374
90.4	143.403
90.5	143.431
90.6	143.459
90.7	143.487
90.8	143.516
90.9	143.544
91	143.572
91.1	143.6
91.2	143.628
91.3	143.656
91.4	143.684
91.5	143.712
91.6	143.741
91.7	143.769
91.8	143.797
91.9	143.825
92	143.853
92.1	143.881
92.2	143.909
92.3	143.937
92.4	143.965
92.5	143.993
92.6	144.021
92.7	144.049
92.8	144.076
92.9	144.104
93	144.132
93.1	144.16
93.2	144.188
93.3	144.216
93.4	144.244
93.5	144.271
93.6	144.299
93.7	144.327
93.8	144.355
93.9	144.383
94	144.41
94.1	144.438
94.2	144.466
94.3	144.494
94.4	144.521
94.5	144.549
94.6	144.577
94.7	144.604
94.8	144.632
94.9	144.66
95	144.687
95.1	144.715
95.2	144.742
95.3	144.77
95.4	144.798
95.5	144.825
95.6	144.853
95.7	144.88
95.8	144.908
95.9	144.935
96	144.963
96.1	144.99
96.2	145.018
96.3	145.045
96.4	145.072
96.5	145.1
96.6	145.127
96.7	145.155
96.8	145.182
96.9	145.209
97	145.237
97.1	145.264
97.2	145.291
97.3	145.319
97.4	145.346
97.5	145.373
97.6	145.401
97.7	145.428
97.8	145.455
97.9	145.482
98	145.51
98.1	145.537
98.2	145.564
98.3	145.591
98.4	145.618
98.5	145.646
98.6	145.673
98.7	145.7
98.8	145.727
98.9	145.754
99	145.781
99.1	145.808
99.2	145.835
99.3	145.863
99.4	145.89
99.5	145.917
99.6	145.944
99.7	145.971
99.8	145.998
99.9	146.025
100	146.052
100.1	146.079
100.2	146.106
100.3	146.132
100.4	146.159
100.5	146.186
100.6	146.213
100.7	146.24
100.8	146.267
100.9	146.294
101	146.321
101.1	146.348
101.2	146.374
101.3	146.401
101.4	146.428
101.5	146.455
101.6	146.482
101.7	146.508
101.8	146.535
101.9	146.562
102	146.589
102.1	146.615
102.2	146.642
102.3	146.669
102.4	146.695
102.5	146.722
102.6	146.749
102.7	146.775
102.8	146.802
102.9	146.829
103	146.855
103.1	146.882
103.2	146.908
103.3	146.935
103.4	146.962
103.5	146.988
103.6	147.015
103.7	147.041
103.8	147.068
103.9	147.094
104	147.121
104.1	147.147
104.2	147.174
104.3	147.2
104.4	147.227
104.5	147.253
104.6	147.279
104.7	147.306
104.8	147.332
104.9	147.359
105	147.385
105.1	147.411
105.2	147.438
105.3	147.464
105.4	147.49
105.5	147.517
105.6	147.543
105.7	147.569
105.8	147.596
105.9	147.622
106	147.648
106.1	147.674
106.2	147.701
106.3	147.727
106.4	147.753
106.5	147.779
106.6	147.805
106.7	147.832
106.8	147.858
106.9	147.884
107	147.91
107.1	147.936
107.2	147.962
107.3	147.988
107.4	148.014
107.5	148.04
107.6	148.067
107.7	148.093
107.8	148.119
107.9	148.145
108	148.171
108.1	148.197
108.2	148.223
108.3	148.249
108.4	148.275
108.5	148.301
108.6	148.327
108.7	148.353
108.8	148.379
108.9	148.404
109	148.43
109.1	148.456
109.2	148.482
109.3	148.508
109.4	148.534
109.5	148.56
109.6	148.586
109.7	148.611
109.8	148.637
109.9	148.663
110	148.689
110.1	148.715
110.2	148.74
110.3	148.766
110.4	148.792
110.5	148.818
110.6	148.843
110.7	148.869
110.8	148.895
110.9	148.921
111	148.946
111.1	148.972
111.2	148.998
111.3	149.023
111.4	149.049
111.5	149.075
111.6	149.1
111.7	149.126
111.8	149.151
111.9	149.177
112	149.203
112.1	149.228
112.2	149.254
112.3	149.279
112.4	149.305
112.5	149.33
112.6	149.356
112.7	149.381
112.8	149.407
112.9	149.432
113	149.458
113.1	149.483
113.2	149.509
113.3	149.534
113.4	149.56
113.5	149.585
113.6	149.61
113.7	149.636
113.8	149.661
113.9	149.687
114	149.712
114.1	149.737
114.2	149.763
114.3	149.788
114.4	149.813
114.5	149.839
114.6	149.864
114.7	149.889
114.8	149.914
114.9	149.94
115	149.965
115.1	149.99
115.2	150.015
115.3	150.041
115.4	150.066
115.5	150.091
115.6	150.116
115.7	150.142
115.8	150.167
115.9	150.192
116	150.217
116.1	150.242
116.2	150.267
116.3	150.292
116.4	150.318
116.5	150.343
116.6	150.368
116.7	150.393
116.8	150.418
116.9	150.443
117	150.468
117.1	150.493
117.2	150.518
117.3	150.543
117.4	150.568
117.5	150.593
117.6	150.618
117.7	150.643
117.8	150.668
117.9	150.693
118	150.718
118.1	150.743
118.2	150.768
118.3	150.793
118.4	150.818
118.5	150.843
118.6	150.867
118.7	150.892
118.8	150.917
118.9	150.942
119	150.967
119.1	150.992
119.2	151.017
119.3	151.041
119.4	151.066
119.5	151.091
119.6	151.116
119.7	151.141
119.8	151.165
119.9	151.19
120	151.215
120.1	151.24
120.2	151.264
120.3	151.289
120.4	151.314
120.5	151.338
120.6	151.363
120.7	151.388
120.8	151.412
120.9	151.437
121	151.462
121.1	151.486
121.2	151.511
121.3	151.536
121.4	151.56
121.5	151.585
121.6	151.609
121.7	151.634
121.8	151.659
121.9	151.683
122	151.708
122.1	151.732
122.2	151.757
122.3	151.781
122.4	151.806
122.5	151.83
122.6	151.855
122.7	151.879
122.8	151.904
122.9	151.928
123	151.953
123.1	151.977
123.2	152.002
123.3	152.026
123.4	152.05
123.5	152.075
123.6	152.099
123.7	152.124
123.8	152.148
123.9	152.172
124	152.197
124.1	152.221
124.2	152.245
124.3	152.27
124.4	152.294
124.5	152.318
124.6	152.343
124.7	152.367
124.8	152.391
124.9	152.415
125	152.44
125.1	152.464
125.2	152.488
125.3	152.512
125.4	152.537
125.5	152.561
125.6	152.585
125.7	152.609
125.8	152.633
125.9	152.658
126	152.682
126.1	152.706
126.2	152.73
126.3	152.754
126.4	152.778
126.5	152.802
126.6	152.827
126.7	152.851
126.8	152.875
126.9	152.899
127	152.923
127.1	152.947
127.2	152.971
127.3	152.995
127.4	153.019
127.5	153.043
127.6	153.067
127.7	153.091
127.8	153.115
127.9	153.139
128	153.163
128.1	153.187
128.2	153.211
128.3	153.235
128.4	153.259
128.5	153.283
128.6	153.307
128.7	153.331
128.8	153.355
128.9	153.379
129	153.402
129.1	153.426
129.2	153.45
129.3	153.474
129.4	153.498
129.5	153.522
129.6	153.546
129.7	153.569
129.8	153.593
129.9	153.617
130	153.641
130.1	153.665
130.2	153.688
130.3	153.712
130.4	153.736
130.5	153.76
130.6	153.783
130.7	153.807
130.8	153.831
130.9	153.855
131	153.878
131.1	153.902
131.2	153.926
131.3	153.949
131.4	153.973
131.5	153.997
131.6	154.02
131.7	154.044
131.8	154.068
131.9	154.091
132	154.115
132.1	154.139
132.2	154.162
132.3	154.186
132.4	154.209
132.5	154.233
132.6	154.256
132.7	154.28
132.8	154.304
132.9	154.327
133	154.351
133.1	154.374
133.2	154.398
133.3	154.421
133.4	154.445
133.5	154.468
133.6	154.492
133.7	154.515
133.8	154.539
133.9	154.562
134	154.585
134.1	154.609
134.2	154.632
134.3	154.656
134.4	154.679
134.5	154.703
134.6	154.726
134.7	154.749
134.8	154.773
134.9	154.796
135	154.819
135.1	154.843
135.2	154.866
135.3	154.889
135.4	154.913
135.5	154.936
135.6	154.959
135.7	154.983
135.8	155.006
135.9	155.029
136	155.053
136.1	155.076
136.2	155.099
136.3	155.122
136.4	155.146
136.5	155.169
136.6	155.192
136.7	155.215
136.8	155.238
136.9	155.262
137	155.285
137.1	155.308
137.2	155.331
137.3	155.354
137.4	155.377
137.5	155.401
137.6	155.424
137.7	155.447
137.8	155.47
137.9	155.493
138	155.516
138.1	155.539
138.2	155.562
138.3	155.586
138.4	155.609
138.5	155.632
138.6	155.655
138.7	155.678
138.8	155.701
138.9	155.724
139	155.747
139.1	155.77
139.2	155.793
139.3	155.816
139.4	155.839
139.5	155.862
139.6	155.885
139.7	155.908
139.8	155.931
139.9	155.954
140	155.977
140.1	156
140.2	156.022
140.3	156.045
140.4	156.068
140.5	156.091
140.6	156.114
140.7	156.137
140.8	156.16
140.9	156.183
141	156.206
141.1	156.228
141.2	156.251
141.3	156.274
141.4	156.297
141.5	156.32
141.6	156.342
141.7	156.365
141.8	156.388
141.9	156.411
142	156.434
142.1	156.456
142.2	156.479
142.3	156.502
142.4	156.525
142.5	156.547
142.6	156.57
142.7	156.593
142.8	156.616
142.9	156.638
143	156.661
143.1	156.684
143.2	156.706
143.3	156.729
143.4	156.752
143.5	156.774
143.6	156.797
143.7	156.82
143.8	156.842
143.9	156.865
144	156.887
144.1	156.91
144.2	156.933
144.3	156.955
144.4	156.978
144.5	157
144.6	157.023
144.7	157.046
144.8	157.068
144.9	157.091
145	157.113
145.1	157.136
145.2	157.158
145.3	157.181
145.4	157.203
145.5	157.226
145.6	157.248
145.7	157.271
145.8	157.293
145.9	157.316
146	157.338
146.1	157.361
146.2	157.383
146.3	157.406
146.4	157.428
146.5	157.45
146.6	157.473
146.7	157.495
146.8	157.518
146.9	157.54
147	157.562
147.1	157.585
147.2	157.607
147.3	157.629
147.4	157.652
147.5	157.674
147.6	157.696
147.7	157.719
147.8	157.741
147.9	157.763
148	157.786
148.1	157.808
148.2	157.83
148.3	157.853
148.4	157.875
148.5	157.897
148.6	157.919
148.7	157.942
148.8	157.964
148.9	157.986
149	158.008
149.1	158.031
149.2	158.053
149.3	158.075
149.4	158.097
149.5	158.119
149.6	158.142
149.7	158.164
149.8	158.186
149.9	158.208
150	158.23
150.1	158.252
150.2	158.275
150.3	158.297
150.4	158.319
150.5	158.341
150.6	158.363
150.7	158.385
150.8	158.407
150.9	158.429
151	158.451
151.1	158.473
151.2	158.496
151.3	158.518
151.4	158.54
151.5	158.562
151.6	158.584
151.7	158.606
151.8	158.628
151.9	158.65
152	158.672
152.1	158.694
152.2	158.716
152.3	158.738
152.4	158.76
152.5	158.782
152.6	158.804
152.7	158.826
152.8	158.848
152.9	158.87
153	158.891
153.1	158.913
153.2	158.935
153.3	158.957
153.4	158.979
153.5	159.001
153.6	159.023
153.7	159.045
153.8	159.067
153.9	159.089
154	159.11
154.1	159.132
154.2	159.154
154.3	159.176
154.4	159.198
154.5	159.22
154.6	159.241
154.7	159.263
154.8	159.285
154.9	159.307
155	159.329
155.1	159.35
155.2	159.372
155.3	159.394
155.4	159.416
155.5	159.437
155.6	159.459
155.7	159.481
155.8	159.503
155.9	159.524
156	159.546
156.1	159.568
156.2	159.59
156.3	159.611
156.4	159.633
156.5	159.655
156.6	159.676
156.7	159.698
156.8	159.72
156.9	159.741
157	159.763
157.1	159.785
157.2	159.806
157.3	159.828
157.4	159.849
157.5	159.871
157.6	159.893
157.7	159.914
157.8	159.936
157.9	159.957
158	159.979
158.1	160.001
158.2	160.022
158.3	160.044
158.4	160.065
158.5	160.087
158.6	160.108
158.7	160.13
158.8	160.151
158.9	160.173
159	160.194
159.1	160.216
159.2	160.237
159.3	160.259
159.4	160.28
159.5	160.302
159.6	160.323
159.7	160.345
159.8	160.366
159.9	160.388
160	160.409
160.1	160.43
160.2	160.452
160.3	160.473
160.4	160.495
160.5	160.516
160.6	160.538
160.7	160.559
160.8	160.58
160.9	160.602
161	160.623
161.1	160.644
161.2	160.666
161.3	160.687
161.4	160.708
161.5	160.73
161.6	160.751
161.7	160.772
161.8	160.794
161.9	160.815
162	160.836
162.1	160.858
162.2	160.879
162.3	160.9
162.4	160.922
162.5	160.943
162.6	160.964
162.7	160.985
162.8	161.007
162.9	161.028
163	161.049
163.1	161.07
163.2	161.091
163.3	161.113
163.4	161.134
163.5	161.155
163.6	161.176
163.7	161.197
163.8	161.219
163.9	161.24
164	161.261
164.1	161.282
164.2	161.303
164.3	161.324
164.4	161.346
164.5	161.367
164.6	161.388
164.7	161.409
164.8	161.43
164.9	161.451
165	161.472
165.1	161.493
165.2	161.514
165.3	161.536
165.4	161.557
165.5	161.578
165.6	161.599
165.7	161.62
165.8	161.641
165.9	161.662
166	161.683
166.1	161.704
166.2	161.725
166.3	161.746
166.4	161.767
166.5	161.788
166.6	161.809
166.7	161.83
166.8	161.851
166.9	161.872
167	161.893
167.1	161.914
167.2	161.935
167.3	161.956
167.4	161.977
167.5	161.998
167.6	162.019
167.7	162.04
167.8	162.06
167.9	162.081
168	162.102
168.1	162.123
168.2	162.144
168.3	162.165
168.4	162.186
168.5	162.207
168.6	162.228
168.7	162.248
168.8	162.269
168.9	162.29
169	162.311
169.1	162.332
169.2	162.353
169.3	162.373
169.4	162.394
169.5	162.415
169.6	162.436
169.7	162.457
169.8	162.478
169.9	162.498
170	162.519
170.1	162.54
170.2	162.561
170.3	162.581
170.4	162.602
170.5	162.623
170.6	162.644
170.7	162.664
170.8	162.685
170.9	162.706
171	162.727
171.1	162.747
171.2	162.768
171.3	162.789
171.4	162.809
171.5	162.83
171.6	162.851
171.7	162.871
171.8	162.892
171.9	162.913
172	162.933
172.1	162.954
172.2	162.975
172.3	162.995
172.4	163.016
172.5	163.036
172.6	163.057
172.7	163.078
172.8	163.098
172.9	163.119
173	163.139
173.1	163.16
173.2	163.181
173.3	163.201
173.4	163.222
173.5	163.242
173.6	163.263
173.7	163.283
173.8	163.304
173.9	163.325
174	163.345
174.1	163.366
174.2	163.386
174.3	163.407
174.4	163.427
174.5	163.448
174.6	163.468
174.7	163.489
174.8	163.509
174.9	163.53
175	163.55
175.1	163.57
175.2	163.591
175.3	163.611
175.4	163.632
175.5	163.652
175.6	163.673
175.7	163.693
175.8	163.714
175.9	163.734
176	163.754
176.1	163.775
176.2	163.795
176.3	163.816
176.4	163.836
176.5	163.856
176.6	163.877
176.7	163.897
176.8	163.917
176.9	163.938
177	163.958
177.1	163.978
177.2	163.999
177.3	164.019
177.4	164.039
177.5	164.06
177.6	164.08
177.7	164.1
177.8	164.121
177.9	164.141
178	164.161
178.1	164.182
178.2	164.202
178.3	164.222
178.4	164.242
178.5	164.263
178.6	164.283
178.7	164.303
178.8	164.323
178.9	164.344
179	164.364
179.1	164.384
179.2	164.404
179.3	164.424
179.4	164.445
179.5	164.465
179.6	164.485
179.7	164.505
179.8	164.525
179.9	164.546
180	164.566
180.1	164.586
180.2	164.606
180.3	164.626
180.4	164.646
180.5	164.666
180.6	164.687
180.7	164.707
180.8	164.727
180.9	164.747
181	164.767
181.1	164.787
181.2	164.807
181.3	164.827
181.4	164.847
181.5	164.868
181.6	164.888
181.7	164.908
181.8	164.928
181.9	164.948
182	164.968
182.1	164.988
182.2	165.008
182.3	165.028
182.4	165.048
182.5	165.068
182.6	165.088
182.7	165.108
182.8	165.128
182.9	165.148
183	165.168
183.1	165.188
183.2	165.208
183.3	165.228
183.4	165.248
183.5	165.268
183.6	165.288
183.7	165.308
183.8	165.328
183.9	165.348
184	165.368
184.1	165.388
184.2	165.408
184.3	165.428
184.4	165.447
184.5	165.467
184.6	165.487
184.7	165.507
184.8	165.527
184.9	165.547
185	165.567
185.1	165.587
185.2	165.607
185.3	165.626
185.4	165.646
185.5	165.666
185.6	165.686
185.7	165.706
185.8	165.726
185.9	165.745
186	165.765
186.1	165.785
186.2	165.805
186.3	165.825
186.4	165.845
186.5	165.864
186.6	165.884
186.7	165.904
186.8	165.924
186.9	165.943
187	165.963
187.1	165.983
187.2	166.003
187.3	166.023
187.4	166.042
187.5	166.062
187.6	166.082
187.7	166.101
187.8	166.121
187.9	166.141
188	166.161
188.1	166.18
188.2	166.2
188.3	166.22
188.4	166.239
188.5	166.259
188.6	166.279
188.7	166.298
188.8	166.318
188.9	166.338
189	166.357
189.1	166.377
189.2	166.397
189.3	166.416
189.4	166.436
189.5	166.456
189.6	166.475
189.7	166.495
189.8	166.515
189.9	166.534
190	166.554
190.1	166.573
190.2	166.593
190.3	166.613
190.4	166.632
190.5	166.652
190.6	166.671
190.7	166.691
190.8	166.71
190.9	166.73
191	166.75
191.1	166.769
191.2	166.789
191.3	166.808
191.4	166.828
191.5	166.847
191.6	166.867
191.7	166.886
191.8	166.906
191.9	166.925
192	166.945
192.1	166.964
192.2	166.984
192.3	167.003
192.4	167.023
192.5	167.042
192.6	167.062
192.7	167.081
192.8	167.101
192.9	167.12
193	167.139
193.1	167.159
193.2	167.178
193.3	167.198
193.4	167.217
193.5	167.237
193.6	167.256
193.7	167.275
193.8	167.295
193.9	167.314
194	167.334
194.1	167.353
194.2	167.372
194.3	167.392
194.4	167.411
194.5	167.43
194.6	167.45
194.7	167.469
194.8	167.488
194.9	167.508
195	167.527
195.1	167.546
195.2	167.566
195.3	167.585
195.4	167.604
195.5	167.624
195.6	167.643
195.7	167.662
195.8	167.682
195.9	167.701
196	167.72
196.1	167.74
196.2	167.759
196.3	167.778
196.4	167.797
196.5	167.817
196.6	167.836
196.7	167.855
196.8	167.874
196.9	167.894
197	167.913
197.1	167.932
197.2	167.951
197.3	167.97
197.4	167.99
197.5	168.009
197.6	168.028
197.7	168.047
197.8	168.066
197.9	168.086
198	168.105
198.1	168.124
198.2	168.143
198.3	168.162
198.4	168.182
198.5	168.201
198.6	168.22
198.7	168.239
198.8	168.258
198.9	168.277
199	168.296
199.1	168.316
199.2	168.335
199.3	168.354
199.4	168.373
199.5	168.392
199.6	168.411
199.7	168.43
199.8	168.449
199.9	168.468
200	168.487
200.1	168.506
200.2	168.526
200.3	168.545
200.4	168.564
200.5	168.583
200.6	168.602
200.7	168.621
200.8	168.64
200.9	168.659
201	168.678
201.1	168.697
201.2	168.716
201.3	168.735
201.4	168.754
201.5	168.773
201.6	168.792
201.7	168.811
201.8	168.83
201.9	168.849
202	168.868
202.1	168.887
202.2	168.906
202.3	168.925
202.4	168.944
202.5	168.963
202.6	168.982
202.7	169.001
202.8	169.02
202.9	169.039
203	169.057
203.1	169.076
203.2	169.095
203.3	169.114
203.4	169.133
203.5	169.152
203.6	169.171
203.7	169.19
203.8	169.209
203.9	169.228
204	169.246
204.1	169.265
204.2	169.284
204.3	169.303
204.4	169.322
204.5	169.341
204.6	169.36
204.7	169.379
204.8	169.397
204.9	169.416
205	169.435
205.1	169.454
205.2	169.473
205.3	169.491
205.4	169.51
205.5	169.529
205.6	169.548
205.7	169.567
205.8	169.585
205.9	169.604
206	169.623
206.1	169.642
206.2	169.661
206.3	169.679
206.4	169.698
206.5	169.717
206.6	169.736
206.7	169.754
206.8	169.773
206.9	169.792
207	169.811
207.1	169.829
207.2	169.848
207.3	169.867
207.4	169.885
207.5	169.904
207.6	169.923
207.7	169.942
207.8	169.96
207.9	169.979
208	169.998
208.1	170.016
208.2	170.035
208.3	170.054
208.4	170.072
208.5	170.091
208.6	170.11
208.7	170.128
208.8	170.147
208.9	170.166
209	170.184
209.1	170.203
209.2	170.222
209.3	170.24
209.4	170.259
209.5	170.277
209.6	170.296
209.7	170.315
209.8	170.333
209.9	170.352
210	170.37
210.1	170.389
210.2	170.408
210.3	170.426
210.4	170.445
210.5	170.463
210.6	170.482
210.7	170.5
210.8	170.519
210.9	170.537
211	170.556
211.1	170.575
211.2	170.593
211.3	170.612
211.4	170.63
211.5	170.649
211.6	170.667
211.7	170.686
211.8	170.704
211.9	170.723
212	170.741
212.1	170.76
212.2	170.778
212.3	170.797
212.4	170.815
212.5	170.834
212.6	170.852
212.7	170.871
212.8	170.889
212.9	170.907
213	170.926
213.1	170.944
213.2	170.963
213.3	170.981
213.4	171
213.5	171.018
213.6	171.036
213.7	171.055
213.8	171.073
213.9	171.092
214	171.11
214.1	171.129
214.2	171.147
214.3	171.165
214.4	171.184
214.5	171.202
214.6	171.22
214.7	171.239
214.8	171.257
214.9	171.276
215	171.294
215.1	171.312
215.2	171.331
215.3	171.349
215.4	171.367
215.5	171.386
215.6	171.404
215.7	171.422
215.8	171.441
215.9	171.459
216	171.477
216.1	171.496
216.2	171.514
216.3	171.532
216.4	171.55
216.5	171.569
216.6	171.587
216.7	171.605
216.8	171.624
216.9	171.642
217	171.66
217.1	171.678
217.2	171.697
217.3	171.715
217.4	171.733
217.5	171.751
217.6	171.77
217.7	171.788
217.8	171.806
217.9	171.824
218	171.842
218.1	171.861
218.2	171.879
218.3	171.897
218.4	171.915
218.5	171.934
218.6	171.952
218.7	171.97
218.8	171.988
218.9	172.006
219	172.024
219.1	172.043
219.2	172.061
219.3	172.079
219.4	172.097
219.5	172.115
219.6	172.133
219.7	172.152
219.8	172.17
219.9	172.188
220	172.206
220.1	172.224
220.2	172.242
220.3	172.26
220.4	172.278
220.5	172.297
220.6	172.315
220.7	172.333
220.8	172.351
220.9	172.369
221	172.387
221.1	172.405
221.2	172.423
221.3	172.441
221.4	172.459
221.5	172.477
221.6	172.495
221.7	172.514
221.8	172.532
221.9	172.55
222	172.568
222.1	172.586
222.2	172.604
222.3	172.622
222.4	172.64
222.5	172.658
222.6	172.676
222.7	172.694
222.8	172.712
222.9	172.73
223	172.748
223.1	172.766
223.2	172.784
223.3	172.802
223.4	172.82
223.5	172.838
223.6	172.856
223.7	172.874
223.8	172.892
223.9	172.91
224	172.928
224.1	172.946
224.2	172.964
224.3	172.981
224.4	172.999
224.5	173.017
224.6	173.035
224.7	173.053
224.8	173.071
224.9	173.089
225	173.107
225.1	173.125
225.2	173.143
225.3	173.161
225.4	173.179
225.5	173.196
225.6	173.214
225.7	173.232
225.8	173.25
225.9	173.268
226	173.286
226.1	173.304
226.2	173.322
226.3	173.339
226.4	173.357
226.5	173.375
226.6	173.393
226.7	173.411
226.8	173.429
226.9	173.447
227	173.464
227.1	173.482
227.2	173.5
227.3	173.518
227.4	173.536
227.5	173.553
227.6	173.571
227.7	173.589
227.8	173.607
227.9	173.625
228	173.642
228.1	173.66
228.2	173.678
228.3	173.696
228.4	173.714
228.5	173.731
228.6	173.749
228.7	173.767
228.8	173.785
228.9	173.802
229	173.82
229.1	173.838
229.2	173.856
229.3	173.873
229.4	173.891
229.5	173.909
229.6	173.926
229.7	173.944
229.8	173.962
229.9	173.98
230	173.997
230.1	174.015
230.2	174.033
230.3	174.05
230.4	174.068
230.5	174.086
230.6	174.103
230.7	174.121
230.8	174.139
230.9	174.156
231	174.174
231.1	174.192
231.2	174.209
231.3	174.227
231.4	174.245
231.5	174.262
231.6	174.28
231.7	174.298
231.8	174.315
231.9	174.333
232	174.35
232.1	174.368
232.2	174.386
232.3	174.403
232.4	174.421
232.5	174.438
232.6	174.456
232.7	174.474
232.8	174.491
232.9	174.509
233	174.526
233.1	174.544
233.2	174.562
233.3	174.579
233.4	174.597
233.5	174.614
233.6	174.632
233.7	174.649
233.8	174.667
233.9	174.684
234	174.702
234.1	174.719
234.2	174.737
234.3	174.755
234.4	174.772
234.5	174.79
234.6	174.807
234.7	174.825
234.8	174.842
234.9	174.86
235	174.877
235.1	174.895
235.2	174.912
235.3	174.93
235.4	174.947
235.5	174.965
235.6	174.982
235.7	174.999
235.8	175.017
235.9	175.034
236	175.052
236.1	175.069
236.2	175.087
236.3	175.104
236.4	175.122
236.5	175.139
236.6	175.156
236.7	175.174
236.8	175.191
236.9	175.209
237	175.226
237.1	175.244
237.2	175.261
237.3	175.278
237.4	175.296
237.5	175.313
237.6	175.331
237.7	175.348
237.8	175.365
237.9	175.383
238	175.4
238.1	175.418
238.2	175.435
238.3	175.452
238.4	175.47
238.5	175.487
238.6	175.504
238.7	175.522
238.8	175.539
238.9	175.556
239	175.574
239.1	175.591
239.2	175.608
239.3	175.626
239.4	175.643
239.5	175.66
239.6	175.678
239.7	175.695
239.8	175.712
239.9	175.73
240	175.747
240.1	175.764
240.2	175.781
240.3	175.799
240.4	175.816
240.5	175.833
240.6	175.851
240.7	175.868
240.8	175.885
240.9	175.902
241	175.92
241.1	175.937
241.2	175.954
241.3	175.971
241.4	175.989
241.5	176.006
241.6	176.023
241.7	176.04
241.8	176.058
241.9	176.075
242	176.092
242.1	176.109
242.2	176.126
242.3	176.144
242.4	176.161
242.5	176.178
242.6	176.195
242.7	176.212
242.8	176.23
242.9	176.247
243	176.264
243.1	176.281
243.2	176.298
243.3	176.316
243.4	176.333
243.5	176.35
243.6	176.367
243.7	176.384
243.8	176.401
243.9	176.418
244	176.436
244.1	176.453
244.2	176.47
244.3	176.487
244.4	176.504
244.5	176.521
244.6	176.538
244.7	176.555
244.8	176.573
244.9	176.59
245	176.607
245.1	176.624
245.2	176.641
245.3	176.658
245.4	176.675
245.5	176.692
245.6	176.709
245.7	176.726
245.8	176.744
245.9	176.761
246	176.778
246.1	176.795
246.2	176.812
246.3	176.829
246.4	176.846
246.5	176.863
246.6	176.88
246.7	176.897
246.8	176.914
246.9	176.931
247	176.948
247.1	176.965
247.2	176.982
247.3	176.999
247.4	177.016
247.5	177.033
247.6	177.05
247.7	177.067
247.8	177.084
247.9	177.101
248	177.118
248.1	177.135
248.2	177.152
248.3	177.169
248.4	177.186
248.5	177.203
248.6	177.22
248.7	177.237
248.8	177.254
248.9	177.271
249	177.288
249.1	177.305
249.2	177.322
249.3	177.339
249.4	177.356
249.5	177.373
249.6	177.39
249.7	177.406
249.8	177.423
249.9	177.44
250	177.457
250.1	177.474
250.2	177.491
250.3	177.508
250.4	177.525
250.5	177.542
250.6	177.559
250.7	177.576
250.8	177.592
250.9	177.609
251	177.626
251.1	177.643
251.2	177.66
251.3	177.677
251.4	177.694
251.5	177.711
251.6	177.727
251.7	177.744
251.8	177.761
251.9	177.778
252	177.795
252.1	177.812
252.2	177.829
252.3	177.845
252.4	177.862
252.5	177.879
252.6	177.896
252.7	177.913
252.8	177.929
252.9	177.946
253	177.963
253.1	177.98
253.2	177.997
253.3	178.013
253.4	178.03
253.5	178.047
253.6	178.064
253.7	178.081
253.8	178.097
253.9	178.114
254	178.131
254.1	178.148
254.2	178.164
254.3	178.181
254.4	178.198
254.5	178.215
254.6	178.231
254.7	178.248
254.8	178.265
254.9	178.282
255	178.298
255.1	178.315
255.2	178.332
255.3	178.349
255.4	178.365
255.5	178.382
255.6	178.399
255.7	178.415
255.8	178.432
255.9	178.449
256	178.466
256.1	178.482
256.2	178.499
256.3	178.516
256.4	178.532
256.5	178.549
256.6	178.566
256.7	178.582
256.8	178.599
256.9	178.616
257	178.632
257.1	178.649
257.2	178.666
257.3	178.682
257.4	178.699
257.5	178.716
257.6	178.732
257.7	178.749
257.8	178.766
257.9	178.782
258	178.799
258.1	178.815
258.2	178.832
258.3	178.849
258.4	178.865
258.5	178.882
258.6	178.899
258.7	178.915
258.8	178.932
258.9	178.948
259	178.965
259.1	178.982
259.2	178.998
259.3	179.015
259.4	179.031
259.5	179.048
259.6	179.064
259.7	179.081
259.8	179.098
259.9	179.114
260	179.131
260.1	179.147
260.2	179.164
260.3	179.18
260.4	179.197
260.5	179.213
260.6	179.23
260.7	179.246
260.8	179.263
260.9	179.28
261	179.296
261.1	179.313
261.2	179.329
261.3	179.346
261.4	179.362
261.5	179.379
261.6	179.395
261.7	179.412
261.8	179.428
261.9	179.445
262	179.461
262.1	179.478
262.2	179.494
262.3	179.511
262.4	179.527
262.5	179.543
262.6	179.56
262.7	179.576
262.8	179.593
262.9	179.609
263	179.626
263.1	179.642
263.2	179.659
263.3	179.675
263.4	179.692
263.5	179.708
263.6	179.724
263.7	179.741
263.8	179.757
263.9	179.774
264	179.79
264.1	179.807
264.2	179.823
264.3	179.839
264.4	179.856
264.5	179.872
264.6	179.889
264.7	179.905
264.8	179.921
264.9	179.938
265	179.954
265.1	179.971
265.2	179.987
265.3	180.003
265.4	180.02
265.5	180.036
265.6	180.052
265.7	180.069
265.8	180.085
265.9	180.101
266	180.118
266.1	180.134
266.2	180.15
266.3	180.167
266.4	180.183
266.5	180.2
266.6	180.216
266.7	180.232
266.8	180.248
266.9	180.265
267	180.281
267.1	180.297
267.2	180.314
267.3	180.33
267.4	180.346
267.5	180.363
267.6	180.379
267.7	180.395
267.8	180.412
267.9	180.428
268	180.444
268.1	180.46
268.2	180.477
268.3	180.493
268.4	180.509
268.5	180.525
268.6	180.542
268.7	180.558
268.8	180.574
268.9	180.591
269	180.607
269.1	180.623
269.2	180.639
269.3	180.656
269.4	180.672
269.5	180.688
269.6	180.704
269.7	180.72
269.8	180.737
269.9	180.753
270	180.769
270.1	180.785
270.2	180.802
270.3	180.818
270.4	180.834
270.5	180.85
270.6	180.866
270.7	180.883
270.8	180.899
270.9	180.915
271	180.931
271.1	180.947
271.2	180.963
271.3	180.98
271.4	180.996
271.5	181.012
271.6	181.028
271.7	181.044
271.8	181.06
271.9	181.077
272	181.093
272.1	181.109
272.2	181.125
272.3	181.141
272.4	181.157
272.5	181.173
272.6	181.19
272.7	181.206
272.8	181.222
272.9	181.238
273	181.254
273.1	181.27
273.2	181.286
273.3	181.302
273.4	181.319
273.5	181.335
273.6	181.351
273.7	181.367
273.8	181.383
273.9	181.399
274	181.415
274.1	181.431
274.2	181.447
274.3	181.463
274.4	181.479
274.5	181.496
274.6	181.512
274.7	181.528
274.8	181.544
274.9	181.56
275	181.576
275.1	181.592
275.2	181.608
275.3	181.624
275.4	181.64
275.5	181.656
275.6	181.672
275.7	181.688
275.8	181.704
275.9	181.72
276	181.736
276.1	181.752
276.2	181.768
276.3	181.784
276.4	181.8
276.5	181.816
276.6	181.832
276.7	181.848
276.8	181.864
276.9	181.88
277	181.896
277.1	181.912
277.2	181.928
277.3	181.944
277.4	181.96
277.5	181.976
277.6	181.992
277.7	182.008
277.8	182.024
277.9	182.04
278	182.056
278.1	182.072
278.2	182.088
278.3	182.104
278.4	182.12
278.5	182.136
278.6	182.152
278.7	182.168
278.8	182.183
278.9	182.199
279	182.215
279.1	182.231
279.2	182.247
279.3	182.263
279.4	182.279
279.5	182.295
279.6	182.311
279.7	182.327
279.8	182.343
279.9	182.359
280	182.374
280.1	182.39
280.2	182.406
280.3	182.422
280.4	182.438
280.5	182.454
280.6	182.47
280.7	182.486
280.8	182.501
280.9	182.517
281	182.533
281.1	182.549
281.2	182.565
281.3	182.581
281.4	182.597
281.5	182.612
281.6	182.628
281.7	182.644
281.8	182.66
281.9	182.676
282	182.692
282.1	182.708
282.2	182.723
282.3	182.739
282.4	182.755
282.5	182.771
282.6	182.787
282.7	182.802
282.8	182.818
282.9	182.834
283	182.85
283.1	182.866
283.2	182.881
283.3	182.897
283.4	182.913
283.5	182.929
283.6	182.945
283.7	182.96
283.8	182.976
283.9	182.992
284	183.008
284.1	183.023
284.2	183.039
284.3	183.055
284.4	183.071
284.5	183.086
284.6	183.102
284.7	183.118
284.8	183.134
284.9	183.149
285	183.165
285.1	183.181
285.2	183.197
285.3	183.212
285.4	183.228
285.5	183.244
285.6	183.26
285.7	183.275
285.8	183.291
285.9	183.307
286	183.322
286.1	183.338
286.2	183.354
286.3	183.37
286.4	183.385
286.5	183.401
286.6	183.417
286.7	183.432
286.8	183.448
286.9	183.464
287	183.479
287.1	183.495
287.2	183.511
287.3	183.526
287.4	183.542
287.5	183.558
287.6	183.573
287.7	183.589
287.8	183.605
287.9	183.62
288	183.636
288.1	183.652
288.2	183.667
288.3	183.683
288.4	183.699
288.5	183.714
288.6	183.73
288.7	183.745
288.8	183.761
288.9	183.777
289	183.792
289.1	183.808
289.2	183.824
289.3	183.839
289.4	183.855
289.5	183.87
289.6	183.886
289.7	183.902
289.8	183.917
289.9	183.933
290	183.948
290.1	183.964
290.2	183.98
290.3	183.995
290.4	184.011
290.5	184.026
290.6	184.042
290.7	184.057
290.8	184.073
290.9	184.089
291	184.104
291.1	184.12
291.2	184.135
291.3	184.151
291.4	184.166
291.5	184.182
291.6	184.197
291.7	184.213
291.8	184.228
291.9	184.244
292	184.259
292.1	184.275
292.2	184.291
292.3	184.306
292.4	184.322
292.5	184.337
292.6	184.353
292.7	184.368
292.8	184.384
292.9	184.399
293	184.415
293.1	184.43
293.2	184.446
293.3	184.461
293.4	184.477
293.5	184.492
293.6	184.508
293.7	184.523
293.8	184.539
293.9	184.554
294	184.569
294.1	184.585
294.2	184.6
294.3	184.616
294.4	184.631
294.5	184.647
294.6	184.662
294.7	184.678
294.8	184.693
294.9	184.709
295	184.724
295.1	184.739
295.2	184.755
295.3	184.77
295.4	184.786
295.5	184.801
295.6	184.817
295.7	184.832
295.8	184.847
295.9	184.863
296	184.878
296.1	184.894
296.2	184.909
296.3	184.924
296.4	184.94
296.5	184.955
296.6	184.971
296.7	184.986
296.8	185.001
296.9	185.017
297	185.032
297.1	185.048
297.2	185.063
297.3	185.078
297.4	185.094
297.5	185.109
297.6	185.124
297.7	185.14
297.8	185.155
297.9	185.171
298	185.186
298.1	185.201
298.2	185.217
298.3	185.232
298.4	185.247
298.5	185.263
298.6	185.278
298.7	185.293
298.8	185.309
298.9	185.324
299	185.339
299.1	185.355
299.2	185.37
299.3	185.385
299.4	185.401
299.5	185.416
299.6	185.431
299.7	185.446
299.8	185.462
299.9	185.477
300	185.492
