W	Pred
1.5	121.409
1.6	120.874
1.7	120.392
1.8	119.958
1.9	119.563
2	119.205
2.1	118.878
2.2	118.58
2.3	118.306
2.4	118.055
2.5	117.825
2.6	117.612
2.7	117.417
2.8	117.236
2.9	117.07
3	116.916
3.1	116.774
3.2	116.643
3.3	116.521
3.4	116.409
3.5	116.306
3.6	116.21
3.7	116.122
3.8	116.041
3.9	115.966
4	115.897
4.1	115.834
4.2	115.776
4.3	115.722
4.4	115.674
4.5	115.63
4.6	115.59
4.7	115.554
4.8	115.522
4.9	115.493
5	115.468
5.1	115.445
5.2	115.426
5.3	115.409
5.4	115.395
5.5	115.384
5.6	115.375
5.7	115.368
5.8	115.363
5.9	115.361
6	115.36
6.1	115.362
6.2	115.365
6.3	115.37
6.4	115.376
6.5	115.384
6.6	115.394
6.7	115.405
6.8	115.417
6.9	115.431
7	115.446
7.1	115.462
7.2	115.479
7.3	115.498
7.4	115.517
7.5	115.538
7.6	115.559
7.7	115.581
7.8	115.605
7.9	115.629
8	115.654
8.1	115.68
8.2	115.707
8.3	115.734
8.4	115.762
8.5	115.791
8.6	115.82
8.7	115.85
8.8	115.881
8.9	115.912
9	115.944
9.1	115.976
9.2	116.009
9.3	116.043
9.4	116.077
9.5	116.111
9.6	116.146
9.7	116.181
9.8	116.217
9.9	116.253
10	116.29
10.1	116.327
10.2	116.364
10.3	116.402
10.4	116.44
10.5	116.478
10.6	116.517
10.7	116.556
10.8	116.595
10.9	116.634
11	116.674
11.1	116.714
11.2	116.755
11.3	116.795
11.4	116.836
11.5	116.877
11.6	116.919
11.7	116.96
11.8	117.002
11.9	117.044
12	117.086
12.1	117.128
12.2	117.171
12.3	117.214
12.4	117.256
12.5	117.299
12.6	117.343
12.7	117.386
12.8	117.43
12.9	117.473
13	117.517
13.1	117.561
13.2	117.605
13.3	117.649
13.4	117.693
13.5	117.738
13.6	117.782
13.7	117.827
13.8	117.871
13.9	117.916
14	117.961
14.1	118.006
14.2	118.051
14.3	118.096
14.4	118.142
14.5	118.187
14.6	118.232
14.7	118.278
14.8	118.323
14.9	118.369
15	118.415
15.1	118.46
15.2	118.506
15.3	118.552
15.4	118.598
15.5	118.644
15.6	118.69
15.7	118.736
15.8	118.782
15.9	118.828
16	118.874
16.1	118.92
16.2	118.966
16.3	119.013
16.4	119.059
16.5	119.105
16.6	119.151
16.7	119.198
16.8	119.244
16.9	119.291
17	119.337
17.1	119.383
17.2	119.43
17.3	119.476
17.4	119.523
17.5	119.569
17.6	119.616
17.7	119.662
17.8	119.709
17.9	119.755
18	119.802
18.1	119.848
18.2	119.895
18.3	119.941
18.4	119.988
18.5	120.035
18.6	120.081
18.7	120.128
18.8	120.174
18.9	120.221
19	120.267
19.1	120.314
19.2	120.36
19.3	120.407
19.4	120.453
19.5	120.5
19.6	120.546
19.7	120.593
19.8	120.639
19.9	120.686
20	120.732
20.1	120.779
20.2	120.825
20.3	120.871
20.4	120.918
20.5	120.964
20.6	121.011
20.7	121.057
20.8	121.103
20.9	121.149
21	121.196
21.1	121.242
21.2	121.288
21.3	121.334
21.4	121.381
21.5	121.427
21.6	121.473
21.7	121.519
21.8	121.565
21.9	121.611
22	121.657
22.1	121.703
22.2	121.749
22.3	121.795
22.4	121.841
22.5	121.887
22.6	121.933
22.7	121.979
22.8	122.025
22.9	122.071
23	122.116
23.1	122.162
23.2	122.208
23.3	122.254
23.4	122.299
23.5	122.345
23.6	122.391
23.7	122.436
23.8	122.482
23.9	122.527
24	122.573
24.1	122.618
24.2	122.664
24.3	122.709
24.4	122.755
24.5	122.8
24.6	122.845
24.7	122.89
24.8	122.936
24.9	122.981
25	123.026
25.1	123.071
25.2	123.116
25.3	123.161
25.4	123.206
25.5	123.251
25.6	123.296
25.7	123.341
25.8	123.386
25.9	123.431
26	123.476
26.1	123.521
26.2	123.566
26.3	123.61
26.4	123.655
26.5	123.7
26.6	123.744
26.7	123.789
26.8	123.834
26.9	123.878
27	123.923
27.1	123.967
27.2	124.011
27.3	124.056
27.4	124.1
27.5	124.144
27.6	124.189
27.7	124.233
27.8	124.277
27.9	124.321
28	124.365
28.1	124.41
28.2	124.454
28.3	124.498
28.4	124.542
28.5	124.586
28.6	124.629
28.7	124.673
28.8	124.717
28.9	124.761
29	124.805
29.1	124.848
29.2	124.892
29.3	124.936
29.4	124.979
29.5	125.023
29.6	125.067
29.7	125.11
29.8	125.154
29.9	125.197
30	125.24
30.1	125.284
30.2	125.327
30.3	125.37
30.4	125.414
30.5	125.457
30.6	125.5
30.7	125.543
30.8	125.586
30.9	125.629
31	125.672
31.1	125.715
31.2	125.758
31.3	125.801
31.4	125.844
31.5	125.887
31.6	125.929
31.7	125.972
31.8	126.015
31.9	126.058
32	126.1
32.1	126.143
32.2	126.185
32.3	126.228
32.4	126.27
32.5	126.313
32.6	126.355
32.7	126.398
32.8	126.44
32.9	126.482
33	126.525
33.1	126.567
33.2	126.609
33.3	126.651
33.4	126.693
33.5	126.735
33.6	126.777
33.7	126.819
33.8	126.861
33.9	126.903
34	126.945
34.1	126.987
34.2	127.029
34.3	127.071
34.4	127.112
34.5	127.154
34.6	127.196
34.7	127.237
34.8	127.279
34.9	127.321
35	127.362
35.1	127.404
35.2	127.445
35.3	127.487
35.4	127.528
35.5	127.569
35.6	127.611
35.7	127.652
35.8	127.693
35.9	127.734
36	127.775
36.1	127.817
36.2	127.858
36.3	127.899
36.4	127.94
36.5	127.981
36.6	128.022
36.7	128.063
36.8	128.103
36.9	128.144
37	128.185
37.1	128.226
37.2	128.267
37.3	128.307
37.4	128.348
37.5	128.389
37.6	128.429
37.7	128.47
37.8	128.51
37.9	128.551
38	128.591
38.1	128.632
38.2	128.672
38.3	128.712
38.4	128.753
38.5	128.793
38.6	128.833
38.7	128.873
38.8	128.913
38.9	128.954
39	128.994
39.1	129.034
39.2	129.074
39.3	129.114
39.4	129.154
39.5	129.194
39.6	129.233
39.7	129.273
39.8	129.313
39.9	129.353
40	129.393
40.1	129.432
40.2	129.472
40.3	129.512
40.4	129.551
40.5	129.591
40.6	129.63
40.7	129.67
40.8	129.709
40.9	129.749
41	129.788
41.1	129.828
41.2	129.867
41.3	129.906
41.4	129.945
41.5	129.985
41.6	130.024
41.7	130.063
41.8	130.102
41.9	130.141
42	130.18
42.1	130.219
42.2	130.258
42.3	130.297
42.4	130.336
42.5	130.375
42.6	130.414
42.7	130.453
42.8	130.492
42.9	130.53
43	130.569
43.1	130.608
43.2	130.647
43.3	130.685
43.4	130.724
43.5	130.762
43.6	130.801
43.7	130.839
43.8	130.878
43.9	130.916
44	130.955
44.1	130.993
44.2	131.031
44.3	131.07
44.4	131.108
44.5	131.146
44.6	131.185
44.7	131.223
44.8	131.261
44.9	131.299
45	131.337
45.1	131.375
45.2	131.413
45.3	131.451
45.4	131.489
45.5	131.527
45.6	131.565
45.7	131.603
45.8	131.641
45.9	131.678
46	131.716
46.1	131.754
46.2	131.792
46.3	131.829
46.4	131.867
46.5	131.905
46.6	131.942
46.7	131.98
46.8	132.017
46.9	132.055
47	132.092
47.1	132.13
47.2	132.167
47.3	132.205
47.4	132.242
47.5	132.279
47.6	132.316
47.7	132.354
47.8	132.391
47.9	132.428
48	132.465
48.1	132.502
48.2	132.54
48.3	132.577
48.4	132.614
48.5	132.651
48.6	132.688
48.7	132.725
48.8	132.761
48.9	132.798
49	132.835
49.1	132.872
49.2	132.909
49.3	132.946
49.4	132.982
49.5	133.019
49.6	133.056
49.7	133.092
49.8	133.129
49.9	133.166
50	133.202
50.1	133.239
50.2	133.275
50.3	133.312
50.4	133.348
50.5	133.385
50.6	133.421
50.7	133.457
50.8	133.494
50.9	133.53
51	133.566
51.1	133.603
51.2	133.639
51.3	133.675
51.4	133.711
51.5	133.747
51.6	133.783
51.7	133.82
51.8	133.856
51.9	133.892
52	133.928
52.1	133.964
52.2	134
52.3	134.035
52.4	134.071
52.5	134.107
52.6	134.143
52.7	134.179
52.8	134.215
52.9	134.25
53	134.286
53.1	134.322
53.2	134.357
53.3	134.393
53.4	134.429
53.5	134.464
53.6	134.5
53.7	134.535
53.8	134.571
53.9	134.606
54	134.642
54.1	134.677
54.2	134.713
54.3	134.748
54.4	134.783
54.5	134.819
54.6	134.854
54.7	134.889
54.8	134.924
54.9	134.96
55	134.995
55.1	135.03
55.2	135.065
55.3	135.1
55.4	135.135
55.5	135.17
55.6	135.205
55.7	135.24
55.8	135.275
55.9	135.31
56	135.345
56.1	135.38
56.2	135.415
56.3	135.45
56.4	135.484
56.5	135.519
56.6	135.554
56.7	135.589
56.8	135.623
56.9	135.658
57	135.693
57.1	135.727
57.2	135.762
57.3	135.797
57.4	135.831
57.5	135.866
57.6	135.9
57.7	135.935
57.8	135.969
57.9	136.003
58	136.038
58.1	136.072
58.2	136.107
58.3	136.141
58.4	136.175
58.5	136.209
58.6	136.244
58.7	136.278
58.8	136.312
58.9	136.346
59	136.38
59.1	136.415
59.2	136.449
59.3	136.483
59.4	136.517
59.5	136.551
59.6	136.585
59.7	136.619
59.8	136.653
59.9	136.687
60	136.721
60.1	136.754
60.2	136.788
60.3	136.822
60.4	136.856
60.5	136.89
60.6	136.924
60.7	136.957
60.8	136.991
60.9	137.025
61	137.058
61.1	137.092
61.2	137.126
61.3	137.159
61.4	137.193
61.5	137.226
61.6	137.26
61.7	137.293
61.8	137.327
61.9	137.36
62	137.394
62.1	137.427
62.2	137.46
62.3	137.494
62.4	137.527
62.5	137.56
62.6	137.594
62.7	137.627
62.8	137.66
62.9	137.693
63	137.727
63.1	137.76
63.2	137.793
63.3	137.826
63.4	137.859
63.5	137.892
63.6	137.925
63.7	137.958
63.8	137.991
63.9	138.024
64	138.057
64.1	138.09
64.2	138.123
64.3	138.156
64.4	138.189
64.5	138.222
64.6	138.254
64.7	138.287
64.8	138.32
64.9	138.353
65	138.386
65.1	138.418
65.2	138.451
65.3	138.484
65.4	138.516
65.5	138.549
65.6	138.582
65.7	138.614
65.8	138.647
65.9	138.679
66	138.712
66.1	138.744
66.2	138.777
66.3	138.809
66.4	138.842
66.5	138.874
66.6	138.906
66.7	138.939
66.8	138.971
66.9	139.003
67	139.036
67.1	139.068
67.2	139.1
67.3	139.132
67.4	139.165
67.5	139.197
67.6	139.229
67.7	139.261
67.8	139.293
67.9	139.325
68	139.357
68.1	139.389
68.2	139.421
68.3	139.453
68.4	139.485
68.5	139.517
68.6	139.549
68.7	139.581
68.8	139.613
68.9	139.645
69	139.677
69.1	139.709
69.2	139.741
69.3	139.772
69.4	139.804
69.5	139.836
69.6	139.868
69.7	139.9
69.8	139.931
69.9	139.963
70	139.995
70.1	140.026
70.2	140.058
70.3	140.089
70.4	140.121
70.5	140.153
70.6	140.184
70.7	140.216
70.8	140.247
70.9	140.279
71	140.31
71.1	140.341
71.2	140.373
71.3	140.404
71.4	140.436
71.5	140.467
71.6	140.498
71.7	140.53
71.8	140.561
71.9	140.592
72	140.623
72.1	140.655
72.2	140.686
72.3	140.717
72.4	140.748
72.5	140.779
72.6	140.811
72.7	140.842
72.8	140.873
72.9	140.904
73	140.935
73.1	140.966
73.2	140.997
73.3	141.028
73.4	141.059
73.5	141.09
73.6	141.121
73.7	141.152
73.8	141.183
73.9	141.214
74	141.244
74.1	141.275
74.2	141.306
74.3	141.337
74.4	141.368
74.5	141.398
74.6	141.429
74.7	141.46
74.8	141.491
74.9	141.521
75	141.552
75.1	141.583
75.2	141.613
75.3	141.644
75.4	141.674
75.5	141.705
75.6	141.736
75.7	141.766
75.8	141.797
75.9	141.827
76	141.858
76.1	141.888
76.2	141.919
76.3	141.949
76.4	141.979
76.5	142.01
76.6	142.04
76.7	142.071
76.8	142.101
76.9	142.131
77	142.161
77.1	142.192
77.2	142.222
77.3	142.252
77.4	142.282
77.5	142.313
77.6	142.343
77.7	142.373
77.8	142.403
77.9	142.433
78	142.463
78.1	142.493
78.2	142.524
78.3	142.554
78.4	142.584
78.5	142.614
78.6	142.644
78.7	142.674
78.8	142.704
78.9	142.734
79	142.764
79.1	142.793
79.2	142.823
79.3	142.853
79.4	142.883
79.5	142.913
79.6	142.943
79.7	142.973
79.8	143.002
79.9	143.032
80	143.062
80.1	143.092
80.2	143.121
80.3	143.151
80.4	143.181
80.5	143.21
80.6	143.24
80.7	143.27
80.8	143.299
80.9	143.329
81	143.358
81.1	143.388
81.2	143.418
81.3	143.447
81.4	143.477
81.5	143.506
81.6	143.536
81.7	143.565
81.8	143.594
81.9	143.624
82	143.653
82.1	143.683
82.2	143.712
82.3	143.741
82.4	143.771
82.5	143.8
82.6	143.829
82.7	143.859
82.8	143.888
82.9	143.917
83	143.946
83.1	143.976
83.2	144.005
83.3	144.034
83.4	144.063
83.5	144.092
83.6	144.121
83.7	144.151
83.8	144.18
83.9	144.209
84	144.238
84.1	144.267
84.2	144.296
84.3	144.325
84.4	144.354
84.5	144.383
84.6	144.412
84.7	144.441
84.8	144.47
84.9	144.499
85	144.528
85.1	144.557
85.2	144.585
85.3	144.614
85.4	144.643
85.5	144.672
85.6	144.701
85.7	144.729
85.8	144.758
85.9	144.787
86	144.816
86.1	144.844
86.2	144.873
86.3	144.902
86.4	144.931
86.5	144.959
86.6	144.988
86.7	145.016
86.8	145.045
86.9	145.074
87	145.102
87.1	145.131
87.2	145.159
87.3	145.188
87.4	145.216
87.5	145.245
87.6	145.273
87.7	145.302
87.8	145.33
87.9	145.359
88	145.387
88.1	145.416
88.2	145.444
88.3	145.472
88.4	145.501
88.5	145.529
88.6	145.557
88.7	145.586
88.8	145.614
88.9	145.642
89	145.671
89.1	145.699
89.2	145.727
89.3	145.755
89.4	145.784
89.5	145.812
89.6	145.84
89.7	145.868
89.8	145.896
89.9	145.924
90	145.952
90.1	145.981
90.2	146.009
90.3	146.037
90.4	146.065
90.5	146.093
90.6	146.121
90.7	146.149
90.8	146.177
90.9	146.205
91	146.233
91.1	146.261
91.2	146.289
91.3	146.316
91.4	146.344
91.5	146.372
91.6	146.4
91.7	146.428
91.8	146.456
91.9	146.484
92	146.511
92.1	146.539
92.2	146.567
92.3	146.595
92.4	146.623
92.5	146.65
92.6	146.678
92.7	146.706
92.8	146.733
92.9	146.761
93	146.789
93.1	146.816
93.2	146.844
93.3	146.872
93.4	146.899
93.5	146.927
93.6	146.954
93.7	146.982
93.8	147.01
93.9	147.037
94	147.065
94.1	147.092
94.2	147.12
94.3	147.147
94.4	147.175
94.5	147.202
94.6	147.229
94.7	147.257
94.8	147.284
94.9	147.312
95	147.339
95.1	147.366
95.2	147.394
95.3	147.421
95.4	147.448
95.5	147.476
95.6	147.503
95.7	147.53
95.8	147.558
95.9	147.585
96	147.612
96.1	147.639
96.2	147.666
96.3	147.694
96.4	147.721
96.5	147.748
96.6	147.775
96.7	147.802
96.8	147.829
96.9	147.856
97	147.884
97.1	147.911
97.2	147.938
97.3	147.965
97.4	147.992
97.5	148.019
97.6	148.046
97.7	148.073
97.8	148.1
97.9	148.127
98	148.154
98.1	148.181
98.2	148.208
98.3	148.235
98.4	148.261
98.5	148.288
98.6	148.315
98.7	148.342
98.8	148.369
98.9	148.396
99	148.423
99.1	148.449
99.2	148.476
99.3	148.503
99.4	148.53
99.5	148.556
99.6	148.583
99.7	148.61
99.8	148.637
99.9	148.663
100	148.69
100.1	148.717
100.2	148.743
100.3	148.77
100.4	148.797
100.5	148.823
100.6	148.85
100.7	148.876
100.8	148.903
100.9	148.93
101	148.956
101.1	148.983
101.2	149.009
101.3	149.036
101.4	149.062
101.5	149.089
101.6	149.115
101.7	149.142
101.8	149.168
101.9	149.195
102	149.221
102.1	149.247
102.2	149.274
102.3	149.3
102.4	149.326
102.5	149.353
102.6	149.379
102.7	149.406
102.8	149.432
102.9	149.458
103	149.484
103.1	149.511
103.2	149.537
103.3	149.563
103.4	149.589
103.5	149.616
103.6	149.642
103.7	149.668
103.8	149.694
103.9	149.72
104	149.747
104.1	149.773
104.2	149.799
104.3	149.825
104.4	149.851
104.5	149.877
104.6	149.903
104.7	149.929
104.8	149.955
104.9	149.982
105	150.008
105.1	150.034
105.2	150.06
105.3	150.086
105.4	150.112
105.5	150.138
105.6	150.164
105.7	150.189
105.8	150.215
105.9	150.241
106	150.267
106.1	150.293
106.2	150.319
106.3	150.345
106.4	150.371
106.5	150.397
106.6	150.422
106.7	150.448
106.8	150.474
106.9	150.5
107	150.526
107.1	150.551
107.2	150.577
107.3	150.603
107.4	150.629
107.5	150.654
107.6	150.68
107.7	150.706
107.8	150.732
107.9	150.757
108	150.783
108.1	150.809
108.2	150.834
108.3	150.86
108.4	150.886
108.5	150.911
108.6	150.937
108.7	150.962
108.8	150.988
108.9	151.013
109	151.039
109.1	151.065
109.2	151.09
109.3	151.116
109.4	151.141
109.5	151.167
109.6	151.192
109.7	151.217
109.8	151.243
109.9	151.268
110	151.294
110.1	151.319
110.2	151.345
110.3	151.37
110.4	151.395
110.5	151.421
110.6	151.446
110.7	151.471
110.8	151.497
110.9	151.522
111	151.547
111.1	151.573
111.2	151.598
111.3	151.623
111.4	151.649
111.5	151.674
111.6	151.699
111.7	151.724
111.8	151.75
111.9	151.775
112	151.8
112.1	151.825
112.2	151.85
112.3	151.875
112.4	151.901
112.5	151.926
112.6	151.951
112.7	151.976
112.8	152.001
112.9	152.026
113	152.051
113.1	152.076
113.2	152.101
113.3	152.126
113.4	152.151
113.5	152.176
113.6	152.202
113.7	152.227
113.8	152.252
113.9	152.276
114	152.301
114.1	152.326
114.2	152.351
114.3	152.376
114.4	152.401
114.5	152.426
114.6	152.451
114.7	152.476
114.8	152.501
114.9	152.526
115	152.551
115.1	152.575
115.2	152.6
115.3	152.625
115.4	152.65
115.5	152.675
115.6	152.699
115.7	152.724
115.8	152.749
115.9	152.774
116	152.798
116.1	152.823
116.2	152.848
116.3	152.873
116.4	152.897
116.5	152.922
116.6	152.947
116.7	152.971
116.8	152.996
116.9	153.021
117	153.045
117.1	153.07
117.2	153.095
117.3	153.119
117.4	153.144
117.5	153.168
117.6	153.193
117.7	153.217
117.8	153.242
117.9	153.267
118	153.291
118.1	153.316
118.2	153.34
118.3	153.365
118.4	153.389
118.5	153.414
118.6	153.438
118.7	153.462
118.8	153.487
118.9	153.511
119	153.536
119.1	153.56
119.2	153.585
119.3	153.609
119.4	153.633
119.5	153.658
119.6	153.682
119.7	153.706
119.8	153.731
119.9	153.755
120	153.779
120.1	153.804
120.2	153.828
120.3	153.852
120.4	153.877
120.5	153.901
120.6	153.925
120.7	153.949
120.8	153.974
120.9	153.998
121	154.022
121.1	154.046
121.2	154.07
121.3	154.095
121.4	154.119
121.5	154.143
121.6	154.167
121.7	154.191
121.8	154.215
121.9	154.239
122	154.264
122.1	154.288
122.2	154.312
122.3	154.336
122.4	154.36
122.5	154.384
122.6	154.408
122.7	154.432
122.8	154.456
122.9	154.48
123	154.504
123.1	154.528
123.2	154.552
123.3	154.576
123.4	154.6
123.5	154.624
123.6	154.648
123.7	154.672
123.8	154.696
123.9	154.72
124	154.744
124.1	154.767
124.2	154.791
124.3	154.815
124.4	154.839
124.5	154.863
124.6	154.887
124.7	154.911
124.8	154.934
124.9	154.958
125	154.982
125.1	155.006
125.2	155.03
125.3	155.053
125.4	155.077
125.5	155.101
125.6	155.125
125.7	155.148
125.8	155.172
125.9	155.196
126	155.22
126.1	155.243
126.2	155.267
126.3	155.291
126.4	155.314
126.5	155.338
126.6	155.362
126.7	155.385
126.8	155.409
126.9	155.432
127	155.456
127.1	155.48
127.2	155.503
127.3	155.527
127.4	155.55
127.5	155.574
127.6	155.597
127.7	155.621
127.8	155.645
127.9	155.668
128	155.692
128.1	155.715
128.2	155.739
128.3	155.762
128.4	155.786
128.5	155.809
128.6	155.832
128.7	155.856
128.8	155.879
128.9	155.903
129	155.926
129.1	155.95
129.2	155.973
129.3	155.996
129.4	156.02
129.5	156.043
129.6	156.066
129.7	156.09
129.8	156.113
129.9	156.136
130	156.16
130.1	156.183
130.2	156.206
130.3	156.23
130.4	156.253
130.5	156.276
130.6	156.3
130.7	156.323
130.8	156.346
130.9	156.369
131	156.392
131.1	156.416
131.2	156.439
131.3	156.462
131.4	156.485
131.5	156.508
131.6	156.532
131.7	156.555
131.8	156.578
131.9	156.601
132	156.624
132.1	156.647
132.2	156.67
132.3	156.694
132.4	156.717
132.5	156.74
132.6	156.763
132.7	156.786
132.8	156.809
132.9	156.832
133	156.855
133.1	156.878
133.2	156.901
133.3	156.924
133.4	156.947
133.5	156.97
133.6	156.993
133.7	157.016
133.8	157.039
133.9	157.062
134	157.085
134.1	157.108
134.2	157.131
134.3	157.154
134.4	157.177
134.5	157.2
134.6	157.222
134.7	157.245
134.8	157.268
134.9	157.291
135	157.314
135.1	157.337
135.2	157.36
135.3	157.382
135.4	157.405
135.5	157.428
135.6	157.451
135.7	157.474
135.8	157.496
135.9	157.519
136	157.542
136.1	157.565
136.2	157.588
136.3	157.61
136.4	157.633
136.5	157.656
136.6	157.678
136.7	157.701
136.8	157.724
136.9	157.747
137	157.769
137.1	157.792
137.2	157.815
137.3	157.837
137.4	157.86
137.5	157.883
137.6	157.905
137.7	157.928
137.8	157.95
137.9	157.973
138	157.996
138.1	158.018
138.2	158.041
138.3	158.063
138.4	158.086
138.5	158.108
138.6	158.131
138.7	158.154
138.8	158.176
138.9	158.199
139	158.221
139.1	158.244
139.2	158.266
139.3	158.289
139.4	158.311
139.5	158.333
139.6	158.356
139.7	158.378
139.8	158.401
139.9	158.423
140	158.446
140.1	158.468
140.2	158.491
140.3	158.513
140.4	158.535
140.5	158.558
140.6	158.58
140.7	158.602
140.8	158.625
140.9	158.647
141	158.669
141.1	158.692
141.2	158.714
141.3	158.736
141.4	158.759
141.5	158.781
141.6	158.803
141.7	158.826
141.8	158.848
141.9	158.87
142	158.892
142.1	158.915
142.2	158.937
142.3	158.959
142.4	158.981
142.5	159.004
142.6	159.026
142.7	159.048
142.8	159.07
142.9	159.092
143	159.114
143.1	159.137
143.2	159.159
143.3	159.181
143.4	159.203
143.5	159.225
143.6	159.247
143.7	159.269
143.8	159.292
143.9	159.314
144	159.336
144.1	159.358
144.2	159.38
144.3	159.402
144.4	159.424
144.5	159.446
144.6	159.468
144.7	159.49
144.8	159.512
144.9	159.534
145	159.556
145.1	159.578
145.2	159.6
145.3	159.622
145.4	159.644
145.5	159.666
145.6	159.688
145.7	159.71
145.8	159.732
145.9	159.754
146	159.776
146.1	159.798
146.2	159.82
146.3	159.841
146.4	159.863
146.5	159.885
146.6	159.907
146.7	159.929
146.8	159.951
146.9	159.973
147	159.995
147.1	160.016
147.2	160.038
147.3	160.06
147.4	160.082
147.5	160.104
147.6	160.125
147.7	160.147
147.8	160.169
147.9	160.191
148	160.213
148.1	160.234
148.2	160.256
148.3	160.278
148.4	160.3
148.5	160.321
148.6	160.343
148.7	160.365
148.8	160.386
148.9	160.408
149	160.43
149.1	160.451
149.2	160.473
149.3	160.495
149.4	160.516
149.5	160.538
149.6	160.56
149.7	160.581
149.8	160.603
149.9	160.625
150	160.646
150.1	160.668
150.2	160.689
150.3	160.711
150.4	160.733
150.5	160.754
150.6	160.776
150.7	160.797
150.8	160.819
150.9	160.84
151	160.862
151.1	160.883
151.2	160.905
151.3	160.926
151.4	160.948
151.5	160.969
151.6	160.991
151.7	161.012
151.8	161.034
151.9	161.055
152	161.077
152.1	161.098
152.2	161.12
152.3	161.141
152.4	161.163
152.5	161.184
152.6	161.205
152.7	161.227
152.8	161.248
152.9	161.27
153	161.291
153.1	161.312
153.2	161.334
153.3	161.355
153.4	161.376
153.5	161.398
153.6	161.419
153.7	161.44
153.8	161.462
153.9	161.483
154	161.504
154.1	161.526
154.2	161.547
154.3	161.568
154.4	161.59
154.5	161.611
154.6	161.632
154.7	161.653
154.8	161.675
154.9	161.696
155	161.717
155.1	161.738
155.2	161.759
155.3	161.781
155.4	161.802
155.5	161.823
155.6	161.844
155.7	161.865
155.8	161.887
155.9	161.908
156	161.929
156.1	161.95
156.2	161.971
156.3	161.992
156.4	162.013
156.5	162.035
156.6	162.056
156.7	162.077
156.8	162.098
156.9	162.119
157	162.14
157.1	162.161
157.2	162.182
157.3	162.203
157.4	162.224
157.5	162.245
157.6	162.266
157.7	162.287
157.8	162.308
157.9	162.33
158	162.351
158.1	162.372
158.2	162.393
158.3	162.414
158.4	162.434
158.5	162.455
158.6	162.476
158.7	162.497
158.8	162.518
158.9	162.539
159	162.56
159.1	162.581
159.2	162.602
159.3	162.623
159.4	162.644
159.5	162.665
159.6	162.686
159.7	162.707
159.8	162.728
159.9	162.748
160	162.769
160.1	162.79
160.2	162.811
160.3	162.832
160.4	162.853
160.5	162.873
160.6	162.894
160.7	162.915
160.8	162.936
160.9	162.957
161	162.978
161.1	162.998
161.2	163.019
161.3	163.04
161.4	163.061
161.5	163.081
161.6	163.102
161.7	163.123
161.8	163.144
161.9	163.164
162	163.185
162.1	163.206
162.2	163.227
162.3	163.247
162.4	163.268
162.5	163.289
162.6	163.309
162.7	163.33
162.8	163.351
162.9	163.371
163	163.392
163.1	163.413
163.2	163.433
163.3	163.454
163.4	163.475
163.5	163.495
163.6	163.516
163.7	163.536
163.8	163.557
163.9	163.578
164	163.598
164.1	163.619
164.2	163.639
164.3	163.66
164.4	163.681
164.5	163.701
164.6	163.722
164.7	163.742
164.8	163.763
164.9	163.783
165	163.804
165.1	163.824
165.2	163.845
165.3	163.865
165.4	163.886
165.5	163.906
165.6	163.927
165.7	163.947
165.8	163.968
165.9	163.988
166	164.009
166.1	164.029
166.2	164.05
166.3	164.07
166.4	164.09
166.5	164.111
166.6	164.131
166.7	164.152
166.8	164.172
166.9	164.192
167	164.213
167.1	164.233
167.2	164.254
167.3	164.274
167.4	164.294
167.5	164.315
167.6	164.335
167.7	164.355
167.8	164.376
167.9	164.396
168	164.416
168.1	164.437
168.2	164.457
168.3	164.477
168.4	164.498
168.5	164.518
168.6	164.538
168.7	164.558
168.8	164.579
168.9	164.599
169	164.619
169.1	164.639
169.2	164.66
169.3	164.68
169.4	164.7
169.5	164.72
169.6	164.741
169.7	164.761
169.8	164.781
169.9	164.801
170	164.821
170.1	164.842
170.2	164.862
170.3	164.882
170.4	164.902
170.5	164.922
170.6	164.942
170.7	164.963
170.8	164.983
170.9	165.003
171	165.023
171.1	165.043
171.2	165.063
171.3	165.083
171.4	165.103
171.5	165.123
171.6	165.144
171.7	165.164
171.8	165.184
171.9	165.204
172	165.224
172.1	165.244
172.2	165.264
172.3	165.284
172.4	165.304
172.5	165.324
172.6	165.344
172.7	165.364
172.8	165.384
172.9	165.404
173	165.424
173.1	165.444
173.2	165.464
173.3	165.484
173.4	165.504
173.5	165.524
173.6	165.544
173.7	165.564
173.8	165.584
173.9	165.604
174	165.624
174.1	165.644
174.2	165.664
174.3	165.684
174.4	165.703
174.5	165.723
174.6	165.743
174.7	165.763
174.8	165.783
174.9	165.803
175	165.823
175.1	165.843
175.2	165.862
175.3	165.882
175.4	165.902
175.5	165.922
175.6	165.942
175.7	165.962
175.8	165.981
175.9	166.001
176	166.021
176.1	166.041
176.2	166.061
176.3	166.081
176.4	166.1
176.5	166.12
176.6	166.14
176.7	166.16
176.8	166.179
176.9	166.199
177	166.219
177.1	166.239
177.2	166.258
177.3	166.278
177.4	166.298
177.5	166.318
177.6	166.337
177.7	166.357
177.8	166.377
177.9	166.396
178	166.416
178.1	166.436
178.2	166.455
178.3	166.475
178.4	166.495
178.5	166.514
178.6	166.534
178.7	166.554
178.8	166.573
178.9	166.593
179	166.613
179.1	166.632
179.2	166.652
179.3	166.671
179.4	166.691
179.5	166.711
179.6	166.73
179.7	166.75
179.8	166.769
179.9	166.789
180	166.808
180.1	166.828
180.2	166.848
180.3	166.867
180.4	166.887
180.5	166.906
180.6	166.926
180.7	166.945
180.8	166.965
180.9	166.984
181	167.004
181.1	167.023
181.2	167.043
181.3	167.062
181.4	167.082
181.5	167.101
181.6	167.121
181.7	167.14
181.8	167.16
181.9	167.179
182	167.199
182.1	167.218
182.2	167.237
182.3	167.257
182.4	167.276
182.5	167.296
182.6	167.315
182.7	167.335
182.8	167.354
182.9	167.373
183	167.393
183.1	167.412
183.2	167.431
183.3	167.451
183.4	167.47
183.5	167.49
183.6	167.509
183.7	167.528
183.8	167.548
183.9	167.567
184	167.586
184.1	167.606
184.2	167.625
184.3	167.644
184.4	167.664
184.5	167.683
184.6	167.702
184.7	167.721
184.8	167.741
184.9	167.76
185	167.779
185.1	167.799
185.2	167.818
185.3	167.837
185.4	167.856
185.5	167.876
185.6	167.895
185.7	167.914
185.8	167.933
185.9	167.952
186	167.972
186.1	167.991
186.2	168.01
186.3	168.029
186.4	168.048
186.5	168.068
186.6	168.087
186.7	168.106
186.8	168.125
186.9	168.144
187	168.164
187.1	168.183
187.2	168.202
187.3	168.221
187.4	168.24
187.5	168.259
187.6	168.278
187.7	168.297
187.8	168.317
187.9	168.336
188	168.355
188.1	168.374
188.2	168.393
188.3	168.412
188.4	168.431
188.5	168.45
188.6	168.469
188.7	168.488
188.8	168.507
188.9	168.526
189	168.545
189.1	168.565
189.2	168.584
189.3	168.603
189.4	168.622
189.5	168.641
189.6	168.66
189.7	168.679
189.8	168.698
189.9	168.717
190	168.736
190.1	168.755
190.2	168.774
190.3	168.793
190.4	168.812
190.5	168.831
190.6	168.849
190.7	168.868
190.8	168.887
190.9	168.906
191	168.925
191.1	168.944
191.2	168.963
191.3	168.982
191.4	169.001
191.5	169.02
191.6	169.039
191.7	169.058
191.8	169.077
191.9	169.095
192	169.114
192.1	169.133
192.2	169.152
192.3	169.171
192.4	169.19
192.5	169.209
192.6	169.227
192.7	169.246
192.8	169.265
192.9	169.284
193	169.303
193.1	169.322
193.2	169.34
193.3	169.359
193.4	169.378
193.5	169.397
193.6	169.416
193.7	169.434
193.8	169.453
193.9	169.472
194	169.491
194.1	169.509
194.2	169.528
194.3	169.547
194.4	169.566
194.5	169.585
194.6	169.603
194.7	169.622
194.8	169.641
194.9	169.659
195	169.678
195.1	169.697
195.2	169.716
195.3	169.734
195.4	169.753
195.5	169.772
195.6	169.79
195.7	169.809
195.8	169.828
195.9	169.846
196	169.865
196.1	169.884
196.2	169.902
196.3	169.921
196.4	169.94
196.5	169.958
196.6	169.977
196.7	169.996
196.8	170.014
196.9	170.033
197	170.051
197.1	170.07
197.2	170.089
197.3	170.107
197.4	170.126
197.5	170.144
197.6	170.163
197.7	170.182
197.8	170.2
197.9	170.219
198	170.237
198.1	170.256
198.2	170.274
198.3	170.293
198.4	170.311
198.5	170.33
198.6	170.348
198.7	170.367
198.8	170.385
198.9	170.404
199	170.423
199.1	170.441
199.2	170.46
199.3	170.478
199.4	170.496
199.5	170.515
199.6	170.533
199.7	170.552
199.8	170.57
199.9	170.589
200	170.607
200.1	170.626
200.2	170.644
200.3	170.663
200.4	170.681
200.5	170.699
200.6	170.718
200.7	170.736
200.8	170.755
200.9	170.773
201	170.792
201.1	170.81
201.2	170.828
201.3	170.847
201.4	170.865
201.5	170.884
201.6	170.902
201.7	170.92
201.8	170.939
201.9	170.957
202	170.975
202.1	170.994
202.2	171.012
202.3	171.03
202.4	171.049
202.5	171.067
202.6	171.085
202.7	171.104
202.8	171.122
202.9	171.14
203	171.159
203.1	171.177
203.2	171.195
203.3	171.213
203.4	171.232
203.5	171.25
203.6	171.268
203.7	171.287
203.8	171.305
203.9	171.323
204	171.341
204.1	171.36
204.2	171.378
204.3	171.396
204.4	171.414
204.5	171.432
204.6	171.451
204.7	171.469
204.8	171.487
204.9	171.505
205	171.524
205.1	171.542
205.2	171.56
205.3	171.578
205.4	171.596
205.5	171.614
205.6	171.633
205.7	171.651
205.8	171.669
205.9	171.687
206	171.705
206.1	171.723
206.2	171.742
206.3	171.76
206.4	171.778
206.5	171.796
206.6	171.814
206.7	171.832
206.8	171.85
206.9	171.868
207	171.887
207.1	171.905
207.2	171.923
207.3	171.941
207.4	171.959
207.5	171.977
207.6	171.995
207.7	172.013
207.8	172.031
207.9	172.049
208	172.067
208.1	172.085
208.2	172.103
208.3	172.121
208.4	172.139
208.5	172.158
208.6	172.176
208.7	172.194
208.8	172.212
208.9	172.23
209	172.248
209.1	172.266
209.2	172.284
209.3	172.302
209.4	172.32
209.5	172.338
209.6	172.356
209.7	172.374
209.8	172.391
209.9	172.409
210	172.427
210.1	172.445
210.2	172.463
210.3	172.481
210.4	172.499
210.5	172.517
210.6	172.535
210.7	172.553
210.8	172.571
210.9	172.589
211	172.607
211.1	172.625
211.2	172.643
211.3	172.66
211.4	172.678
211.5	172.696
211.6	172.714
211.7	172.732
211.8	172.75
211.9	172.768
212	172.786
212.1	172.803
212.2	172.821
212.3	172.839
212.4	172.857
212.5	172.875
212.6	172.893
212.7	172.91
212.8	172.928
212.9	172.946
213	172.964
213.1	172.982
213.2	173
213.3	173.017
213.4	173.035
213.5	173.053
213.6	173.071
213.7	173.088
213.8	173.106
213.9	173.124
214	173.142
214.1	173.16
214.2	173.177
214.3	173.195
214.4	173.213
214.5	173.231
214.6	173.248
214.7	173.266
214.8	173.284
214.9	173.302
215	173.319
215.1	173.337
215.2	173.355
215.3	173.372
215.4	173.39
215.5	173.408
215.6	173.425
215.7	173.443
215.8	173.461
215.9	173.479
216	173.496
216.1	173.514
216.2	173.532
216.3	173.549
216.4	173.567
216.5	173.585
216.6	173.602
216.7	173.62
216.8	173.637
216.9	173.655
217	173.673
217.1	173.69
217.2	173.708
217.3	173.726
217.4	173.743
217.5	173.761
217.6	173.778
217.7	173.796
217.8	173.814
217.9	173.831
218	173.849
218.1	173.866
218.2	173.884
218.3	173.901
218.4	173.919
218.5	173.937
218.6	173.954
218.7	173.972
218.8	173.989
218.9	174.007
219	174.024
219.1	174.042
219.2	174.059
219.3	174.077
219.4	174.094
219.5	174.112
219.6	174.129
219.7	174.147
219.8	174.164
219.9	174.182
220	174.199
220.1	174.217
220.2	174.234
220.3	174.252
220.4	174.269
220.5	174.287
220.6	174.304
220.7	174.322
220.8	174.339
220.9	174.357
221	174.374
221.1	174.392
221.2	174.409
221.3	174.427
221.4	174.444
221.5	174.461
221.6	174.479
221.7	174.496
221.8	174.514
221.9	174.531
222	174.548
222.1	174.566
222.2	174.583
222.3	174.601
222.4	174.618
222.5	174.635
222.6	174.653
222.7	174.67
222.8	174.688
222.9	174.705
223	174.722
223.1	174.74
223.2	174.757
223.3	174.774
223.4	174.792
223.5	174.809
223.6	174.826
223.7	174.844
223.8	174.861
223.9	174.878
224	174.896
224.1	174.913
224.2	174.93
224.3	174.948
224.4	174.965
224.5	174.982
224.6	174.999
224.7	175.017
224.8	175.034
224.9	175.051
225	175.069
225.1	175.086
225.2	175.103
225.3	175.12
225.4	175.138
225.5	175.155
225.6	175.172
225.7	175.189
225.8	175.207
225.9	175.224
226	175.241
226.1	175.258
226.2	175.275
226.3	175.293
226.4	175.31
226.5	175.327
226.6	175.344
226.7	175.362
226.8	175.379
226.9	175.396
227	175.413
227.1	175.43
227.2	175.447
227.3	175.465
227.4	175.482
227.5	175.499
227.6	175.516
227.7	175.533
227.8	175.55
227.9	175.568
228	175.585
228.1	175.602
228.2	175.619
228.3	175.636
228.4	175.653
228.5	175.67
228.6	175.687
228.7	175.705
228.8	175.722
228.9	175.739
229	175.756
229.1	175.773
229.2	175.79
229.3	175.807
229.4	175.824
229.5	175.841
229.6	175.858
229.7	175.876
229.8	175.893
229.9	175.91
230	175.927
230.1	175.944
230.2	175.961
230.3	175.978
230.4	175.995
230.5	176.012
230.6	176.029
230.7	176.046
230.8	176.063
230.9	176.08
231	176.097
231.1	176.114
231.2	176.131
231.3	176.148
231.4	176.165
231.5	176.182
231.6	176.199
231.7	176.216
231.8	176.233
231.9	176.25
232	176.267
232.1	176.284
232.2	176.301
232.3	176.318
232.4	176.335
232.5	176.352
232.6	176.369
232.7	176.386
232.8	176.403
232.9	176.42
233	176.437
233.1	176.453
233.2	176.47
233.3	176.487
233.4	176.504
233.5	176.521
233.6	176.538
233.7	176.555
233.8	176.572
233.9	176.589
234	176.606
234.1	176.623
234.2	176.639
234.3	176.656
234.4	176.673
234.5	176.69
234.6	176.707
234.7	176.724
234.8	176.741
234.9	176.758
235	176.774
235.1	176.791
235.2	176.808
235.3	176.825
235.4	176.842
235.5	176.859
235.6	176.875
235.7	176.892
235.8	176.909
235.9	176.926
236	176.943
236.1	176.959
236.2	176.976
236.3	176.993
236.4	177.01
236.5	177.027
236.6	177.043
236.7	177.06
236.8	177.077
236.9	177.094
237	177.111
237.1	177.127
237.2	177.144
237.3	177.161
237.4	177.178
237.5	177.194
237.6	177.211
237.7	177.228
237.8	177.245
237.9	177.261
238	177.278
238.1	177.295
238.2	177.312
238.3	177.328
238.4	177.345
238.5	177.362
238.6	177.378
238.7	177.395
238.8	177.412
238.9	177.428
239	177.445
239.1	177.462
239.2	177.479
239.3	177.495
239.4	177.512
239.5	177.529
239.6	177.545
239.7	177.562
239.8	177.579
239.9	177.595
240	177.612
240.1	177.629
240.2	177.645
240.3	177.662
240.4	177.678
240.5	177.695
240.6	177.712
240.7	177.728
240.8	177.745
240.9	177.762
241	177.778
241.1	177.795
241.2	177.811
241.3	177.828
241.4	177.845
241.5	177.861
241.6	177.878
241.7	177.894
241.8	177.911
241.9	177.927
242	177.944
242.1	177.961
242.2	177.977
242.3	177.994
242.4	178.01
242.5	178.027
242.6	178.043
242.7	178.06
242.8	178.077
242.9	178.093
243	178.11
243.1	178.126
243.2	178.143
243.3	178.159
243.4	178.176
243.5	178.192
243.6	178.209
243.7	178.225
243.8	178.242
243.9	178.258
244	178.275
244.1	178.291
244.2	178.308
244.3	178.324
244.4	178.341
244.5	178.357
244.6	178.374
244.7	178.39
244.8	178.407
244.9	178.423
245	178.439
245.1	178.456
245.2	178.472
245.3	178.489
245.4	178.505
245.5	178.522
245.6	178.538
245.7	178.555
245.8	178.571
245.9	178.587
246	178.604
246.1	178.62
246.2	178.637
246.3	178.653
246.4	178.669
246.5	178.686
246.6	178.702
246.7	178.719
246.8	178.735
246.9	178.751
247	178.768
247.1	178.784
247.2	178.801
247.3	178.817
247.4	178.833
247.5	178.85
247.6	178.866
247.7	178.882
247.8	178.899
247.9	178.915
248	178.931
248.1	178.948
248.2	178.964
248.3	178.98
248.4	178.997
248.5	179.013
248.6	179.029
248.7	179.046
248.8	179.062
248.9	179.078
249	179.095
249.1	179.111
249.2	179.127
249.3	179.144
249.4	179.16
249.5	179.176
249.6	179.192
249.7	179.209
249.8	179.225
249.9	179.241
250	179.258
250.1	179.274
250.2	179.29
250.3	179.306
250.4	179.323
250.5	179.339
250.6	179.355
250.7	179.371
250.8	179.388
250.9	179.404
251	179.42
251.1	179.436
251.2	179.452
251.3	179.469
251.4	179.485
251.5	179.501
251.6	179.517
251.7	179.534
251.8	179.55
251.9	179.566
252	179.582
252.1	179.598
252.2	179.614
252.3	179.631
252.4	179.647
252.5	179.663
252.6	179.679
252.7	179.695
252.8	179.712
252.9	179.728
253	179.744
253.1	179.76
253.2	179.776
253.3	179.792
253.4	179.808
253.5	179.825
253.6	179.841
253.7	179.857
253.8	179.873
253.9	179.889
254	179.905
254.1	179.921
254.2	179.937
254.3	179.954
254.4	179.97
254.5	179.986
254.6	180.002
254.7	180.018
254.8	180.034
254.9	180.05
255	180.066
255.1	180.082
255.2	180.098
255.3	180.114
255.4	180.131
255.5	180.147
255.6	180.163
255.7	180.179
255.8	180.195
255.9	180.211
256	180.227
256.1	180.243
256.2	180.259
256.3	180.275
256.4	180.291
256.5	180.307
256.6	180.323
256.7	180.339
256.8	180.355
256.9	180.371
257	180.387
257.1	180.403
257.2	180.419
257.3	180.435
257.4	180.451
257.5	180.467
257.6	180.483
257.7	180.499
257.8	180.515
257.9	180.531
258	180.547
258.1	180.563
258.2	180.579
258.3	180.595
258.4	180.611
258.5	180.627
258.6	180.643
258.7	180.659
258.8	180.675
258.9	180.691
259	180.707
259.1	180.723
259.2	180.739
259.3	180.755
259.4	180.77
259.5	180.786
259.6	180.802
259.7	180.818
259.8	180.834
259.9	180.85
260	180.866
260.1	180.882
260.2	180.898
260.3	180.914
260.4	180.93
260.5	180.945
260.6	180.961
260.7	180.977
260.8	180.993
260.9	181.009
261	181.025
261.1	181.041
261.2	181.057
261.3	181.072
261.4	181.088
261.5	181.104
261.6	181.12
261.7	181.136
261.8	181.152
261.9	181.168
262	181.183
262.1	181.199
262.2	181.215
262.3	181.231
262.4	181.247
262.5	181.263
262.6	181.278
262.7	181.294
262.8	181.31
262.9	181.326
263	181.342
263.1	181.357
263.2	181.373
263.3	181.389
263.4	181.405
263.5	181.421
263.6	181.436
263.7	181.452
263.8	181.468
263.9	181.484
264	181.499
264.1	181.515
264.2	181.531
264.3	181.547
264.4	181.562
264.5	181.578
264.6	181.594
264.7	181.61
264.8	181.625
264.9	181.641
265	181.657
265.1	181.673
265.2	181.688
265.3	181.704
265.4	181.72
265.5	181.736
265.6	181.751
265.7	181.767
265.8	181.783
265.9	181.798
266	181.814
266.1	181.83
266.2	181.845
266.3	181.861
266.4	181.877
266.5	181.893
266.6	181.908
266.7	181.924
266.8	181.94
266.9	181.955
267	181.971
267.1	181.987
267.2	182.002
267.3	182.018
267.4	182.034
267.5	182.049
267.6	182.065
267.7	182.08
267.8	182.096
267.9	182.112
268	182.127
268.1	182.143
268.2	182.159
268.3	182.174
268.4	182.19
268.5	182.205
268.6	182.221
268.7	182.237
268.8	182.252
268.9	182.268
269	182.284
269.1	182.299
269.2	182.315
269.3	182.33
269.4	182.346
269.5	182.361
269.6	182.377
269.7	182.393
269.8	182.408
269.9	182.424
270	182.439
270.1	182.455
270.2	182.47
270.3	182.486
270.4	182.502
270.5	182.517
270.6	182.533
270.7	182.548
270.8	182.564
270.9	182.579
271	182.595
271.1	182.61
271.2	182.626
271.3	182.641
271.4	182.657
271.5	182.672
271.6	182.688
271.7	182.703
271.8	182.719
271.9	182.734
272	182.75
272.1	182.765
272.2	182.781
272.3	182.796
272.4	182.812
272.5	182.827
272.6	182.843
272.7	182.858
272.8	182.874
272.9	182.889
273	182.905
273.1	182.92
273.2	182.936
273.3	182.951
273.4	182.967
273.5	182.982
273.6	182.997
273.7	183.013
273.8	183.028
273.9	183.044
274	183.059
274.1	183.075
274.2	183.09
274.3	183.106
274.4	183.121
274.5	183.136
274.6	183.152
274.7	183.167
274.8	183.183
274.9	183.198
275	183.213
275.1	183.229
275.2	183.244
275.3	183.26
275.4	183.275
275.5	183.29
275.6	183.306
275.7	183.321
275.8	183.337
275.9	183.352
276	183.367
276.1	183.383
276.2	183.398
276.3	183.413
276.4	183.429
276.5	183.444
276.6	183.459
276.7	183.475
276.8	183.49
276.9	183.505
277	183.521
277.1	183.536
277.2	183.551
277.3	183.567
277.4	183.582
277.5	183.597
277.6	183.613
277.7	183.628
277.8	183.643
277.9	183.659
278	183.674
278.1	183.689
278.2	183.705
278.3	183.72
278.4	183.735
278.5	183.75
278.6	183.766
278.7	183.781
278.8	183.796
278.9	183.812
279	183.827
279.1	183.842
279.2	183.857
279.3	183.873
279.4	183.888
279.5	183.903
279.6	183.918
279.7	183.934
279.8	183.949
279.9	183.964
280	183.979
280.1	183.995
280.2	184.01
280.3	184.025
280.4	184.04
280.5	184.056
280.6	184.071
280.7	184.086
280.8	184.101
280.9	184.117
281	184.132
281.1	184.147
281.2	184.162
281.3	184.177
281.4	184.193
281.5	184.208
281.6	184.223
281.7	184.238
281.8	184.253
281.9	184.268
282	184.284
282.1	184.299
282.2	184.314
282.3	184.329
282.4	184.344
282.5	184.36
282.6	184.375
282.7	184.39
282.8	184.405
282.9	184.42
283	184.435
283.1	184.45
283.2	184.466
283.3	184.481
283.4	184.496
283.5	184.511
283.6	184.526
283.7	184.541
283.8	184.556
283.9	184.572
284	184.587
284.1	184.602
284.2	184.617
284.3	184.632
284.4	184.647
284.5	184.662
284.6	184.677
284.7	184.692
284.8	184.707
284.9	184.723
285	184.738
285.1	184.753
285.2	184.768
285.3	184.783
285.4	184.798
285.5	184.813
285.6	184.828
285.7	184.843
285.8	184.858
285.9	184.873
286	184.888
286.1	184.903
286.2	184.918
286.3	184.934
286.4	184.949
286.5	184.964
286.6	184.979
286.7	184.994
286.8	185.009
286.9	185.024
287	185.039
287.1	185.054
287.2	185.069
287.3	185.084
287.4	185.099
287.5	185.114
287.6	185.129
287.7	185.144
287.8	185.159
287.9	185.174
288	185.189
288.1	185.204
288.2	185.219
288.3	185.234
288.4	185.249
288.5	185.264
288.6	185.279
288.7	185.294
288.8	185.309
288.9	185.324
289	185.339
289.1	185.354
289.2	185.369
289.3	185.384
289.4	185.399
289.5	185.413
289.6	185.428
289.7	185.443
289.8	185.458
289.9	185.473
290	185.488
290.1	185.503
290.2	185.518
290.3	185.533
290.4	185.548
290.5	185.563
290.6	185.578
290.7	185.593
290.8	185.608
290.9	185.622
291	185.637
291.1	185.652
291.2	185.667
291.3	185.682
291.4	185.697
291.5	185.712
291.6	185.727
291.7	185.742
291.8	185.757
291.9	185.771
292	185.786
292.1	185.801
292.2	185.816
292.3	185.831
292.4	185.846
292.5	185.861
292.6	185.876
292.7	185.89
292.8	185.905
292.9	185.92
293	185.935
293.1	185.95
293.2	185.965
293.3	185.979
293.4	185.994
293.5	186.009
293.6	186.024
293.7	186.039
293.8	186.054
293.9	186.068
294	186.083
294.1	186.098
294.2	186.113
294.3	186.128
294.4	186.142
294.5	186.157
294.6	186.172
294.7	186.187
294.8	186.202
294.9	186.216
295	186.231
295.1	186.246
295.2	186.261
295.3	186.276
295.4	186.29
295.5	186.305
295.6	186.32
295.7	186.335
295.8	186.349
295.9	186.364
296	186.379
296.1	186.394
296.2	186.409
296.3	186.423
296.4	186.438
296.5	186.453
296.6	186.467
296.7	186.482
296.8	186.497
296.9	186.512
297	186.526
297.1	186.541
297.2	186.556
297.3	186.571
297.4	186.585
297.5	186.6
297.6	186.615
297.7	186.629
297.8	186.644
297.9	186.659
298	186.674
298.1	186.688
298.2	186.703
298.3	186.718
298.4	186.732
298.5	186.747
298.6	186.762
298.7	186.776
298.8	186.791
298.9	186.806
299	186.82
299.1	186.835
299.2	186.85
299.3	186.864
299.4	186.879
299.5	186.894
299.6	186.908
299.7	186.923
299.8	186.938
299.9	186.952
300	186.967
