W	Pred
1.5	121.491
1.6	120.866
1.7	120.302
1.8	119.791
1.9	119.326
2	118.903
2.1	118.515
2.2	118.159
2.3	117.832
2.4	117.531
2.5	117.253
2.6	116.996
2.7	116.758
2.8	116.537
2.9	116.332
3	116.142
3.1	115.966
3.2	115.802
3.3	115.649
3.4	115.507
3.5	115.375
3.6	115.252
3.7	115.137
3.8	115.031
3.9	114.931
4	114.839
4.1	114.754
4.2	114.674
4.3	114.6
4.4	114.532
4.5	114.469
4.6	114.41
4.7	114.356
4.8	114.307
4.9	114.261
5	114.219
5.1	114.181
5.2	114.147
5.3	114.115
5.4	114.087
5.5	114.062
5.6	114.04
5.7	114.02
5.8	114.003
5.9	113.988
6	113.976
6.1	113.966
6.2	113.958
6.3	113.952
6.4	113.948
6.5	113.946
6.6	113.945
6.7	113.947
6.8	113.95
6.9	113.954
7	113.96
7.1	113.968
7.2	113.977
7.3	113.987
7.4	113.998
7.5	114.011
7.6	114.025
7.7	114.04
7.8	114.056
7.9	114.074
8	114.092
8.1	114.111
8.2	114.131
8.3	114.152
8.4	114.174
8.5	114.197
8.6	114.221
8.7	114.245
8.8	114.27
8.9	114.296
9	114.323
9.1	114.35
9.2	114.378
9.3	114.407
9.4	114.436
9.5	114.466
9.6	114.496
9.7	114.527
9.8	114.558
9.9	114.59
10	114.623
10.1	114.656
10.2	114.689
10.3	114.723
10.4	114.757
10.5	114.792
10.6	114.827
10.7	114.863
10.8	114.899
10.9	114.935
11	114.972
11.1	115.009
11.2	115.046
11.3	115.084
11.4	115.122
11.5	115.16
11.6	115.199
11.7	115.237
11.8	115.277
11.9	115.316
12	115.356
12.1	115.396
12.2	115.436
12.3	115.476
12.4	115.517
12.5	115.558
12.6	115.599
12.7	115.64
12.8	115.682
12.9	115.724
13	115.765
13.1	115.808
13.2	115.85
13.3	115.892
13.4	115.935
13.5	115.978
13.6	116.021
13.7	116.064
13.8	116.107
13.9	116.15
14	116.194
14.1	116.238
14.2	116.281
14.3	116.325
14.4	116.369
14.5	116.413
14.6	116.458
14.7	116.502
14.8	116.547
14.9	116.591
15	116.636
15.1	116.681
15.2	116.725
15.3	116.77
15.4	116.815
15.5	116.861
15.6	116.906
15.7	116.951
15.8	116.996
15.9	117.042
16	117.087
16.1	117.133
16.2	117.179
16.3	117.224
16.4	117.27
16.5	117.316
16.6	117.362
16.7	117.408
16.8	117.454
16.9	117.5
17	117.546
17.1	117.592
17.2	117.638
17.3	117.684
17.4	117.73
17.5	117.777
17.6	117.823
17.7	117.869
17.8	117.916
17.9	117.962
18	118.009
18.1	118.055
18.2	118.101
18.3	118.148
18.4	118.195
18.5	118.241
18.6	118.288
18.7	118.334
18.8	118.381
18.9	118.427
19	118.474
19.1	118.521
19.2	118.567
19.3	118.614
19.4	118.661
19.5	118.708
19.6	118.754
19.7	118.801
19.8	118.848
19.9	118.894
20	118.941
20.1	118.988
20.2	119.035
20.3	119.081
20.4	119.128
20.5	119.175
20.6	119.222
20.7	119.268
20.8	119.315
20.9	119.362
21	119.409
21.1	119.455
21.2	119.502
21.3	119.549
21.4	119.595
21.5	119.642
21.6	119.689
21.7	119.736
21.8	119.782
21.9	119.829
22	119.876
22.1	119.922
22.2	119.969
22.3	120.015
22.4	120.062
22.5	120.109
22.6	120.155
22.7	120.202
22.8	120.248
22.9	120.295
23	120.341
23.1	120.388
23.2	120.434
23.3	120.481
23.4	120.527
23.5	120.574
23.6	120.62
23.7	120.666
23.8	120.713
23.9	120.759
24	120.806
24.1	120.852
24.2	120.898
24.3	120.944
24.4	120.991
24.5	121.037
24.6	121.083
24.7	121.129
24.8	121.175
24.9	121.222
25	121.268
25.1	121.314
25.2	121.36
25.3	121.406
25.4	121.452
25.5	121.498
25.6	121.544
25.7	121.59
25.8	121.636
25.9	121.681
26	121.727
26.1	121.773
26.2	121.819
26.3	121.865
26.4	121.91
26.5	121.956
26.6	122.002
26.7	122.048
26.8	122.093
26.9	122.139
27	122.184
27.1	122.23
27.2	122.275
27.3	122.321
27.4	122.366
27.5	122.412
27.6	122.457
27.7	122.503
27.8	122.548
27.9	122.593
28	122.639
28.1	122.684
28.2	122.729
28.3	122.774
28.4	122.819
28.5	122.865
28.6	122.91
28.7	122.955
28.8	123
28.9	123.045
29	123.09
29.1	123.135
29.2	123.18
29.3	123.225
29.4	123.269
29.5	123.314
29.6	123.359
29.7	123.404
29.8	123.448
29.9	123.493
30	123.538
30.1	123.582
30.2	123.627
30.3	123.672
30.4	123.716
30.5	123.761
30.6	123.805
30.7	123.85
30.8	123.894
30.9	123.938
31	123.983
31.1	124.027
31.2	124.071
31.3	124.115
31.4	124.16
31.5	124.204
31.6	124.248
31.7	124.292
31.8	124.336
31.9	124.38
32	124.424
32.1	124.468
32.2	124.512
32.3	124.556
32.4	124.6
32.5	124.644
32.6	124.688
32.7	124.731
32.8	124.775
32.9	124.819
33	124.863
33.1	124.906
33.2	124.95
33.3	124.993
33.4	125.037
33.5	125.08
33.6	125.124
33.7	125.167
33.8	125.211
33.9	125.254
34	125.297
34.1	125.341
34.2	125.384
34.3	125.427
34.4	125.47
34.5	125.514
34.6	125.557
34.7	125.6
34.8	125.643
34.9	125.686
35	125.729
35.1	125.772
35.2	125.815
35.3	125.858
35.4	125.901
35.5	125.943
35.6	125.986
35.7	126.029
35.8	126.072
35.9	126.115
36	126.157
36.1	126.2
36.2	126.242
36.3	126.285
36.4	126.328
36.5	126.37
36.6	126.412
36.7	126.455
36.8	126.497
36.9	126.54
37	126.582
37.1	126.624
37.2	126.667
37.3	126.709
37.4	126.751
37.5	126.793
37.6	126.835
37.7	126.877
37.8	126.92
37.9	126.962
38	127.004
38.1	127.046
38.2	127.087
38.3	127.129
38.4	127.171
38.5	127.213
38.6	127.255
38.7	127.297
38.8	127.338
38.9	127.38
39	127.422
39.1	127.463
39.2	127.505
39.3	127.547
39.4	127.588
39.5	127.63
39.6	127.671
39.7	127.713
39.8	127.754
39.9	127.795
40	127.837
40.1	127.878
40.2	127.919
40.3	127.961
40.4	128.002
40.5	128.043
40.6	128.084
40.7	128.125
40.8	128.166
40.9	128.207
41	128.248
41.1	128.289
41.2	128.33
41.3	128.371
41.4	128.412
41.5	128.453
41.6	128.494
41.7	128.535
41.8	128.575
41.9	128.616
42	128.657
42.1	128.697
42.2	128.738
42.3	128.779
42.4	128.819
42.5	128.86
42.6	128.9
42.7	128.941
42.8	128.981
42.9	129.022
43	129.062
43.1	129.102
43.2	129.143
43.3	129.183
43.4	129.223
43.5	129.264
43.6	129.304
43.7	129.344
43.8	129.384
43.9	129.424
44	129.464
44.1	129.504
44.2	129.544
44.3	129.584
44.4	129.624
44.5	129.664
44.6	129.704
44.7	129.744
44.8	129.784
44.9	129.823
45	129.863
45.1	129.903
45.2	129.943
45.3	129.982
45.4	130.022
45.5	130.062
45.6	130.101
45.7	130.141
45.8	130.18
45.9	130.22
46	130.259
46.1	130.299
46.2	130.338
46.3	130.377
46.4	130.417
46.5	130.456
46.6	130.495
46.7	130.535
46.8	130.574
46.9	130.613
47	130.652
47.1	130.691
47.2	130.73
47.3	130.77
47.4	130.809
47.5	130.848
47.6	130.887
47.7	130.926
47.8	130.964
47.9	131.003
48	131.042
48.1	131.081
48.2	131.12
48.3	131.159
48.4	131.197
48.5	131.236
48.6	131.275
48.7	131.313
48.8	131.352
48.9	131.391
49	131.429
49.1	131.468
49.2	131.506
49.3	131.545
49.4	131.583
49.5	131.622
49.6	131.66
49.7	131.699
49.8	131.737
49.9	131.775
50	131.813
50.1	131.852
50.2	131.89
50.3	131.928
50.4	131.966
50.5	132.004
50.6	132.043
50.7	132.081
50.8	132.119
50.9	132.157
51	132.195
51.1	132.233
51.2	132.271
51.3	132.309
51.4	132.347
51.5	132.384
51.6	132.422
51.7	132.46
51.8	132.498
51.9	132.536
52	132.573
52.1	132.611
52.2	132.649
52.3	132.686
52.4	132.724
52.5	132.762
52.6	132.799
52.7	132.837
52.8	132.874
52.9	132.912
53	132.949
53.1	132.987
53.2	133.024
53.3	133.061
53.4	133.099
53.5	133.136
53.6	133.173
53.7	133.211
53.8	133.248
53.9	133.285
54	133.322
54.1	133.359
54.2	133.397
54.3	133.434
54.4	133.471
54.5	133.508
54.6	133.545
54.7	133.582
54.8	133.619
54.9	133.656
55	133.693
55.1	133.73
55.2	133.766
55.3	133.803
55.4	133.84
55.5	133.877
55.6	133.914
55.7	133.95
55.8	133.987
55.9	134.024
56	134.06
56.1	134.097
56.2	134.134
56.3	134.17
56.4	134.207
56.5	134.243
56.6	134.28
56.7	134.316
56.8	134.353
56.9	134.389
57	134.426
57.1	134.462
57.2	134.498
57.3	134.535
57.4	134.571
57.5	134.607
57.6	134.644
57.7	134.68
57.8	134.716
57.9	134.752
58	134.788
58.1	134.824
58.2	134.861
58.3	134.897
58.4	134.933
58.5	134.969
58.6	135.005
58.7	135.041
58.8	135.077
58.9	135.113
59	135.149
59.1	135.184
59.2	135.22
59.3	135.256
59.4	135.292
59.5	135.328
59.6	135.363
59.7	135.399
59.8	135.435
59.9	135.471
60	135.506
60.1	135.542
60.2	135.577
60.3	135.613
60.4	135.649
60.5	135.684
60.6	135.72
60.7	135.755
60.8	135.791
60.9	135.826
61	135.862
61.1	135.897
61.2	135.932
61.3	135.968
61.4	136.003
61.5	136.038
61.6	136.074
61.7	136.109
61.8	136.144
61.9	136.179
62	136.214
62.1	136.25
62.2	136.285
62.3	136.32
62.4	136.355
62.5	136.39
62.6	136.425
62.7	136.46
62.8	136.495
62.9	136.53
63	136.565
63.1	136.6
63.2	136.635
63.3	136.67
63.4	136.705
63.5	136.739
63.6	136.774
63.7	136.809
63.8	136.844
63.9	136.879
64	136.913
64.1	136.948
64.2	136.983
64.3	137.017
64.4	137.052
64.5	137.087
64.6	137.121
64.7	137.156
64.8	137.19
64.9	137.225
65	137.259
65.1	137.294
65.2	137.328
65.3	137.363
65.4	137.397
65.5	137.431
65.6	137.466
65.7	137.5
65.8	137.534
65.9	137.569
66	137.603
66.1	137.637
66.2	137.671
66.3	137.706
66.4	137.74
66.5	137.774
66.6	137.808
66.7	137.842
66.8	137.876
66.9	137.91
67	137.944
67.1	137.979
67.2	138.013
67.3	138.047
67.4	138.08
67.5	138.114
67.6	138.148
67.7	138.182
67.8	138.216
67.9	138.25
68	138.284
68.1	138.318
68.2	138.351
68.3	138.385
68.4	138.419
68.5	138.453
68.6	138.486
68.7	138.52
68.8	138.554
68.9	138.587
69	138.621
69.1	138.655
69.2	138.688
69.3	138.722
69.4	138.755
69.5	138.789
69.6	138.822
69.7	138.856
69.8	138.889
69.9	138.923
70	138.956
70.1	138.99
70.2	139.023
70.3	139.056
70.4	139.09
70.5	139.123
70.6	139.156
70.7	139.19
70.8	139.223
70.9	139.256
71	139.289
71.1	139.322
71.2	139.356
71.3	139.389
71.4	139.422
71.5	139.455
71.6	139.488
71.7	139.521
71.8	139.554
71.9	139.587
72	139.62
72.1	139.653
72.2	139.686
72.3	139.719
72.4	139.752
72.5	139.785
72.6	139.818
72.7	139.851
72.8	139.884
72.9	139.916
73	139.949
73.1	139.982
73.2	140.015
73.3	140.048
73.4	140.08
73.5	140.113
73.6	140.146
73.7	140.178
73.8	140.211
73.9	140.244
74	140.276
74.1	140.309
74.2	140.341
74.3	140.374
74.4	140.407
74.5	140.439
74.6	140.472
74.7	140.504
74.8	140.537
74.9	140.569
75	140.601
75.1	140.634
75.2	140.666
75.3	140.699
75.4	140.731
75.5	140.763
75.6	140.796
75.7	140.828
75.8	140.86
75.9	140.892
76	140.925
76.1	140.957
76.2	140.989
76.3	141.021
76.4	141.053
76.5	141.085
76.6	141.118
76.7	141.15
76.8	141.182
76.9	141.214
77	141.246
77.1	141.278
77.2	141.31
77.3	141.342
77.4	141.374
77.5	141.406
77.6	141.438
77.7	141.47
77.8	141.501
77.9	141.533
78	141.565
78.1	141.597
78.2	141.629
78.3	141.661
78.4	141.692
78.5	141.724
78.6	141.756
78.7	141.788
78.8	141.819
78.9	141.851
79	141.883
79.1	141.914
79.2	141.946
79.3	141.978
79.4	142.009
79.5	142.041
79.6	142.072
79.7	142.104
79.8	142.136
79.9	142.167
80	142.199
80.1	142.23
80.2	142.261
80.3	142.293
80.4	142.324
80.5	142.356
80.6	142.387
80.7	142.418
80.8	142.45
80.9	142.481
81	142.512
81.1	142.544
81.2	142.575
81.3	142.606
81.4	142.638
81.5	142.669
81.6	142.7
81.7	142.731
81.8	142.762
81.9	142.794
82	142.825
82.1	142.856
82.2	142.887
82.3	142.918
82.4	142.949
82.5	142.98
82.6	143.011
82.7	143.042
82.8	143.073
82.9	143.104
83	143.135
83.1	143.166
83.2	143.197
83.3	143.228
83.4	143.259
83.5	143.29
83.6	143.321
83.7	143.351
83.8	143.382
83.9	143.413
84	143.444
84.1	143.475
84.2	143.505
84.3	143.536
84.4	143.567
84.5	143.598
84.6	143.628
84.7	143.659
84.8	143.69
84.9	143.72
85	143.751
85.1	143.782
85.2	143.812
85.3	143.843
85.4	143.873
85.5	143.904
85.6	143.934
85.7	143.965
85.8	143.995
85.9	144.026
86	144.056
86.1	144.087
86.2	144.117
86.3	144.148
86.4	144.178
86.5	144.208
86.6	144.239
86.7	144.269
86.8	144.299
86.9	144.33
87	144.36
87.1	144.39
87.2	144.421
87.3	144.451
87.4	144.481
87.5	144.511
87.6	144.542
87.7	144.572
87.8	144.602
87.9	144.632
88	144.662
88.1	144.692
88.2	144.722
88.3	144.753
88.4	144.783
88.5	144.813
88.6	144.843
88.7	144.873
88.8	144.903
88.9	144.933
89	144.963
89.1	144.993
89.2	145.023
89.3	145.053
89.4	145.083
89.5	145.112
89.6	145.142
89.7	145.172
89.8	145.202
89.9	145.232
90	145.262
90.1	145.292
90.2	145.321
90.3	145.351
90.4	145.381
90.5	145.411
90.6	145.44
90.7	145.47
90.8	145.5
90.9	145.529
91	145.559
91.1	145.589
91.2	145.618
91.3	145.648
91.4	145.678
91.5	145.707
91.6	145.737
91.7	145.766
91.8	145.796
91.9	145.826
92	145.855
92.1	145.885
92.2	145.914
92.3	145.943
92.4	145.973
92.5	146.002
92.6	146.032
92.7	146.061
92.8	146.091
92.9	146.12
93	146.149
93.1	146.179
93.2	146.208
93.3	146.237
93.4	146.267
93.5	146.296
93.6	146.325
93.7	146.355
93.8	146.384
93.9	146.413
94	146.442
94.1	146.471
94.2	146.501
94.3	146.53
94.4	146.559
94.5	146.588
94.6	146.617
94.7	146.646
94.8	146.675
94.9	146.705
95	146.734
95.1	146.763
95.2	146.792
95.3	146.821
95.4	146.85
95.5	146.879
95.6	146.908
95.7	146.937
95.8	146.966
95.9	146.995
96	147.024
96.1	147.052
96.2	147.081
96.3	147.11
96.4	147.139
96.5	147.168
96.6	147.197
96.7	147.226
96.8	147.254
96.9	147.283
97	147.312
97.1	147.341
97.2	147.37
97.3	147.398
97.4	147.427
97.5	147.456
97.6	147.484
97.7	147.513
97.8	147.542
97.9	147.57
98	147.599
98.1	147.628
98.2	147.656
98.3	147.685
98.4	147.714
98.5	147.742
98.6	147.771
98.7	147.799
98.8	147.828
98.9	147.856
99	147.885
99.1	147.913
99.2	147.942
99.3	147.97
99.4	147.999
99.5	148.027
99.6	148.056
99.7	148.084
99.8	148.112
99.9	148.141
100	148.169
100.1	148.197
100.2	148.226
100.3	148.254
100.4	148.282
100.5	148.311
100.6	148.339
100.7	148.367
100.8	148.396
100.9	148.424
101	148.452
101.1	148.48
101.2	148.508
101.3	148.537
101.4	148.565
101.5	148.593
101.6	148.621
101.7	148.649
101.8	148.677
101.9	148.705
102	148.734
102.1	148.762
102.2	148.79
102.3	148.818
102.4	148.846
102.5	148.874
102.6	148.902
102.7	148.93
102.8	148.958
102.9	148.986
103	149.014
103.1	149.042
103.2	149.07
103.3	149.098
103.4	149.126
103.5	149.153
103.6	149.181
103.7	149.209
103.8	149.237
103.9	149.265
104	149.293
104.1	149.321
104.2	149.348
104.3	149.376
104.4	149.404
104.5	149.432
104.6	149.459
104.7	149.487
104.8	149.515
104.9	149.543
105	149.57
105.1	149.598
105.2	149.626
105.3	149.653
105.4	149.681
105.5	149.709
105.6	149.736
105.7	149.764
105.8	149.792
105.9	149.819
106	149.847
106.1	149.874
106.2	149.902
106.3	149.929
106.4	149.957
106.5	149.984
106.6	150.012
106.7	150.039
106.8	150.067
106.9	150.094
107	150.122
107.1	150.149
107.2	150.177
107.3	150.204
107.4	150.231
107.5	150.259
107.6	150.286
107.7	150.314
107.8	150.341
107.9	150.368
108	150.396
108.1	150.423
108.2	150.45
108.3	150.477
108.4	150.505
108.5	150.532
108.6	150.559
108.7	150.586
108.8	150.614
108.9	150.641
109	150.668
109.1	150.695
109.2	150.722
109.3	150.75
109.4	150.777
109.5	150.804
109.6	150.831
109.7	150.858
109.8	150.885
109.9	150.912
110	150.939
110.1	150.966
110.2	150.994
110.3	151.021
110.4	151.048
110.5	151.075
110.6	151.102
110.7	151.129
110.8	151.156
110.9	151.183
111	151.21
111.1	151.236
111.2	151.263
111.3	151.29
111.4	151.317
111.5	151.344
111.6	151.371
111.7	151.398
111.8	151.425
111.9	151.452
112	151.478
112.1	151.505
112.2	151.532
112.3	151.559
112.4	151.586
112.5	151.612
112.6	151.639
112.7	151.666
112.8	151.693
112.9	151.719
113	151.746
113.1	151.773
113.2	151.8
113.3	151.826
113.4	151.853
113.5	151.88
113.6	151.906
113.7	151.933
113.8	151.96
113.9	151.986
114	152.013
114.1	152.039
114.2	152.066
114.3	152.093
114.4	152.119
114.5	152.146
114.6	152.172
114.7	152.199
114.8	152.225
114.9	152.252
115	152.278
115.1	152.305
115.2	152.331
115.3	152.358
115.4	152.384
115.5	152.41
115.6	152.437
115.7	152.463
115.8	152.49
115.9	152.516
116	152.542
116.1	152.569
116.2	152.595
116.3	152.621
116.4	152.648
116.5	152.674
116.6	152.7
116.7	152.727
116.8	152.753
116.9	152.779
117	152.806
117.1	152.832
117.2	152.858
117.3	152.884
117.4	152.911
117.5	152.937
117.6	152.963
117.7	152.989
117.8	153.015
117.9	153.041
118	153.068
118.1	153.094
118.2	153.12
118.3	153.146
118.4	153.172
118.5	153.198
118.6	153.224
118.7	153.25
118.8	153.276
118.9	153.302
119	153.328
119.1	153.355
119.2	153.381
119.3	153.407
119.4	153.433
119.5	153.459
119.6	153.484
119.7	153.51
119.8	153.536
119.9	153.562
120	153.588
120.1	153.614
120.2	153.64
120.3	153.666
120.4	153.692
120.5	153.718
120.6	153.744
120.7	153.77
120.8	153.795
120.9	153.821
121	153.847
121.1	153.873
121.2	153.899
121.3	153.924
121.4	153.95
121.5	153.976
121.6	154.002
121.7	154.027
121.8	154.053
121.9	154.079
122	154.105
122.1	154.13
122.2	154.156
122.3	154.182
122.4	154.207
122.5	154.233
122.6	154.259
122.7	154.284
122.8	154.31
122.9	154.336
123	154.361
123.1	154.387
123.2	154.412
123.3	154.438
123.4	154.464
123.5	154.489
123.6	154.515
123.7	154.54
123.8	154.566
123.9	154.591
124	154.617
124.1	154.642
124.2	154.668
124.3	154.693
124.4	154.719
124.5	154.744
124.6	154.77
124.7	154.795
124.8	154.82
124.9	154.846
125	154.871
125.1	154.897
125.2	154.922
125.3	154.947
125.4	154.973
125.5	154.998
125.6	155.023
125.7	155.049
125.8	155.074
125.9	155.099
126	155.125
126.1	155.15
126.2	155.175
126.3	155.201
126.4	155.226
126.5	155.251
126.6	155.276
126.7	155.302
126.8	155.327
126.9	155.352
127	155.377
127.1	155.402
127.2	155.428
127.3	155.453
127.4	155.478
127.5	155.503
127.6	155.528
127.7	155.553
127.8	155.578
127.9	155.604
128	155.629
128.1	155.654
128.2	155.679
128.3	155.704
128.4	155.729
128.5	155.754
128.6	155.779
128.7	155.804
128.8	155.829
128.9	155.854
129	155.879
129.1	155.904
129.2	155.929
129.3	155.954
129.4	155.979
129.5	156.004
129.6	156.029
129.7	156.054
129.8	156.079
129.9	156.104
130	156.129
130.1	156.154
130.2	156.178
130.3	156.203
130.4	156.228
130.5	156.253
130.6	156.278
130.7	156.303
130.8	156.327
130.9	156.352
131	156.377
131.1	156.402
131.2	156.427
131.3	156.451
131.4	156.476
131.5	156.501
131.6	156.526
131.7	156.55
131.8	156.575
131.9	156.6
132	156.625
132.1	156.649
132.2	156.674
132.3	156.699
132.4	156.723
132.5	156.748
132.6	156.773
132.7	156.797
132.8	156.822
132.9	156.847
133	156.871
133.1	156.896
133.2	156.92
133.3	156.945
133.4	156.97
133.5	156.994
133.6	157.019
133.7	157.043
133.8	157.068
133.9	157.092
134	157.117
134.1	157.141
134.2	157.166
134.3	157.19
134.4	157.215
134.5	157.239
134.6	157.264
134.7	157.288
134.8	157.313
134.9	157.337
135	157.362
135.1	157.386
135.2	157.41
135.3	157.435
135.4	157.459
135.5	157.484
135.6	157.508
135.7	157.532
135.8	157.557
135.9	157.581
136	157.605
136.1	157.63
136.2	157.654
136.3	157.678
136.4	157.703
136.5	157.727
136.6	157.751
136.7	157.775
136.8	157.8
136.9	157.824
137	157.848
137.1	157.872
137.2	157.897
137.3	157.921
137.4	157.945
137.5	157.969
137.6	157.993
137.7	158.018
137.8	158.042
137.9	158.066
138	158.09
138.1	158.114
138.2	158.138
138.3	158.162
138.4	158.187
138.5	158.211
138.6	158.235
138.7	158.259
138.8	158.283
138.9	158.307
139	158.331
139.1	158.355
139.2	158.379
139.3	158.403
139.4	158.427
139.5	158.451
139.6	158.475
139.7	158.499
139.8	158.523
139.9	158.547
140	158.571
140.1	158.595
140.2	158.619
140.3	158.643
140.4	158.667
140.5	158.691
140.6	158.715
140.7	158.739
140.8	158.763
140.9	158.787
141	158.811
141.1	158.834
141.2	158.858
141.3	158.882
141.4	158.906
141.5	158.93
141.6	158.954
141.7	158.977
141.8	159.001
141.9	159.025
142	159.049
142.1	159.073
142.2	159.096
142.3	159.12
142.4	159.144
142.5	159.168
142.6	159.192
142.7	159.215
142.8	159.239
142.9	159.263
143	159.286
143.1	159.31
143.2	159.334
143.3	159.358
143.4	159.381
143.5	159.405
143.6	159.429
143.7	159.452
143.8	159.476
143.9	159.499
144	159.523
144.1	159.547
144.2	159.57
144.3	159.594
144.4	159.618
144.5	159.641
144.6	159.665
144.7	159.688
144.8	159.712
144.9	159.735
145	159.759
145.1	159.782
145.2	159.806
145.3	159.829
145.4	159.853
145.5	159.876
145.6	159.9
145.7	159.923
145.8	159.947
145.9	159.97
146	159.994
146.1	160.017
146.2	160.041
146.3	160.064
146.4	160.088
146.5	160.111
146.6	160.134
146.7	160.158
146.8	160.181
146.9	160.205
147	160.228
147.1	160.251
147.2	160.275
147.3	160.298
147.4	160.321
147.5	160.345
147.6	160.368
147.7	160.391
147.8	160.415
147.9	160.438
148	160.461
148.1	160.485
148.2	160.508
148.3	160.531
148.4	160.554
148.5	160.578
148.6	160.601
148.7	160.624
148.8	160.647
148.9	160.671
149	160.694
149.1	160.717
149.2	160.74
149.3	160.763
149.4	160.787
149.5	160.81
149.6	160.833
149.7	160.856
149.8	160.879
149.9	160.902
150	160.925
150.1	160.949
150.2	160.972
150.3	160.995
150.4	161.018
150.5	161.041
150.6	161.064
150.7	161.087
150.8	161.11
150.9	161.133
151	161.156
151.1	161.179
151.2	161.202
151.3	161.225
151.4	161.248
151.5	161.271
151.6	161.294
151.7	161.317
151.8	161.34
151.9	161.363
152	161.386
152.1	161.409
152.2	161.432
152.3	161.455
152.4	161.478
152.5	161.501
152.6	161.524
152.7	161.547
152.8	161.57
152.9	161.593
153	161.616
153.1	161.639
153.2	161.661
153.3	161.684
153.4	161.707
153.5	161.73
153.6	161.753
153.7	161.776
153.8	161.799
153.9	161.821
154	161.844
154.1	161.867
154.2	161.89
154.3	161.913
154.4	161.935
154.5	161.958
154.6	161.981
154.7	162.004
154.8	162.026
154.9	162.049
155	162.072
155.1	162.095
155.2	162.117
155.3	162.14
155.4	162.163
155.5	162.186
155.6	162.208
155.7	162.231
155.8	162.254
155.9	162.276
156	162.299
156.1	162.322
156.2	162.344
156.3	162.367
156.4	162.389
156.5	162.412
156.6	162.435
156.7	162.457
156.8	162.48
156.9	162.503
157	162.525
157.1	162.548
157.2	162.57
157.3	162.593
157.4	162.615
157.5	162.638
157.6	162.66
157.7	162.683
157.8	162.706
157.9	162.728
158	162.751
158.1	162.773
158.2	162.796
158.3	162.818
158.4	162.84
158.5	162.863
158.6	162.885
158.7	162.908
158.8	162.93
158.9	162.953
159	162.975
159.1	162.998
159.2	163.02
159.3	163.042
159.4	163.065
159.5	163.087
159.6	163.11
159.7	163.132
159.8	163.154
159.9	163.177
160	163.199
160.1	163.222
160.2	163.244
160.3	163.266
160.4	163.289
160.5	163.311
160.6	163.333
160.7	163.355
160.8	163.378
160.9	163.4
161	163.422
161.1	163.445
161.2	163.467
161.3	163.489
161.4	163.511
161.5	163.534
161.6	163.556
161.7	163.578
161.8	163.6
161.9	163.623
162	163.645
162.1	163.667
162.2	163.689
162.3	163.711
162.4	163.734
162.5	163.756
162.6	163.778
162.7	163.8
162.8	163.822
162.9	163.844
163	163.867
163.1	163.889
163.2	163.911
163.3	163.933
163.4	163.955
163.5	163.977
163.6	163.999
163.7	164.021
163.8	164.043
163.9	164.066
164	164.088
164.1	164.11
164.2	164.132
164.3	164.154
164.4	164.176
164.5	164.198
164.6	164.22
164.7	164.242
164.8	164.264
164.9	164.286
165	164.308
165.1	164.33
165.2	164.352
165.3	164.374
165.4	164.396
165.5	164.418
165.6	164.44
165.7	164.462
165.8	164.484
165.9	164.506
166	164.528
166.1	164.55
166.2	164.571
166.3	164.593
166.4	164.615
166.5	164.637
166.6	164.659
166.7	164.681
166.8	164.703
166.9	164.725
167	164.747
167.1	164.768
167.2	164.79
167.3	164.812
167.4	164.834
167.5	164.856
167.6	164.878
167.7	164.899
167.8	164.921
167.9	164.943
168	164.965
168.1	164.987
168.2	165.008
168.3	165.03
168.4	165.052
168.5	165.074
168.6	165.095
168.7	165.117
168.8	165.139
168.9	165.161
169	165.182
169.1	165.204
169.2	165.226
169.3	165.247
169.4	165.269
169.5	165.291
169.6	165.312
169.7	165.334
169.8	165.356
169.9	165.377
170	165.399
170.1	165.421
170.2	165.442
170.3	165.464
170.4	165.486
170.5	165.507
170.6	165.529
170.7	165.551
170.8	165.572
170.9	165.594
171	165.615
171.1	165.637
171.2	165.658
171.3	165.68
171.4	165.702
171.5	165.723
171.6	165.745
171.7	165.766
171.8	165.788
171.9	165.809
172	165.831
172.1	165.852
172.2	165.874
172.3	165.895
172.4	165.917
172.5	165.938
172.6	165.96
172.7	165.981
172.8	166.003
172.9	166.024
173	166.046
173.1	166.067
173.2	166.089
173.3	166.11
173.4	166.131
173.5	166.153
173.6	166.174
173.7	166.196
173.8	166.217
173.9	166.238
174	166.26
174.1	166.281
174.2	166.303
174.3	166.324
174.4	166.345
174.5	166.367
174.6	166.388
174.7	166.409
174.8	166.431
174.9	166.452
175	166.473
175.1	166.495
175.2	166.516
175.3	166.537
175.4	166.559
175.5	166.58
175.6	166.601
175.7	166.622
175.8	166.644
175.9	166.665
176	166.686
176.1	166.707
176.2	166.729
176.3	166.75
176.4	166.771
176.5	166.792
176.6	166.814
176.7	166.835
176.8	166.856
176.9	166.877
177	166.898
177.1	166.92
177.2	166.941
177.3	166.962
177.4	166.983
177.5	167.004
177.6	167.025
177.7	167.047
177.8	167.068
177.9	167.089
178	167.11
178.1	167.131
178.2	167.152
178.3	167.173
178.4	167.194
178.5	167.216
178.6	167.237
178.7	167.258
178.8	167.279
178.9	167.3
179	167.321
179.1	167.342
179.2	167.363
179.3	167.384
179.4	167.405
179.5	167.426
179.6	167.447
179.7	167.468
179.8	167.489
179.9	167.51
180	167.531
180.1	167.552
180.2	167.573
180.3	167.594
180.4	167.615
180.5	167.636
180.6	167.657
180.7	167.678
180.8	167.699
180.9	167.72
181	167.741
181.1	167.762
181.2	167.783
181.3	167.804
181.4	167.825
181.5	167.846
181.6	167.867
181.7	167.887
181.8	167.908
181.9	167.929
182	167.95
182.1	167.971
182.2	167.992
182.3	168.013
182.4	168.034
182.5	168.054
182.6	168.075
182.7	168.096
182.8	168.117
182.9	168.138
183	168.159
183.1	168.179
183.2	168.2
183.3	168.221
183.4	168.242
183.5	168.263
183.6	168.283
183.7	168.304
183.8	168.325
183.9	168.346
184	168.366
184.1	168.387
184.2	168.408
184.3	168.429
184.4	168.449
184.5	168.47
184.6	168.491
184.7	168.512
184.8	168.532
184.9	168.553
185	168.574
185.1	168.594
185.2	168.615
185.3	168.636
185.4	168.656
185.5	168.677
185.6	168.698
185.7	168.718
185.8	168.739
185.9	168.76
186	168.78
186.1	168.801
186.2	168.822
186.3	168.842
186.4	168.863
186.5	168.883
186.6	168.904
186.7	168.925
186.8	168.945
186.9	168.966
187	168.986
187.1	169.007
187.2	169.027
187.3	169.048
187.4	169.069
187.5	169.089
187.6	169.11
187.7	169.13
187.8	169.151
187.9	169.171
188	169.192
188.1	169.212
188.2	169.233
188.3	169.253
188.4	169.274
188.5	169.294
188.6	169.315
188.7	169.335
188.8	169.356
188.9	169.376
189	169.397
189.1	169.417
189.2	169.438
189.3	169.458
189.4	169.478
189.5	169.499
189.6	169.519
189.7	169.54
189.8	169.56
189.9	169.581
190	169.601
190.1	169.621
190.2	169.642
190.3	169.662
190.4	169.682
190.5	169.703
190.6	169.723
190.7	169.744
190.8	169.764
190.9	169.784
191	169.805
191.1	169.825
191.2	169.845
191.3	169.866
191.4	169.886
191.5	169.906
191.6	169.927
191.7	169.947
191.8	169.967
191.9	169.987
192	170.008
192.1	170.028
192.2	170.048
192.3	170.069
192.4	170.089
192.5	170.109
192.6	170.129
192.7	170.15
192.8	170.17
192.9	170.19
193	170.21
193.1	170.231
193.2	170.251
193.3	170.271
193.4	170.291
193.5	170.311
193.6	170.332
193.7	170.352
193.8	170.372
193.9	170.392
194	170.412
194.1	170.432
194.2	170.453
194.3	170.473
194.4	170.493
194.5	170.513
194.6	170.533
194.7	170.553
194.8	170.573
194.9	170.594
195	170.614
195.1	170.634
195.2	170.654
195.3	170.674
195.4	170.694
195.5	170.714
195.6	170.734
195.7	170.754
195.8	170.774
195.9	170.795
196	170.815
196.1	170.835
196.2	170.855
196.3	170.875
196.4	170.895
196.5	170.915
196.6	170.935
196.7	170.955
196.8	170.975
196.9	170.995
197	171.015
197.1	171.035
197.2	171.055
197.3	171.075
197.4	171.095
197.5	171.115
197.6	171.135
197.7	171.155
197.8	171.175
197.9	171.195
198	171.215
198.1	171.235
198.2	171.255
198.3	171.274
198.4	171.294
198.5	171.314
198.6	171.334
198.7	171.354
198.8	171.374
198.9	171.394
199	171.414
199.1	171.434
199.2	171.454
199.3	171.474
199.4	171.493
199.5	171.513
199.6	171.533
199.7	171.553
199.8	171.573
199.9	171.593
200	171.613
200.1	171.632
200.2	171.652
200.3	171.672
200.4	171.692
200.5	171.712
200.6	171.731
200.7	171.751
200.8	171.771
200.9	171.791
201	171.811
201.1	171.83
201.2	171.85
201.3	171.87
201.4	171.89
201.5	171.91
201.6	171.929
201.7	171.949
201.8	171.969
201.9	171.989
202	172.008
202.1	172.028
202.2	172.048
202.3	172.067
202.4	172.087
202.5	172.107
202.6	172.127
202.7	172.146
202.8	172.166
202.9	172.186
203	172.205
203.1	172.225
203.2	172.245
203.3	172.264
203.4	172.284
203.5	172.304
203.6	172.323
203.7	172.343
203.8	172.363
203.9	172.382
204	172.402
204.1	172.422
204.2	172.441
204.3	172.461
204.4	172.48
204.5	172.5
204.6	172.52
204.7	172.539
204.8	172.559
204.9	172.578
205	172.598
205.1	172.617
205.2	172.637
205.3	172.657
205.4	172.676
205.5	172.696
205.6	172.715
205.7	172.735
205.8	172.754
205.9	172.774
206	172.793
206.1	172.813
206.2	172.832
206.3	172.852
206.4	172.871
206.5	172.891
206.6	172.91
206.7	172.93
206.8	172.949
206.9	172.969
207	172.988
207.1	173.008
207.2	173.027
207.3	173.047
207.4	173.066
207.5	173.086
207.6	173.105
207.7	173.125
207.8	173.144
207.9	173.163
208	173.183
208.1	173.202
208.2	173.222
208.3	173.241
208.4	173.26
208.5	173.28
208.6	173.299
208.7	173.319
208.8	173.338
208.9	173.357
209	173.377
209.1	173.396
209.2	173.416
209.3	173.435
209.4	173.454
209.5	173.474
209.6	173.493
209.7	173.512
209.8	173.532
209.9	173.551
210	173.57
210.1	173.59
210.2	173.609
210.3	173.628
210.4	173.647
210.5	173.667
210.6	173.686
210.7	173.705
210.8	173.725
210.9	173.744
211	173.763
211.1	173.782
211.2	173.802
211.3	173.821
211.4	173.84
211.5	173.859
211.6	173.879
211.7	173.898
211.8	173.917
211.9	173.936
212	173.956
212.1	173.975
212.2	173.994
212.3	174.013
212.4	174.032
212.5	174.052
212.6	174.071
212.7	174.09
212.8	174.109
212.9	174.128
213	174.148
213.1	174.167
213.2	174.186
213.3	174.205
213.4	174.224
213.5	174.243
213.6	174.263
213.7	174.282
213.8	174.301
213.9	174.32
214	174.339
214.1	174.358
214.2	174.377
214.3	174.396
214.4	174.415
214.5	174.435
214.6	174.454
214.7	174.473
214.8	174.492
214.9	174.511
215	174.53
215.1	174.549
215.2	174.568
215.3	174.587
215.4	174.606
215.5	174.625
215.6	174.644
215.7	174.663
215.8	174.682
215.9	174.701
216	174.72
216.1	174.74
216.2	174.759
216.3	174.778
216.4	174.797
216.5	174.816
216.6	174.835
216.7	174.854
216.8	174.873
216.9	174.892
217	174.91
217.1	174.929
217.2	174.948
217.3	174.967
217.4	174.986
217.5	175.005
217.6	175.024
217.7	175.043
217.8	175.062
217.9	175.081
218	175.1
218.1	175.119
218.2	175.138
218.3	175.157
218.4	175.176
218.5	175.195
218.6	175.213
218.7	175.232
218.8	175.251
218.9	175.27
219	175.289
219.1	175.308
219.2	175.327
219.3	175.346
219.4	175.365
219.5	175.383
219.6	175.402
219.7	175.421
219.8	175.44
219.9	175.459
220	175.478
220.1	175.496
220.2	175.515
220.3	175.534
220.4	175.553
220.5	175.572
220.6	175.591
220.7	175.609
220.8	175.628
220.9	175.647
221	175.666
221.1	175.685
221.2	175.703
221.3	175.722
221.4	175.741
221.5	175.76
221.6	175.778
221.7	175.797
221.8	175.816
221.9	175.835
222	175.853
222.1	175.872
222.2	175.891
222.3	175.91
222.4	175.928
222.5	175.947
222.6	175.966
222.7	175.984
222.8	176.003
222.9	176.022
223	176.041
223.1	176.059
223.2	176.078
223.3	176.097
223.4	176.115
223.5	176.134
223.6	176.153
223.7	176.171
223.8	176.19
223.9	176.209
224	176.227
224.1	176.246
224.2	176.265
224.3	176.283
224.4	176.302
224.5	176.32
224.6	176.339
224.7	176.358
224.8	176.376
224.9	176.395
225	176.413
225.1	176.432
225.2	176.451
225.3	176.469
225.4	176.488
225.5	176.506
225.6	176.525
225.7	176.544
225.8	176.562
225.9	176.581
226	176.599
226.1	176.618
226.2	176.636
226.3	176.655
226.4	176.673
226.5	176.692
226.6	176.711
226.7	176.729
226.8	176.748
226.9	176.766
227	176.785
227.1	176.803
227.2	176.822
227.3	176.84
227.4	176.859
227.5	176.877
227.6	176.896
227.7	176.914
227.8	176.933
227.9	176.951
228	176.97
228.1	176.988
228.2	177.006
228.3	177.025
228.4	177.043
228.5	177.062
228.6	177.08
228.7	177.099
228.8	177.117
228.9	177.136
229	177.154
229.1	177.172
229.2	177.191
229.3	177.209
229.4	177.228
229.5	177.246
229.6	177.264
229.7	177.283
229.8	177.301
229.9	177.32
230	177.338
230.1	177.356
230.2	177.375
230.3	177.393
230.4	177.411
230.5	177.43
230.6	177.448
230.7	177.466
230.8	177.485
230.9	177.503
231	177.522
231.1	177.54
231.2	177.558
231.3	177.576
231.4	177.595
231.5	177.613
231.6	177.631
231.7	177.65
231.8	177.668
231.9	177.686
232	177.705
232.1	177.723
232.2	177.741
232.3	177.759
232.4	177.778
232.5	177.796
232.6	177.814
232.7	177.833
232.8	177.851
232.9	177.869
233	177.887
233.1	177.906
233.2	177.924
233.3	177.942
233.4	177.96
233.5	177.978
233.6	177.997
233.7	178.015
233.8	178.033
233.9	178.051
234	178.07
234.1	178.088
234.2	178.106
234.3	178.124
234.4	178.142
234.5	178.161
234.6	178.179
234.7	178.197
234.8	178.215
234.9	178.233
235	178.251
235.1	178.27
235.2	178.288
235.3	178.306
235.4	178.324
235.5	178.342
235.6	178.36
235.7	178.378
235.8	178.397
235.9	178.415
236	178.433
236.1	178.451
236.2	178.469
236.3	178.487
236.4	178.505
236.5	178.523
236.6	178.541
236.7	178.56
236.8	178.578
236.9	178.596
237	178.614
237.1	178.632
237.2	178.65
237.3	178.668
237.4	178.686
237.5	178.704
237.6	178.722
237.7	178.74
237.8	178.758
237.9	178.776
238	178.794
238.1	178.812
238.2	178.83
238.3	178.848
238.4	178.866
238.5	178.884
238.6	178.902
238.7	178.92
238.8	178.938
238.9	178.956
239	178.974
239.1	178.992
239.2	179.01
239.3	179.028
239.4	179.046
239.5	179.064
239.6	179.082
239.7	179.1
239.8	179.118
239.9	179.136
240	179.154
240.1	179.172
240.2	179.19
240.3	179.208
240.4	179.226
240.5	179.244
240.6	179.262
240.7	179.28
240.8	179.298
240.9	179.316
241	179.333
241.1	179.351
241.2	179.369
241.3	179.387
241.4	179.405
241.5	179.423
241.6	179.441
241.7	179.459
241.8	179.477
241.9	179.494
242	179.512
242.1	179.53
242.2	179.548
242.3	179.566
242.4	179.584
242.5	179.602
242.6	179.619
242.7	179.637
242.8	179.655
242.9	179.673
243	179.691
243.1	179.709
243.2	179.726
243.3	179.744
243.4	179.762
243.5	179.78
243.6	179.798
243.7	179.815
243.8	179.833
243.9	179.851
244	179.869
244.1	179.887
244.2	179.904
244.3	179.922
244.4	179.94
244.5	179.958
244.6	179.975
244.7	179.993
244.8	180.011
244.9	180.029
245	180.047
245.1	180.064
245.2	180.082
245.3	180.1
245.4	180.117
245.5	180.135
245.6	180.153
245.7	180.171
245.8	180.188
245.9	180.206
246	180.224
246.1	180.241
246.2	180.259
246.3	180.277
246.4	180.295
246.5	180.312
246.6	180.33
246.7	180.348
246.8	180.365
246.9	180.383
247	180.401
247.1	180.418
247.2	180.436
247.3	180.454
247.4	180.471
247.5	180.489
247.6	180.507
247.7	180.524
247.8	180.542
247.9	180.559
248	180.577
248.1	180.595
248.2	180.612
248.3	180.63
248.4	180.648
248.5	180.665
248.6	180.683
248.7	180.7
248.8	180.718
248.9	180.736
249	180.753
249.1	180.771
249.2	180.788
249.3	180.806
249.4	180.823
249.5	180.841
249.6	180.859
249.7	180.876
249.8	180.894
249.9	180.911
250	180.929
250.1	180.946
250.2	180.964
250.3	180.981
250.4	180.999
250.5	181.017
250.6	181.034
250.7	181.052
250.8	181.069
250.9	181.087
251	181.104
251.1	181.122
251.2	181.139
251.3	181.157
251.4	181.174
251.5	181.192
251.6	181.209
251.7	181.227
251.8	181.244
251.9	181.262
252	181.279
252.1	181.296
252.2	181.314
252.3	181.331
252.4	181.349
252.5	181.366
252.6	181.384
252.7	181.401
252.8	181.419
252.9	181.436
253	181.453
253.1	181.471
253.2	181.488
253.3	181.506
253.4	181.523
253.5	181.541
253.6	181.558
253.7	181.575
253.8	181.593
253.9	181.61
254	181.628
254.1	181.645
254.2	181.662
254.3	181.68
254.4	181.697
254.5	181.715
254.6	181.732
254.7	181.749
254.8	181.767
254.9	181.784
255	181.801
255.1	181.819
255.2	181.836
255.3	181.853
255.4	181.871
255.5	181.888
255.6	181.905
255.7	181.923
255.8	181.94
255.9	181.957
256	181.975
256.1	181.992
256.2	182.009
256.3	182.027
256.4	182.044
256.5	182.061
256.6	182.079
256.7	182.096
256.8	182.113
256.9	182.13
257	182.148
257.1	182.165
257.2	182.182
257.3	182.2
257.4	182.217
257.5	182.234
257.6	182.251
257.7	182.269
257.8	182.286
257.9	182.303
258	182.32
258.1	182.338
258.2	182.355
258.3	182.372
258.4	182.389
258.5	182.406
258.6	182.424
258.7	182.441
258.8	182.458
258.9	182.475
259	182.493
259.1	182.51
259.2	182.527
259.3	182.544
259.4	182.561
259.5	182.579
259.6	182.596
259.7	182.613
259.8	182.63
259.9	182.647
260	182.664
260.1	182.682
260.2	182.699
260.3	182.716
260.4	182.733
260.5	182.75
260.6	182.767
260.7	182.784
260.8	182.802
260.9	182.819
261	182.836
261.1	182.853
261.2	182.87
261.3	182.887
261.4	182.904
261.5	182.921
261.6	182.939
261.7	182.956
261.8	182.973
261.9	182.99
262	183.007
262.1	183.024
262.2	183.041
262.3	183.058
262.4	183.075
262.5	183.092
262.6	183.11
262.7	183.127
262.8	183.144
262.9	183.161
263	183.178
263.1	183.195
263.2	183.212
263.3	183.229
263.4	183.246
263.5	183.263
263.6	183.28
263.7	183.297
263.8	183.314
263.9	183.331
264	183.348
264.1	183.365
264.2	183.382
264.3	183.399
264.4	183.416
264.5	183.433
264.6	183.45
264.7	183.467
264.8	183.484
264.9	183.501
265	183.518
265.1	183.535
265.2	183.552
265.3	183.569
265.4	183.586
265.5	183.603
265.6	183.62
265.7	183.637
265.8	183.654
265.9	183.671
266	183.688
266.1	183.705
266.2	183.722
266.3	183.739
266.4	183.756
266.5	183.773
266.6	183.789
266.7	183.806
266.8	183.823
266.9	183.84
267	183.857
267.1	183.874
267.2	183.891
267.3	183.908
267.4	183.925
267.5	183.942
267.6	183.959
267.7	183.975
267.8	183.992
267.9	184.009
268	184.026
268.1	184.043
268.2	184.06
268.3	184.077
268.4	184.094
268.5	184.11
268.6	184.127
268.7	184.144
268.8	184.161
268.9	184.178
269	184.195
269.1	184.212
269.2	184.228
269.3	184.245
269.4	184.262
269.5	184.279
269.6	184.296
269.7	184.313
269.8	184.329
269.9	184.346
270	184.363
270.1	184.38
270.2	184.397
270.3	184.413
270.4	184.43
270.5	184.447
270.6	184.464
270.7	184.481
270.8	184.497
270.9	184.514
271	184.531
271.1	184.548
271.2	184.564
271.3	184.581
271.4	184.598
271.5	184.615
271.6	184.631
271.7	184.648
271.8	184.665
271.9	184.682
272	184.698
272.1	184.715
272.2	184.732
272.3	184.749
272.4	184.765
272.5	184.782
272.6	184.799
272.7	184.816
272.8	184.832
272.9	184.849
273	184.866
273.1	184.882
273.2	184.899
273.3	184.916
273.4	184.932
273.5	184.949
273.6	184.966
273.7	184.983
273.8	184.999
273.9	185.016
274	185.033
274.1	185.049
274.2	185.066
274.3	185.083
274.4	185.099
274.5	185.116
274.6	185.133
274.7	185.149
274.8	185.166
274.9	185.182
275	185.199
275.1	185.216
275.2	185.232
275.3	185.249
275.4	185.266
275.5	185.282
275.6	185.299
275.7	185.315
275.8	185.332
275.9	185.349
276	185.365
276.1	185.382
276.2	185.398
276.3	185.415
276.4	185.432
276.5	185.448
276.6	185.465
276.7	185.481
276.8	185.498
276.9	185.515
277	185.531
277.1	185.548
277.2	185.564
277.3	185.581
277.4	185.597
277.5	185.614
277.6	185.63
277.7	185.647
277.8	185.664
277.9	185.68
278	185.697
278.1	185.713
278.2	185.73
278.3	185.746
278.4	185.763
278.5	185.779
278.6	185.796
278.7	185.812
278.8	185.829
278.9	185.845
279	185.862
279.1	185.878
279.2	185.895
279.3	185.911
279.4	185.928
279.5	185.944
279.6	185.961
279.7	185.977
279.8	185.994
279.9	186.01
280	186.027
280.1	186.043
280.2	186.06
280.3	186.076
280.4	186.093
280.5	186.109
280.6	186.125
280.7	186.142
280.8	186.158
280.9	186.175
281	186.191
281.1	186.208
281.2	186.224
281.3	186.24
281.4	186.257
281.5	186.273
281.6	186.29
281.7	186.306
281.8	186.323
281.9	186.339
282	186.355
282.1	186.372
282.2	186.388
282.3	186.405
282.4	186.421
282.5	186.437
282.6	186.454
282.7	186.47
282.8	186.486
282.9	186.503
283	186.519
283.1	186.536
283.2	186.552
283.3	186.568
283.4	186.585
283.5	186.601
283.6	186.617
283.7	186.634
283.8	186.65
283.9	186.666
284	186.683
284.1	186.699
284.2	186.715
284.3	186.732
284.4	186.748
284.5	186.764
284.6	186.781
284.7	186.797
284.8	186.813
284.9	186.83
285	186.846
285.1	186.862
285.2	186.879
285.3	186.895
285.4	186.911
285.5	186.927
285.6	186.944
285.7	186.96
285.8	186.976
285.9	186.993
286	187.009
286.1	187.025
286.2	187.041
286.3	187.058
286.4	187.074
286.5	187.09
286.6	187.106
286.7	187.123
286.8	187.139
286.9	187.155
287	187.171
287.1	187.188
287.2	187.204
287.3	187.22
287.4	187.236
287.5	187.253
287.6	187.269
287.7	187.285
287.8	187.301
287.9	187.317
288	187.334
288.1	187.35
288.2	187.366
288.3	187.382
288.4	187.398
288.5	187.415
288.6	187.431
288.7	187.447
288.8	187.463
288.9	187.479
289	187.496
289.1	187.512
289.2	187.528
289.3	187.544
289.4	187.56
289.5	187.576
289.6	187.593
289.7	187.609
289.8	187.625
289.9	187.641
290	187.657
290.1	187.673
290.2	187.689
290.3	187.706
290.4	187.722
290.5	187.738
290.6	187.754
290.7	187.77
290.8	187.786
290.9	187.802
291	187.818
291.1	187.835
291.2	187.851
291.3	187.867
291.4	187.883
291.5	187.899
291.6	187.915
291.7	187.931
291.8	187.947
291.9	187.963
292	187.979
292.1	187.996
292.2	188.012
292.3	188.028
292.4	188.044
292.5	188.06
292.6	188.076
292.7	188.092
292.8	188.108
292.9	188.124
293	188.14
293.1	188.156
293.2	188.172
293.3	188.188
293.4	188.204
293.5	188.22
293.6	188.236
293.7	188.252
293.8	188.268
293.9	188.284
294	188.301
294.1	188.317
294.2	188.333
294.3	188.349
294.4	188.365
294.5	188.381
294.6	188.397
294.7	188.413
294.8	188.429
294.9	188.445
295	188.461
295.1	188.477
295.2	188.493
295.3	188.509
295.4	188.524
295.5	188.54
295.6	188.556
295.7	188.572
295.8	188.588
295.9	188.604
296	188.62
296.1	188.636
296.2	188.652
296.3	188.668
296.4	188.684
296.5	188.7
296.6	188.716
296.7	188.732
296.8	188.748
296.9	188.764
297	188.78
297.1	188.796
297.2	188.812
297.3	188.828
297.4	188.843
297.5	188.859
297.6	188.875
297.7	188.891
297.8	188.907
297.9	188.923
298	188.939
298.1	188.955
298.2	188.971
298.3	188.987
298.4	189.002
298.5	189.018
298.6	189.034
298.7	189.05
298.8	189.066
298.9	189.082
299	189.098
299.1	189.114
299.2	189.129
299.3	189.145
299.4	189.161
299.5	189.177
299.6	189.193
299.7	189.209
299.8	189.225
299.9	189.24
300	189.256
