W	Pred
1.5	120.629
1.6	120.025
1.7	119.482
1.8	118.99
1.9	118.544
2	118.137
2.1	117.765
2.2	117.425
2.3	117.113
2.4	116.826
2.5	116.561
2.6	116.317
2.7	116.092
2.8	115.883
2.9	115.69
3	115.512
3.1	115.346
3.2	115.192
3.3	115.05
3.4	114.918
3.5	114.795
3.6	114.681
3.7	114.576
3.8	114.478
3.9	114.388
4	114.304
4.1	114.227
4.2	114.155
4.3	114.089
4.4	114.028
4.5	113.972
4.6	113.921
4.7	113.875
4.8	113.832
4.9	113.793
5	113.758
5.1	113.727
5.2	113.699
5.3	113.674
5.4	113.652
5.5	113.633
5.6	113.616
5.7	113.603
5.8	113.591
5.9	113.582
6	113.576
6.1	113.571
6.2	113.569
6.3	113.568
6.4	113.569
6.5	113.572
6.6	113.577
6.7	113.584
6.8	113.592
6.9	113.601
7	113.612
7.1	113.624
7.2	113.638
7.3	113.653
7.4	113.669
7.5	113.686
7.6	113.705
7.7	113.724
7.8	113.745
7.9	113.766
8	113.789
8.1	113.812
8.2	113.837
8.3	113.862
8.4	113.888
8.5	113.915
8.6	113.942
8.7	113.971
8.8	114
8.9	114.029
9	114.06
9.1	114.091
9.2	114.122
9.3	114.155
9.4	114.188
9.5	114.221
9.6	114.255
9.7	114.289
9.8	114.324
9.9	114.36
10	114.396
10.1	114.432
10.2	114.469
10.3	114.506
10.4	114.544
10.5	114.582
10.6	114.62
10.7	114.659
10.8	114.698
10.9	114.737
11	114.777
11.1	114.817
11.2	114.858
11.3	114.899
11.4	114.94
11.5	114.981
11.6	115.022
11.7	115.064
11.8	115.106
11.9	115.149
12	115.191
12.1	115.234
12.2	115.277
12.3	115.321
12.4	115.364
12.5	115.408
12.6	115.452
12.7	115.496
12.8	115.54
12.9	115.584
13	115.629
13.1	115.674
13.2	115.719
13.3	115.764
13.4	115.809
13.5	115.854
13.6	115.9
13.7	115.945
13.8	115.991
13.9	116.037
14	116.083
14.1	116.129
14.2	116.176
14.3	116.222
14.4	116.268
14.5	116.315
14.6	116.362
14.7	116.408
14.8	116.455
14.9	116.502
15	116.549
15.1	116.596
15.2	116.644
15.3	116.691
15.4	116.738
15.5	116.786
15.6	116.833
15.7	116.881
15.8	116.928
15.9	116.976
16	117.024
16.1	117.071
16.2	117.119
16.3	117.167
16.4	117.215
16.5	117.263
16.6	117.311
16.7	117.359
16.8	117.407
16.9	117.455
17	117.503
17.1	117.552
17.2	117.6
17.3	117.648
17.4	117.696
17.5	117.745
17.6	117.793
17.7	117.841
17.8	117.89
17.9	117.938
18	117.987
18.1	118.035
18.2	118.084
18.3	118.132
18.4	118.18
18.5	118.229
18.6	118.277
18.7	118.326
18.8	118.375
18.9	118.423
19	118.472
19.1	118.52
19.2	118.569
19.3	118.617
19.4	118.666
19.5	118.714
19.6	118.763
19.7	118.811
19.8	118.86
19.9	118.909
20	118.957
20.1	119.006
20.2	119.054
20.3	119.103
20.4	119.151
20.5	119.2
20.6	119.248
20.7	119.297
20.8	119.345
20.9	119.394
21	119.442
21.1	119.491
21.2	119.539
21.3	119.587
21.4	119.636
21.5	119.684
21.6	119.733
21.7	119.781
21.8	119.829
21.9	119.878
22	119.926
22.1	119.974
22.2	120.022
22.3	120.071
22.4	120.119
22.5	120.167
22.6	120.215
22.7	120.264
22.8	120.312
22.9	120.36
23	120.408
23.1	120.456
23.2	120.504
23.3	120.552
23.4	120.6
23.5	120.648
23.6	120.696
23.7	120.744
23.8	120.792
23.9	120.84
24	120.888
24.1	120.935
24.2	120.983
24.3	121.031
24.4	121.079
24.5	121.126
24.6	121.174
24.7	121.222
24.8	121.269
24.9	121.317
25	121.365
25.1	121.412
25.2	121.46
25.3	121.507
25.4	121.555
25.5	121.602
25.6	121.65
25.7	121.697
25.8	121.744
25.9	121.792
26	121.839
26.1	121.886
26.2	121.933
26.3	121.98
26.4	122.028
26.5	122.075
26.6	122.122
26.7	122.169
26.8	122.216
26.9	122.263
27	122.31
27.1	122.357
27.2	122.404
27.3	122.45
27.4	122.497
27.5	122.544
27.6	122.591
27.7	122.638
27.8	122.684
27.9	122.731
28	122.778
28.1	122.824
28.2	122.871
28.3	122.917
28.4	122.964
28.5	123.01
28.6	123.057
28.7	123.103
28.8	123.149
28.9	123.196
29	123.242
29.1	123.288
29.2	123.334
29.3	123.38
29.4	123.427
29.5	123.473
29.6	123.519
29.7	123.565
29.8	123.611
29.9	123.657
30	123.703
30.1	123.748
30.2	123.794
30.3	123.84
30.4	123.886
30.5	123.932
30.6	123.977
30.7	124.023
30.8	124.069
30.9	124.114
31	124.16
31.1	124.205
31.2	124.251
31.3	124.296
31.4	124.342
31.5	124.387
31.6	124.432
31.7	124.478
31.8	124.523
31.9	124.568
32	124.613
32.1	124.658
32.2	124.704
32.3	124.749
32.4	124.794
32.5	124.839
32.6	124.884
32.7	124.929
32.8	124.973
32.9	125.018
33	125.063
33.1	125.108
33.2	125.153
33.3	125.197
33.4	125.242
33.5	125.287
33.6	125.331
33.7	125.376
33.8	125.42
33.9	125.465
34	125.509
34.1	125.554
34.2	125.598
34.3	125.643
34.4	125.687
34.5	125.731
34.6	125.775
34.7	125.82
34.8	125.864
34.9	125.908
35	125.952
35.1	125.996
35.2	126.04
35.3	126.084
35.4	126.128
35.5	126.172
35.6	126.216
35.7	126.26
35.8	126.303
35.9	126.347
36	126.391
36.1	126.435
36.2	126.478
36.3	126.522
36.4	126.565
36.5	126.609
36.6	126.653
36.7	126.696
36.8	126.739
36.9	126.783
37	126.826
37.1	126.87
37.2	126.913
37.3	126.956
37.4	126.999
37.5	127.043
37.6	127.086
37.7	127.129
37.8	127.172
37.9	127.215
38	127.258
38.1	127.301
38.2	127.344
38.3	127.387
38.4	127.43
38.5	127.473
38.6	127.515
38.7	127.558
38.8	127.601
38.9	127.644
39	127.686
39.1	127.729
39.2	127.771
39.3	127.814
39.4	127.857
39.5	127.899
39.6	127.942
39.7	127.984
39.8	128.026
39.9	128.069
40	128.111
40.1	128.153
40.2	128.196
40.3	128.238
40.4	128.28
40.5	128.322
40.6	128.364
40.7	128.406
40.8	128.448
40.9	128.49
41	128.532
41.1	128.574
41.2	128.616
41.3	128.658
41.4	128.7
41.5	128.742
41.6	128.783
41.7	128.825
41.8	128.867
41.9	128.908
42	128.95
42.1	128.992
42.2	129.033
42.3	129.075
42.4	129.116
42.5	129.158
42.6	129.199
42.7	129.241
42.8	129.282
42.9	129.323
43	129.365
43.1	129.406
43.2	129.447
43.3	129.488
43.4	129.529
43.5	129.571
43.6	129.612
43.7	129.653
43.8	129.694
43.9	129.735
44	129.776
44.1	129.817
44.2	129.857
44.3	129.898
44.4	129.939
44.5	129.98
44.6	130.021
44.7	130.061
44.8	130.102
44.9	130.143
45	130.184
45.1	130.224
45.2	130.265
45.3	130.305
45.4	130.346
45.5	130.386
45.6	130.427
45.7	130.467
45.8	130.507
45.9	130.548
46	130.588
46.1	130.628
46.2	130.669
46.3	130.709
46.4	130.749
46.5	130.789
46.6	130.829
46.7	130.869
46.8	130.91
46.9	130.95
47	130.99
47.1	131.03
47.2	131.07
47.3	131.109
47.4	131.149
47.5	131.189
47.6	131.229
47.7	131.269
47.8	131.309
47.9	131.348
48	131.388
48.1	131.428
48.2	131.467
48.3	131.507
48.4	131.546
48.5	131.586
48.6	131.625
48.7	131.665
48.8	131.704
48.9	131.744
49	131.783
49.1	131.823
49.2	131.862
49.3	131.901
49.4	131.94
49.5	131.98
49.6	132.019
49.7	132.058
49.8	132.097
49.9	132.136
50	132.175
50.1	132.214
50.2	132.253
50.3	132.292
50.4	132.331
50.5	132.37
50.6	132.409
50.7	132.448
50.8	132.487
50.9	132.526
51	132.565
51.1	132.603
51.2	132.642
51.3	132.681
51.4	132.72
51.5	132.758
51.6	132.797
51.7	132.835
51.8	132.874
51.9	132.912
52	132.951
52.1	132.989
52.2	133.028
52.3	133.066
52.4	133.105
52.5	133.143
52.6	133.181
52.7	133.22
52.8	133.258
52.9	133.296
53	133.334
53.1	133.373
53.2	133.411
53.3	133.449
53.4	133.487
53.5	133.525
53.6	133.563
53.7	133.601
53.8	133.639
53.9	133.677
54	133.715
54.1	133.753
54.2	133.791
54.3	133.829
54.4	133.866
54.5	133.904
54.6	133.942
54.7	133.98
54.8	134.017
54.9	134.055
55	134.093
55.1	134.13
55.2	134.168
55.3	134.206
55.4	134.243
55.5	134.281
55.6	134.318
55.7	134.356
55.8	134.393
55.9	134.431
56	134.468
56.1	134.505
56.2	134.543
56.3	134.58
56.4	134.617
56.5	134.654
56.6	134.692
56.7	134.729
56.8	134.766
56.9	134.803
57	134.84
57.1	134.877
57.2	134.914
57.3	134.951
57.4	134.988
57.5	135.025
57.6	135.062
57.7	135.099
57.8	135.136
57.9	135.173
58	135.21
58.1	135.247
58.2	135.284
58.3	135.32
58.4	135.357
58.5	135.394
58.6	135.431
58.7	135.467
58.8	135.504
58.9	135.541
59	135.577
59.1	135.614
59.2	135.65
59.3	135.687
59.4	135.723
59.5	135.76
59.6	135.796
59.7	135.833
59.8	135.869
59.9	135.905
60	135.942
60.1	135.978
60.2	136.014
60.3	136.051
60.4	136.087
60.5	136.123
60.6	136.159
60.7	136.195
60.8	136.232
60.9	136.268
61	136.304
61.1	136.34
61.2	136.376
61.3	136.412
61.4	136.448
61.5	136.484
61.6	136.52
61.7	136.556
61.8	136.592
61.9	136.627
62	136.663
62.1	136.699
62.2	136.735
62.3	136.771
62.4	136.806
62.5	136.842
62.6	136.878
62.7	136.914
62.8	136.949
62.9	136.985
63	137.02
63.1	137.056
63.2	137.092
63.3	137.127
63.4	137.163
63.5	137.198
63.6	137.234
63.7	137.269
63.8	137.304
63.9	137.34
64	137.375
64.1	137.411
64.2	137.446
64.3	137.481
64.4	137.516
64.5	137.552
64.6	137.587
64.7	137.622
64.8	137.657
64.9	137.692
65	137.728
65.1	137.763
65.2	137.798
65.3	137.833
65.4	137.868
65.5	137.903
65.6	137.938
65.7	137.973
65.8	138.008
65.9	138.043
66	138.078
66.1	138.113
66.2	138.147
66.3	138.182
66.4	138.217
66.5	138.252
66.6	138.287
66.7	138.321
66.8	138.356
66.9	138.391
67	138.425
67.1	138.46
67.2	138.495
67.3	138.529
67.4	138.564
67.5	138.598
67.6	138.633
67.7	138.667
67.8	138.702
67.9	138.736
68	138.771
68.1	138.805
68.2	138.84
68.3	138.874
68.4	138.909
68.5	138.943
68.6	138.977
68.7	139.011
68.8	139.046
68.9	139.08
69	139.114
69.1	139.148
69.2	139.183
69.3	139.217
69.4	139.251
69.5	139.285
69.6	139.319
69.7	139.353
69.8	139.387
69.9	139.421
70	139.455
70.1	139.489
70.2	139.523
70.3	139.557
70.4	139.591
70.5	139.625
70.6	139.659
70.7	139.693
70.8	139.727
70.9	139.761
71	139.794
71.1	139.828
71.2	139.862
71.3	139.896
71.4	139.929
71.5	139.963
71.6	139.997
71.7	140.03
71.8	140.064
71.9	140.098
72	140.131
72.1	140.165
72.2	140.198
72.3	140.232
72.4	140.265
72.5	140.299
72.6	140.332
72.7	140.366
72.8	140.399
72.9	140.433
73	140.466
73.1	140.499
73.2	140.533
73.3	140.566
73.4	140.599
73.5	140.633
73.6	140.666
73.7	140.699
73.8	140.732
73.9	140.766
74	140.799
74.1	140.832
74.2	140.865
74.3	140.898
74.4	140.931
74.5	140.964
74.6	140.997
74.7	141.03
74.8	141.063
74.9	141.097
75	141.129
75.1	141.162
75.2	141.195
75.3	141.228
75.4	141.261
75.5	141.294
75.6	141.327
75.7	141.36
75.8	141.393
75.9	141.425
76	141.458
76.1	141.491
76.2	141.524
76.3	141.556
76.4	141.589
76.5	141.622
76.6	141.655
76.7	141.687
76.8	141.72
76.9	141.752
77	141.785
77.1	141.818
77.2	141.85
77.3	141.883
77.4	141.915
77.5	141.948
77.6	141.98
77.7	142.013
77.8	142.045
77.9	142.077
78	142.11
78.1	142.142
78.2	142.175
78.3	142.207
78.4	142.239
78.5	142.272
78.6	142.304
78.7	142.336
78.8	142.368
78.9	142.401
79	142.433
79.1	142.465
79.2	142.497
79.3	142.529
79.4	142.562
79.5	142.594
79.6	142.626
79.7	142.658
79.8	142.69
79.9	142.722
80	142.754
80.1	142.786
80.2	142.818
80.3	142.85
80.4	142.882
80.5	142.914
80.6	142.946
80.7	142.978
80.8	143.01
80.9	143.041
81	143.073
81.1	143.105
81.2	143.137
81.3	143.169
81.4	143.2
81.5	143.232
81.6	143.264
81.7	143.296
81.8	143.327
81.9	143.359
82	143.391
82.1	143.422
82.2	143.454
82.3	143.486
82.4	143.517
82.5	143.549
82.6	143.58
82.7	143.612
82.8	143.643
82.9	143.675
83	143.706
83.1	143.738
83.2	143.769
83.3	143.801
83.4	143.832
83.5	143.863
83.6	143.895
83.7	143.926
83.8	143.958
83.9	143.989
84	144.02
84.1	144.051
84.2	144.083
84.3	144.114
84.4	144.145
84.5	144.176
84.6	144.208
84.7	144.239
84.8	144.27
84.9	144.301
85	144.332
85.1	144.363
85.2	144.395
85.3	144.426
85.4	144.457
85.5	144.488
85.6	144.519
85.7	144.55
85.8	144.581
85.9	144.612
86	144.643
86.1	144.674
86.2	144.705
86.3	144.736
86.4	144.766
86.5	144.797
86.6	144.828
86.7	144.859
86.8	144.89
86.9	144.921
87	144.952
87.1	144.982
87.2	145.013
87.3	145.044
87.4	145.075
87.5	145.105
87.6	145.136
87.7	145.167
87.8	145.197
87.9	145.228
88	145.259
88.1	145.289
88.2	145.32
88.3	145.35
88.4	145.381
88.5	145.412
88.6	145.442
88.7	145.473
88.8	145.503
88.9	145.534
89	145.564
89.1	145.594
89.2	145.625
89.3	145.655
89.4	145.686
89.5	145.716
89.6	145.747
89.7	145.777
89.8	145.807
89.9	145.838
90	145.868
90.1	145.898
90.2	145.928
90.3	145.959
90.4	145.989
90.5	146.019
90.6	146.049
90.7	146.08
90.8	146.11
90.9	146.14
91	146.17
91.1	146.2
91.2	146.23
91.3	146.26
91.4	146.29
91.5	146.321
91.6	146.351
91.7	146.381
91.8	146.411
91.9	146.441
92	146.471
92.1	146.501
92.2	146.531
92.3	146.561
92.4	146.59
92.5	146.62
92.6	146.65
92.7	146.68
92.8	146.71
92.9	146.74
93	146.77
93.1	146.8
93.2	146.829
93.3	146.859
93.4	146.889
93.5	146.919
93.6	146.948
93.7	146.978
93.8	147.008
93.9	147.038
94	147.067
94.1	147.097
94.2	147.127
94.3	147.156
94.4	147.186
94.5	147.215
94.6	147.245
94.7	147.275
94.8	147.304
94.9	147.334
95	147.363
95.1	147.393
95.2	147.422
95.3	147.452
95.4	147.481
95.5	147.511
95.6	147.54
95.7	147.57
95.8	147.599
95.9	147.628
96	147.658
96.1	147.687
96.2	147.717
96.3	147.746
96.4	147.775
96.5	147.804
96.6	147.834
96.7	147.863
96.8	147.892
96.9	147.922
97	147.951
97.1	147.98
97.2	148.009
97.3	148.038
97.4	148.068
97.5	148.097
97.6	148.126
97.7	148.155
97.8	148.184
97.9	148.213
98	148.242
98.1	148.271
98.2	148.301
98.3	148.33
98.4	148.359
98.5	148.388
98.6	148.417
98.7	148.446
98.8	148.475
98.9	148.504
99	148.533
99.1	148.561
99.2	148.59
99.3	148.619
99.4	148.648
99.5	148.677
99.6	148.706
99.7	148.735
99.8	148.764
99.9	148.792
100	148.821
100.1	148.85
100.2	148.879
100.3	148.908
100.4	148.936
100.5	148.965
100.6	148.994
100.7	149.023
100.8	149.051
100.9	149.08
101	149.109
101.1	149.137
101.2	149.166
101.3	149.194
101.4	149.223
101.5	149.252
101.6	149.28
101.7	149.309
101.8	149.337
101.9	149.366
102	149.395
102.1	149.423
102.2	149.452
102.3	149.48
102.4	149.508
102.5	149.537
102.6	149.565
102.7	149.594
102.8	149.622
102.9	149.651
103	149.679
103.1	149.707
103.2	149.736
103.3	149.764
103.4	149.793
103.5	149.821
103.6	149.849
103.7	149.877
103.8	149.906
103.9	149.934
104	149.962
104.1	149.991
104.2	150.019
104.3	150.047
104.4	150.075
104.5	150.103
104.6	150.132
104.7	150.16
104.8	150.188
104.9	150.216
105	150.244
105.1	150.272
105.2	150.3
105.3	150.328
105.4	150.357
105.5	150.385
105.6	150.413
105.7	150.441
105.8	150.469
105.9	150.497
106	150.525
106.1	150.553
106.2	150.581
106.3	150.609
106.4	150.637
106.5	150.664
106.6	150.692
106.7	150.72
106.8	150.748
106.9	150.776
107	150.804
107.1	150.832
107.2	150.86
107.3	150.887
107.4	150.915
107.5	150.943
107.6	150.971
107.7	150.999
107.8	151.026
107.9	151.054
108	151.082
108.1	151.11
108.2	151.137
108.3	151.165
108.4	151.193
108.5	151.22
108.6	151.248
108.7	151.276
108.8	151.303
108.9	151.331
109	151.359
109.1	151.386
109.2	151.414
109.3	151.441
109.4	151.469
109.5	151.496
109.6	151.524
109.7	151.551
109.8	151.579
109.9	151.606
110	151.634
110.1	151.661
110.2	151.689
110.3	151.716
110.4	151.744
110.5	151.771
110.6	151.799
110.7	151.826
110.8	151.853
110.9	151.881
111	151.908
111.1	151.936
111.2	151.963
111.3	151.99
111.4	152.017
111.5	152.045
111.6	152.072
111.7	152.099
111.8	152.127
111.9	152.154
112	152.181
112.1	152.208
112.2	152.236
112.3	152.263
112.4	152.29
112.5	152.317
112.6	152.344
112.7	152.371
112.8	152.399
112.9	152.426
113	152.453
113.1	152.48
113.2	152.507
113.3	152.534
113.4	152.561
113.5	152.588
113.6	152.615
113.7	152.642
113.8	152.669
113.9	152.696
114	152.723
114.1	152.75
114.2	152.777
114.3	152.804
114.4	152.831
114.5	152.858
114.6	152.885
114.7	152.912
114.8	152.939
114.9	152.966
115	152.993
115.1	153.02
115.2	153.046
115.3	153.073
115.4	153.1
115.5	153.127
115.6	153.154
115.7	153.181
115.8	153.207
115.9	153.234
116	153.261
116.1	153.288
116.2	153.314
116.3	153.341
116.4	153.368
116.5	153.395
116.6	153.421
116.7	153.448
116.8	153.475
116.9	153.501
117	153.528
117.1	153.555
117.2	153.581
117.3	153.608
117.4	153.634
117.5	153.661
117.6	153.688
117.7	153.714
117.8	153.741
117.9	153.767
118	153.794
118.1	153.82
118.2	153.847
118.3	153.873
118.4	153.9
118.5	153.926
118.6	153.953
118.7	153.979
118.8	154.006
118.9	154.032
119	154.059
119.1	154.085
119.2	154.111
119.3	154.138
119.4	154.164
119.5	154.19
119.6	154.217
119.7	154.243
119.8	154.269
119.9	154.296
120	154.322
120.1	154.348
120.2	154.375
120.3	154.401
120.4	154.427
120.5	154.454
120.6	154.48
120.7	154.506
120.8	154.532
120.9	154.558
121	154.585
121.1	154.611
121.2	154.637
121.3	154.663
121.4	154.689
121.5	154.715
121.6	154.742
121.7	154.768
121.8	154.794
121.9	154.82
122	154.846
122.1	154.872
122.2	154.898
122.3	154.924
122.4	154.95
122.5	154.976
122.6	155.002
122.7	155.028
122.8	155.054
122.9	155.08
123	155.106
123.1	155.132
123.2	155.158
123.3	155.184
123.4	155.21
123.5	155.236
123.6	155.262
123.7	155.288
123.8	155.314
123.9	155.34
124	155.366
124.1	155.391
124.2	155.417
124.3	155.443
124.4	155.469
124.5	155.495
124.6	155.521
124.7	155.546
124.8	155.572
124.9	155.598
125	155.624
125.1	155.65
125.2	155.675
125.3	155.701
125.4	155.727
125.5	155.752
125.6	155.778
125.7	155.804
125.8	155.83
125.9	155.855
126	155.881
126.1	155.907
126.2	155.932
126.3	155.958
126.4	155.983
126.5	156.009
126.6	156.035
126.7	156.06
126.8	156.086
126.9	156.111
127	156.137
127.1	156.163
127.2	156.188
127.3	156.214
127.4	156.239
127.5	156.265
127.6	156.29
127.7	156.316
127.8	156.341
127.9	156.367
128	156.392
128.1	156.417
128.2	156.443
128.3	156.468
128.4	156.494
128.5	156.519
128.6	156.545
128.7	156.57
128.8	156.595
128.9	156.621
129	156.646
129.1	156.671
129.2	156.697
129.3	156.722
129.4	156.747
129.5	156.773
129.6	156.798
129.7	156.823
129.8	156.849
129.9	156.874
130	156.899
130.1	156.924
130.2	156.95
130.3	156.975
130.4	157
130.5	157.025
130.6	157.05
130.7	157.076
130.8	157.101
130.9	157.126
131	157.151
131.1	157.176
131.2	157.201
131.3	157.227
131.4	157.252
131.5	157.277
131.6	157.302
131.7	157.327
131.8	157.352
131.9	157.377
132	157.402
132.1	157.427
132.2	157.452
132.3	157.477
132.4	157.502
132.5	157.527
132.6	157.552
132.7	157.577
132.8	157.602
132.9	157.627
133	157.652
133.1	157.677
133.2	157.702
133.3	157.727
133.4	157.752
133.5	157.777
133.6	157.802
133.7	157.827
133.8	157.852
133.9	157.876
134	157.901
134.1	157.926
134.2	157.951
134.3	157.976
134.4	158.001
134.5	158.026
134.6	158.05
134.7	158.075
134.8	158.1
134.9	158.125
135	158.149
135.1	158.174
135.2	158.199
135.3	158.224
135.4	158.248
135.5	158.273
135.6	158.298
135.7	158.323
135.8	158.347
135.9	158.372
136	158.397
136.1	158.421
136.2	158.446
136.3	158.471
136.4	158.495
136.5	158.52
136.6	158.545
136.7	158.569
136.8	158.594
136.9	158.618
137	158.643
137.1	158.667
137.2	158.692
137.3	158.717
137.4	158.741
137.5	158.766
137.6	158.79
137.7	158.815
137.8	158.839
137.9	158.864
138	158.888
138.1	158.913
138.2	158.937
138.3	158.962
138.4	158.986
138.5	159.011
138.6	159.035
138.7	159.059
138.8	159.084
138.9	159.108
139	159.133
139.1	159.157
139.2	159.181
139.3	159.206
139.4	159.23
139.5	159.255
139.6	159.279
139.7	159.303
139.8	159.328
139.9	159.352
140	159.376
140.1	159.4
140.2	159.425
140.3	159.449
140.4	159.473
140.5	159.498
140.6	159.522
140.7	159.546
140.8	159.57
140.9	159.595
141	159.619
141.1	159.643
141.2	159.667
141.3	159.691
141.4	159.716
141.5	159.74
141.6	159.764
141.7	159.788
141.8	159.812
141.9	159.836
142	159.86
142.1	159.885
142.2	159.909
142.3	159.933
142.4	159.957
142.5	159.981
142.6	160.005
142.7	160.029
142.8	160.053
142.9	160.077
143	160.101
143.1	160.125
143.2	160.149
143.3	160.173
143.4	160.197
143.5	160.221
143.6	160.245
143.7	160.269
143.8	160.293
143.9	160.317
144	160.341
144.1	160.365
144.2	160.389
144.3	160.413
144.4	160.437
144.5	160.461
144.6	160.485
144.7	160.509
144.8	160.532
144.9	160.556
145	160.58
145.1	160.604
145.2	160.628
145.3	160.652
145.4	160.676
145.5	160.699
145.6	160.723
145.7	160.747
145.8	160.771
145.9	160.795
146	160.818
146.1	160.842
146.2	160.866
146.3	160.89
146.4	160.913
146.5	160.937
146.6	160.961
146.7	160.985
146.8	161.008
146.9	161.032
147	161.056
147.1	161.079
147.2	161.103
147.3	161.127
147.4	161.15
147.5	161.174
147.6	161.198
147.7	161.221
147.8	161.245
147.9	161.269
148	161.292
148.1	161.316
148.2	161.339
148.3	161.363
148.4	161.387
148.5	161.41
148.6	161.434
148.7	161.457
148.8	161.481
148.9	161.504
149	161.528
149.1	161.551
149.2	161.575
149.3	161.598
149.4	161.622
149.5	161.645
149.6	161.669
149.7	161.692
149.8	161.716
149.9	161.739
150	161.763
150.1	161.786
150.2	161.81
150.3	161.833
150.4	161.856
150.5	161.88
150.6	161.903
150.7	161.927
150.8	161.95
150.9	161.973
151	161.997
151.1	162.02
151.2	162.043
151.3	162.067
151.4	162.09
151.5	162.113
151.6	162.137
151.7	162.16
151.8	162.183
151.9	162.207
152	162.23
152.1	162.253
152.2	162.277
152.3	162.3
152.4	162.323
152.5	162.346
152.6	162.37
152.7	162.393
152.8	162.416
152.9	162.439
153	162.462
153.1	162.486
153.2	162.509
153.3	162.532
153.4	162.555
153.5	162.578
153.6	162.601
153.7	162.625
153.8	162.648
153.9	162.671
154	162.694
154.1	162.717
154.2	162.74
154.3	162.763
154.4	162.786
154.5	162.809
154.6	162.833
154.7	162.856
154.8	162.879
154.9	162.902
155	162.925
155.1	162.948
155.2	162.971
155.3	162.994
155.4	163.017
155.5	163.04
155.6	163.063
155.7	163.086
155.8	163.109
155.9	163.132
156	163.155
156.1	163.178
156.2	163.201
156.3	163.224
156.4	163.247
156.5	163.27
156.6	163.292
156.7	163.315
156.8	163.338
156.9	163.361
157	163.384
157.1	163.407
157.2	163.43
157.3	163.453
157.4	163.476
157.5	163.498
157.6	163.521
157.7	163.544
157.8	163.567
157.9	163.59
158	163.612
158.1	163.635
158.2	163.658
158.3	163.681
158.4	163.704
158.5	163.726
158.6	163.749
158.7	163.772
158.8	163.795
158.9	163.817
159	163.84
159.1	163.863
159.2	163.886
159.3	163.908
159.4	163.931
159.5	163.954
159.6	163.976
159.7	163.999
159.8	164.022
159.9	164.044
160	164.067
160.1	164.09
160.2	164.112
160.3	164.135
160.4	164.158
160.5	164.18
160.6	164.203
160.7	164.226
160.8	164.248
160.9	164.271
161	164.293
161.1	164.316
161.2	164.338
161.3	164.361
161.4	164.384
161.5	164.406
161.6	164.429
161.7	164.451
161.8	164.474
161.9	164.496
162	164.519
162.1	164.541
162.2	164.564
162.3	164.586
162.4	164.609
162.5	164.631
162.6	164.654
162.7	164.676
162.8	164.699
162.9	164.721
163	164.743
163.1	164.766
163.2	164.788
163.3	164.811
163.4	164.833
163.5	164.856
163.6	164.878
163.7	164.9
163.8	164.923
163.9	164.945
164	164.967
164.1	164.99
164.2	165.012
164.3	165.035
164.4	165.057
164.5	165.079
164.6	165.101
164.7	165.124
164.8	165.146
164.9	165.168
165	165.191
165.1	165.213
165.2	165.235
165.3	165.258
165.4	165.28
165.5	165.302
165.6	165.324
165.7	165.347
165.8	165.369
165.9	165.391
166	165.413
166.1	165.435
166.2	165.458
166.3	165.48
166.4	165.502
166.5	165.524
166.6	165.546
166.7	165.569
166.8	165.591
166.9	165.613
167	165.635
167.1	165.657
167.2	165.679
167.3	165.701
167.4	165.724
167.5	165.746
167.6	165.768
167.7	165.79
167.8	165.812
167.9	165.834
168	165.856
168.1	165.878
168.2	165.9
168.3	165.922
168.4	165.944
168.5	165.966
168.6	165.988
168.7	166.011
168.8	166.033
168.9	166.055
169	166.077
169.1	166.099
169.2	166.121
169.3	166.143
169.4	166.165
169.5	166.186
169.6	166.208
169.7	166.23
169.8	166.252
169.9	166.274
170	166.296
170.1	166.318
170.2	166.34
170.3	166.362
170.4	166.384
170.5	166.406
170.6	166.428
170.7	166.45
170.8	166.472
170.9	166.493
171	166.515
171.1	166.537
171.2	166.559
171.3	166.581
171.4	166.603
171.5	166.625
171.6	166.646
171.7	166.668
171.8	166.69
171.9	166.712
172	166.734
172.1	166.755
172.2	166.777
172.3	166.799
172.4	166.821
172.5	166.843
172.6	166.864
172.7	166.886
172.8	166.908
172.9	166.93
173	166.951
173.1	166.973
173.2	166.995
173.3	167.016
173.4	167.038
173.5	167.06
173.6	167.082
173.7	167.103
173.8	167.125
173.9	167.147
174	167.168
174.1	167.19
174.2	167.212
174.3	167.233
174.4	167.255
174.5	167.276
174.6	167.298
174.7	167.32
174.8	167.341
174.9	167.363
175	167.385
175.1	167.406
175.2	167.428
175.3	167.449
175.4	167.471
175.5	167.492
175.6	167.514
175.7	167.536
175.8	167.557
175.9	167.579
176	167.6
176.1	167.622
176.2	167.643
176.3	167.665
176.4	167.686
176.5	167.708
176.6	167.729
176.7	167.751
176.8	167.772
176.9	167.794
177	167.815
177.1	167.837
177.2	167.858
177.3	167.88
177.4	167.901
177.5	167.922
177.6	167.944
177.7	167.965
177.8	167.987
177.9	168.008
178	168.03
178.1	168.051
178.2	168.072
178.3	168.094
178.4	168.115
178.5	168.136
178.6	168.158
178.7	168.179
178.8	168.201
178.9	168.222
179	168.243
179.1	168.265
179.2	168.286
179.3	168.307
179.4	168.328
179.5	168.35
179.6	168.371
179.7	168.392
179.8	168.414
179.9	168.435
180	168.456
180.1	168.477
180.2	168.499
180.3	168.52
180.4	168.541
180.5	168.563
180.6	168.584
180.7	168.605
180.8	168.626
180.9	168.647
181	168.669
181.1	168.69
181.2	168.711
181.3	168.732
181.4	168.753
181.5	168.775
181.6	168.796
181.7	168.817
181.8	168.838
181.9	168.859
182	168.88
182.1	168.902
182.2	168.923
182.3	168.944
182.4	168.965
182.5	168.986
182.6	169.007
182.7	169.028
182.8	169.049
182.9	169.07
183	169.092
183.1	169.113
183.2	169.134
183.3	169.155
183.4	169.176
183.5	169.197
183.6	169.218
183.7	169.239
183.8	169.26
183.9	169.281
184	169.302
184.1	169.323
184.2	169.344
184.3	169.365
184.4	169.386
184.5	169.407
184.6	169.428
184.7	169.449
184.8	169.47
184.9	169.491
185	169.512
185.1	169.533
185.2	169.554
185.3	169.575
185.4	169.596
185.5	169.617
185.6	169.638
185.7	169.659
185.8	169.679
185.9	169.7
186	169.721
186.1	169.742
186.2	169.763
186.3	169.784
186.4	169.805
186.5	169.826
186.6	169.847
186.7	169.867
186.8	169.888
186.9	169.909
187	169.93
187.1	169.951
187.2	169.972
187.3	169.992
187.4	170.013
187.5	170.034
187.6	170.055
187.7	170.076
187.8	170.096
187.9	170.117
188	170.138
188.1	170.159
188.2	170.18
188.3	170.2
188.4	170.221
188.5	170.242
188.6	170.263
188.7	170.283
188.8	170.304
188.9	170.325
189	170.346
189.1	170.366
189.2	170.387
189.3	170.408
189.4	170.428
189.5	170.449
189.6	170.47
189.7	170.49
189.8	170.511
189.9	170.532
190	170.552
190.1	170.573
190.2	170.594
190.3	170.614
190.4	170.635
190.5	170.656
190.6	170.676
190.7	170.697
190.8	170.717
190.9	170.738
191	170.759
191.1	170.779
191.2	170.8
191.3	170.82
191.4	170.841
191.5	170.862
191.6	170.882
191.7	170.903
191.8	170.923
191.9	170.944
192	170.964
192.1	170.985
192.2	171.005
192.3	171.026
192.4	171.047
192.5	171.067
192.6	171.088
192.7	171.108
192.8	171.129
192.9	171.149
193	171.17
193.1	171.19
193.2	171.21
193.3	171.231
193.4	171.251
193.5	171.272
193.6	171.292
193.7	171.313
193.8	171.333
193.9	171.354
194	171.374
194.1	171.394
194.2	171.415
194.3	171.435
194.4	171.456
194.5	171.476
194.6	171.497
194.7	171.517
194.8	171.537
194.9	171.558
195	171.578
195.1	171.598
195.2	171.619
195.3	171.639
195.4	171.659
195.5	171.68
195.6	171.7
195.7	171.72
195.8	171.741
195.9	171.761
196	171.781
196.1	171.802
196.2	171.822
196.3	171.842
196.4	171.863
196.5	171.883
196.6	171.903
196.7	171.923
196.8	171.944
196.9	171.964
197	171.984
197.1	172.005
197.2	172.025
197.3	172.045
197.4	172.065
197.5	172.085
197.6	172.106
197.7	172.126
197.8	172.146
197.9	172.166
198	172.187
198.1	172.207
198.2	172.227
198.3	172.247
198.4	172.267
198.5	172.287
198.6	172.308
198.7	172.328
198.8	172.348
198.9	172.368
199	172.388
199.1	172.408
199.2	172.429
199.3	172.449
199.4	172.469
199.5	172.489
199.6	172.509
199.7	172.529
199.8	172.549
199.9	172.569
200	172.589
200.1	172.61
200.2	172.63
200.3	172.65
200.4	172.67
200.5	172.69
200.6	172.71
200.7	172.73
200.8	172.75
200.9	172.77
201	172.79
201.1	172.81
201.2	172.83
201.3	172.85
201.4	172.87
201.5	172.89
201.6	172.91
201.7	172.93
201.8	172.95
201.9	172.97
202	172.99
202.1	173.01
202.2	173.03
202.3	173.05
202.4	173.07
202.5	173.09
202.6	173.11
202.7	173.13
202.8	173.15
202.9	173.17
203	173.19
203.1	173.21
203.2	173.23
203.3	173.249
203.4	173.269
203.5	173.289
203.6	173.309
203.7	173.329
203.8	173.349
203.9	173.369
204	173.389
204.1	173.409
204.2	173.428
204.3	173.448
204.4	173.468
204.5	173.488
204.6	173.508
204.7	173.528
204.8	173.547
204.9	173.567
205	173.587
205.1	173.607
205.2	173.627
205.3	173.647
205.4	173.666
205.5	173.686
205.6	173.706
205.7	173.726
205.8	173.746
205.9	173.765
206	173.785
206.1	173.805
206.2	173.825
206.3	173.844
206.4	173.864
206.5	173.884
206.6	173.904
206.7	173.923
206.8	173.943
206.9	173.963
207	173.982
207.1	174.002
207.2	174.022
207.3	174.042
207.4	174.061
207.5	174.081
207.6	174.101
207.7	174.12
207.8	174.14
207.9	174.16
208	174.179
208.1	174.199
208.2	174.219
208.3	174.238
208.4	174.258
208.5	174.278
208.6	174.297
208.7	174.317
208.8	174.336
208.9	174.356
209	174.376
209.1	174.395
209.2	174.415
209.3	174.435
209.4	174.454
209.5	174.474
209.6	174.493
209.7	174.513
209.8	174.532
209.9	174.552
210	174.572
210.1	174.591
210.2	174.611
210.3	174.63
210.4	174.65
210.5	174.669
210.6	174.689
210.7	174.708
210.8	174.728
210.9	174.747
211	174.767
211.1	174.786
211.2	174.806
211.3	174.825
211.4	174.845
211.5	174.864
211.6	174.884
211.7	174.903
211.8	174.923
211.9	174.942
212	174.962
212.1	174.981
212.2	175.001
212.3	175.02
212.4	175.04
212.5	175.059
212.6	175.078
212.7	175.098
212.8	175.117
212.9	175.137
213	175.156
213.1	175.175
213.2	175.195
213.3	175.214
213.4	175.234
213.5	175.253
213.6	175.272
213.7	175.292
213.8	175.311
213.9	175.331
214	175.35
214.1	175.369
214.2	175.389
214.3	175.408
214.4	175.427
214.5	175.447
214.6	175.466
214.7	175.485
214.8	175.505
214.9	175.524
215	175.543
215.1	175.563
215.2	175.582
215.3	175.601
215.4	175.62
215.5	175.64
215.6	175.659
215.7	175.678
215.8	175.698
215.9	175.717
216	175.736
216.1	175.755
216.2	175.775
216.3	175.794
216.4	175.813
216.5	175.832
216.6	175.852
216.7	175.871
216.8	175.89
216.9	175.909
217	175.928
217.1	175.948
217.2	175.967
217.3	175.986
217.4	176.005
217.5	176.024
217.6	176.044
217.7	176.063
217.8	176.082
217.9	176.101
218	176.12
218.1	176.139
218.2	176.159
218.3	176.178
218.4	176.197
218.5	176.216
218.6	176.235
218.7	176.254
218.8	176.273
218.9	176.292
219	176.312
219.1	176.331
219.2	176.35
219.3	176.369
219.4	176.388
219.5	176.407
219.6	176.426
219.7	176.445
219.8	176.464
219.9	176.483
220	176.502
220.1	176.522
220.2	176.541
220.3	176.56
220.4	176.579
220.5	176.598
220.6	176.617
220.7	176.636
220.8	176.655
220.9	176.674
221	176.693
221.1	176.712
221.2	176.731
221.3	176.75
221.4	176.769
221.5	176.788
221.6	176.807
221.7	176.826
221.8	176.845
221.9	176.864
222	176.883
222.1	176.902
222.2	176.921
222.3	176.94
222.4	176.959
222.5	176.978
222.6	176.997
222.7	177.015
222.8	177.034
222.9	177.053
223	177.072
223.1	177.091
223.2	177.11
223.3	177.129
223.4	177.148
223.5	177.167
223.6	177.186
223.7	177.205
223.8	177.223
223.9	177.242
224	177.261
224.1	177.28
224.2	177.299
224.3	177.318
224.4	177.337
224.5	177.356
224.6	177.374
224.7	177.393
224.8	177.412
224.9	177.431
225	177.45
225.1	177.469
225.2	177.487
225.3	177.506
225.4	177.525
225.5	177.544
225.6	177.563
225.7	177.581
225.8	177.6
225.9	177.619
226	177.638
226.1	177.657
226.2	177.675
226.3	177.694
226.4	177.713
226.5	177.732
226.6	177.75
226.7	177.769
226.8	177.788
226.9	177.807
227	177.825
227.1	177.844
227.2	177.863
227.3	177.882
227.4	177.9
227.5	177.919
227.6	177.938
227.7	177.956
227.8	177.975
227.9	177.994
228	178.013
228.1	178.031
228.2	178.05
228.3	178.069
228.4	178.087
228.5	178.106
228.6	178.125
228.7	178.143
228.8	178.162
228.9	178.181
229	178.199
229.1	178.218
229.2	178.237
229.3	178.255
229.4	178.274
229.5	178.292
229.6	178.311
229.7	178.33
229.8	178.348
229.9	178.367
230	178.385
230.1	178.404
230.2	178.423
230.3	178.441
230.4	178.46
230.5	178.478
230.6	178.497
230.7	178.516
230.8	178.534
230.9	178.553
231	178.571
231.1	178.59
231.2	178.608
231.3	178.627
231.4	178.645
231.5	178.664
231.6	178.683
231.7	178.701
231.8	178.72
231.9	178.738
232	178.757
232.1	178.775
232.2	178.794
232.3	178.812
232.4	178.831
232.5	178.849
232.6	178.868
232.7	178.886
232.8	178.905
232.9	178.923
233	178.941
233.1	178.96
233.2	178.978
233.3	178.997
233.4	179.015
233.5	179.034
233.6	179.052
233.7	179.071
233.8	179.089
233.9	179.108
234	179.126
234.1	179.144
234.2	179.163
234.3	179.181
234.4	179.2
234.5	179.218
234.6	179.236
234.7	179.255
234.8	179.273
234.9	179.292
235	179.31
235.1	179.328
235.2	179.347
235.3	179.365
235.4	179.383
235.5	179.402
235.6	179.42
235.7	179.438
235.8	179.457
235.9	179.475
236	179.494
236.1	179.512
236.2	179.53
236.3	179.549
236.4	179.567
236.5	179.585
236.6	179.603
236.7	179.622
236.8	179.64
236.9	179.658
237	179.677
237.1	179.695
237.2	179.713
237.3	179.732
237.4	179.75
237.5	179.768
237.6	179.786
237.7	179.805
237.8	179.823
237.9	179.841
238	179.859
238.1	179.878
238.2	179.896
238.3	179.914
238.4	179.932
238.5	179.951
238.6	179.969
238.7	179.987
238.8	180.005
238.9	180.023
239	180.042
239.1	180.06
239.2	180.078
239.3	180.096
239.4	180.114
239.5	180.133
239.6	180.151
239.7	180.169
239.8	180.187
239.9	180.205
240	180.224
240.1	180.242
240.2	180.26
240.3	180.278
240.4	180.296
240.5	180.314
240.6	180.332
240.7	180.351
240.8	180.369
240.9	180.387
241	180.405
241.1	180.423
241.2	180.441
241.3	180.459
241.4	180.477
241.5	180.496
241.6	180.514
241.7	180.532
241.8	180.55
241.9	180.568
242	180.586
242.1	180.604
242.2	180.622
242.3	180.64
242.4	180.658
242.5	180.676
242.6	180.694
242.7	180.712
242.8	180.731
242.9	180.749
243	180.767
243.1	180.785
243.2	180.803
243.3	180.821
243.4	180.839
243.5	180.857
243.6	180.875
243.7	180.893
243.8	180.911
243.9	180.929
244	180.947
244.1	180.965
244.2	180.983
244.3	181.001
244.4	181.019
244.5	181.037
244.6	181.055
244.7	181.073
244.8	181.091
244.9	181.109
245	181.127
245.1	181.145
245.2	181.162
245.3	181.18
245.4	181.198
245.5	181.216
245.6	181.234
245.7	181.252
245.8	181.27
245.9	181.288
246	181.306
246.1	181.324
246.2	181.342
246.3	181.36
246.4	181.378
246.5	181.395
246.6	181.413
246.7	181.431
246.8	181.449
246.9	181.467
247	181.485
247.1	181.503
247.2	181.521
247.3	181.539
247.4	181.556
247.5	181.574
247.6	181.592
247.7	181.61
247.8	181.628
247.9	181.646
248	181.663
248.1	181.681
248.2	181.699
248.3	181.717
248.4	181.735
248.5	181.753
248.6	181.77
248.7	181.788
248.8	181.806
248.9	181.824
249	181.842
249.1	181.859
249.2	181.877
249.3	181.895
249.4	181.913
249.5	181.931
249.6	181.948
249.7	181.966
249.8	181.984
249.9	182.002
250	182.019
250.1	182.037
250.2	182.055
250.3	182.073
250.4	182.09
250.5	182.108
250.6	182.126
250.7	182.144
250.8	182.161
250.9	182.179
251	182.197
251.1	182.214
251.2	182.232
251.3	182.25
251.4	182.268
251.5	182.285
251.6	182.303
251.7	182.321
251.8	182.338
251.9	182.356
252	182.374
252.1	182.391
252.2	182.409
252.3	182.427
252.4	182.444
252.5	182.462
252.6	182.48
252.7	182.497
252.8	182.515
252.9	182.533
253	182.55
253.1	182.568
253.2	182.586
253.3	182.603
253.4	182.621
253.5	182.638
253.6	182.656
253.7	182.674
253.8	182.691
253.9	182.709
254	182.726
254.1	182.744
254.2	182.762
254.3	182.779
254.4	182.797
254.5	182.814
254.6	182.832
254.7	182.85
254.8	182.867
254.9	182.885
255	182.902
255.1	182.92
255.2	182.937
255.3	182.955
255.4	182.972
255.5	182.99
255.6	183.008
255.7	183.025
255.8	183.043
255.9	183.06
256	183.078
256.1	183.095
256.2	183.113
256.3	183.13
256.4	183.148
256.5	183.165
256.6	183.183
256.7	183.2
256.8	183.218
256.9	183.235
257	183.253
257.1	183.27
257.2	183.288
257.3	183.305
257.4	183.323
257.5	183.34
257.6	183.357
257.7	183.375
257.8	183.392
257.9	183.41
258	183.427
258.1	183.445
258.2	183.462
258.3	183.48
258.4	183.497
258.5	183.514
258.6	183.532
258.7	183.549
258.8	183.567
258.9	183.584
259	183.602
259.1	183.619
259.2	183.636
259.3	183.654
259.4	183.671
259.5	183.689
259.6	183.706
259.7	183.723
259.8	183.741
259.9	183.758
260	183.775
260.1	183.793
260.2	183.81
260.3	183.828
260.4	183.845
260.5	183.862
260.6	183.88
260.7	183.897
260.8	183.914
260.9	183.932
261	183.949
261.1	183.966
261.2	183.984
261.3	184.001
261.4	184.018
261.5	184.036
261.6	184.053
261.7	184.07
261.8	184.087
261.9	184.105
262	184.122
262.1	184.139
262.2	184.157
262.3	184.174
262.4	184.191
262.5	184.208
262.6	184.226
262.7	184.243
262.8	184.26
262.9	184.278
263	184.295
263.1	184.312
263.2	184.329
263.3	184.347
263.4	184.364
263.5	184.381
263.6	184.398
263.7	184.416
263.8	184.433
263.9	184.45
264	184.467
264.1	184.484
264.2	184.502
264.3	184.519
264.4	184.536
264.5	184.553
264.6	184.57
264.7	184.588
264.8	184.605
264.9	184.622
265	184.639
265.1	184.656
265.2	184.674
265.3	184.691
265.4	184.708
265.5	184.725
265.6	184.742
265.7	184.759
265.8	184.777
265.9	184.794
266	184.811
266.1	184.828
266.2	184.845
266.3	184.862
266.4	184.879
266.5	184.897
266.6	184.914
266.7	184.931
266.8	184.948
266.9	184.965
267	184.982
267.1	184.999
267.2	185.016
267.3	185.034
267.4	185.051
267.5	185.068
267.6	185.085
267.7	185.102
267.8	185.119
267.9	185.136
268	185.153
268.1	185.17
268.2	185.187
268.3	185.204
268.4	185.221
268.5	185.238
268.6	185.256
268.7	185.273
268.8	185.29
268.9	185.307
269	185.324
269.1	185.341
269.2	185.358
269.3	185.375
269.4	185.392
269.5	185.409
269.6	185.426
269.7	185.443
269.8	185.46
269.9	185.477
270	185.494
270.1	185.511
270.2	185.528
270.3	185.545
270.4	185.562
270.5	185.579
270.6	185.596
270.7	185.613
270.8	185.63
270.9	185.647
271	185.664
271.1	185.681
271.2	185.698
271.3	185.715
271.4	185.732
271.5	185.749
271.6	185.766
271.7	185.782
271.8	185.799
271.9	185.816
272	185.833
272.1	185.85
272.2	185.867
272.3	185.884
272.4	185.901
272.5	185.918
272.6	185.935
272.7	185.952
272.8	185.969
272.9	185.986
273	186.002
273.1	186.019
273.2	186.036
273.3	186.053
273.4	186.07
273.5	186.087
273.6	186.104
273.7	186.121
273.8	186.138
273.9	186.154
274	186.171
274.1	186.188
274.2	186.205
274.3	186.222
274.4	186.239
274.5	186.256
274.6	186.272
274.7	186.289
274.8	186.306
274.9	186.323
275	186.34
275.1	186.357
275.2	186.373
275.3	186.39
275.4	186.407
275.5	186.424
275.6	186.441
275.7	186.457
275.8	186.474
275.9	186.491
276	186.508
276.1	186.525
276.2	186.541
276.3	186.558
276.4	186.575
276.5	186.592
276.6	186.609
276.7	186.625
276.8	186.642
276.9	186.659
277	186.676
277.1	186.692
277.2	186.709
277.3	186.726
277.4	186.743
277.5	186.759
277.6	186.776
277.7	186.793
277.8	186.81
277.9	186.826
278	186.843
278.1	186.86
278.2	186.876
278.3	186.893
278.4	186.91
278.5	186.927
278.6	186.943
278.7	186.96
278.8	186.977
278.9	186.993
279	187.01
279.1	187.027
279.2	187.044
279.3	187.06
279.4	187.077
279.5	187.094
279.6	187.11
279.7	187.127
279.8	187.144
279.9	187.16
280	187.177
280.1	187.194
280.2	187.21
280.3	187.227
280.4	187.243
280.5	187.26
280.6	187.277
280.7	187.293
280.8	187.31
280.9	187.327
281	187.343
281.1	187.36
281.2	187.377
281.3	187.393
281.4	187.41
281.5	187.426
281.6	187.443
281.7	187.46
281.8	187.476
281.9	187.493
282	187.509
282.1	187.526
282.2	187.543
282.3	187.559
282.4	187.576
282.5	187.592
282.6	187.609
282.7	187.625
282.8	187.642
282.9	187.659
283	187.675
283.1	187.692
283.2	187.708
283.3	187.725
283.4	187.741
283.5	187.758
283.6	187.774
283.7	187.791
283.8	187.807
283.9	187.824
284	187.841
284.1	187.857
284.2	187.874
284.3	187.89
284.4	187.907
284.5	187.923
284.6	187.94
284.7	187.956
284.8	187.973
284.9	187.989
285	188.006
285.1	188.022
285.2	188.039
285.3	188.055
285.4	188.072
285.5	188.088
285.6	188.105
285.7	188.121
285.8	188.137
285.9	188.154
286	188.17
286.1	188.187
286.2	188.203
286.3	188.22
286.4	188.236
286.5	188.253
286.6	188.269
286.7	188.285
286.8	188.302
286.9	188.318
287	188.335
287.1	188.351
287.2	188.368
287.3	188.384
287.4	188.4
287.5	188.417
287.6	188.433
287.7	188.45
287.8	188.466
287.9	188.483
288	188.499
288.1	188.515
288.2	188.532
288.3	188.548
288.4	188.564
288.5	188.581
288.6	188.597
288.7	188.614
288.8	188.63
288.9	188.646
289	188.663
289.1	188.679
289.2	188.695
289.3	188.712
289.4	188.728
289.5	188.744
289.6	188.761
289.7	188.777
289.8	188.793
289.9	188.81
290	188.826
290.1	188.842
290.2	188.859
290.3	188.875
290.4	188.891
290.5	188.908
290.6	188.924
290.7	188.94
290.8	188.957
290.9	188.973
291	188.989
291.1	189.006
291.2	189.022
291.3	189.038
291.4	189.054
291.5	189.071
291.6	189.087
291.7	189.103
291.8	189.12
291.9	189.136
292	189.152
292.1	189.168
292.2	189.185
292.3	189.201
292.4	189.217
292.5	189.233
292.6	189.25
292.7	189.266
292.8	189.282
292.9	189.298
293	189.315
293.1	189.331
293.2	189.347
293.3	189.363
293.4	189.38
293.5	189.396
293.6	189.412
293.7	189.428
293.8	189.444
293.9	189.461
294	189.477
294.1	189.493
294.2	189.509
294.3	189.525
294.4	189.542
294.5	189.558
294.6	189.574
294.7	189.59
294.8	189.606
294.9	189.623
295	189.639
295.1	189.655
295.2	189.671
295.3	189.687
295.4	189.703
295.5	189.72
295.6	189.736
295.7	189.752
295.8	189.768
295.9	189.784
296	189.8
296.1	189.816
296.2	189.833
296.3	189.849
296.4	189.865
296.5	189.881
296.6	189.897
296.7	189.913
296.8	189.929
296.9	189.945
297	189.962
297.1	189.978
297.2	189.994
297.3	190.01
297.4	190.026
297.5	190.042
297.6	190.058
297.7	190.074
297.8	190.09
297.9	190.106
298	190.122
298.1	190.139
298.2	190.155
298.3	190.171
298.4	190.187
298.5	190.203
298.6	190.219
298.7	190.235
298.8	190.251
298.9	190.267
299	190.283
299.1	190.299
299.2	190.315
299.3	190.331
299.4	190.347
299.5	190.363
299.6	190.379
299.7	190.395
299.8	190.411
299.9	190.427
300	190.443
