W	Pred
1.5	125.488
1.6	124.766
1.7	124.107
1.8	123.501
1.9	122.944
2	122.428
2.1	121.95
2.2	121.507
2.3	121.093
2.4	120.707
2.5	120.346
2.6	120.008
2.7	119.691
2.8	119.393
2.9	119.113
3	118.849
3.1	118.6
3.2	118.365
3.3	118.143
3.4	117.933
3.5	117.735
3.6	117.547
3.7	117.369
3.8	117.2
3.9	117.04
4	116.888
4.1	116.744
4.2	116.607
4.3	116.477
4.4	116.354
4.5	116.237
4.6	116.125
4.7	116.02
4.8	115.919
4.9	115.824
5	115.733
5.1	115.647
5.2	115.565
5.3	115.488
5.4	115.414
5.5	115.344
5.6	115.278
5.7	115.215
5.8	115.156
5.9	115.1
6	115.046
6.1	114.996
6.2	114.949
6.3	114.904
6.4	114.862
6.5	114.822
6.6	114.785
6.7	114.75
6.8	114.717
6.9	114.686
7	114.658
7.1	114.631
7.2	114.607
7.3	114.584
7.4	114.563
7.5	114.544
7.6	114.526
7.7	114.51
7.8	114.496
7.9	114.483
8	114.472
8.1	114.462
8.2	114.453
8.3	114.446
8.4	114.44
8.5	114.435
8.6	114.432
8.7	114.43
8.8	114.428
8.9	114.428
9	114.429
9.1	114.431
9.2	114.435
9.3	114.439
9.4	114.444
9.5	114.449
9.6	114.456
9.7	114.464
9.8	114.473
9.9	114.482
10	114.492
10.1	114.503
10.2	114.515
10.3	114.527
10.4	114.541
10.5	114.555
10.6	114.569
10.7	114.584
10.8	114.6
10.9	114.617
11	114.634
11.1	114.652
11.2	114.67
11.3	114.689
11.4	114.709
11.5	114.729
11.6	114.749
11.7	114.771
11.8	114.792
11.9	114.814
12	114.837
12.1	114.86
12.2	114.883
12.3	114.907
12.4	114.932
12.5	114.957
12.6	114.982
12.7	115.008
12.8	115.034
12.9	115.06
13	115.087
13.1	115.114
13.2	115.142
13.3	115.17
13.4	115.198
13.5	115.226
13.6	115.255
13.7	115.285
13.8	115.314
13.9	115.344
14	115.374
14.1	115.405
14.2	115.436
14.3	115.467
14.4	115.498
14.5	115.53
14.6	115.562
14.7	115.594
14.8	115.626
14.9	115.659
15	115.692
15.1	115.725
15.2	115.758
15.3	115.792
15.4	115.825
15.5	115.86
15.6	115.894
15.7	115.928
15.8	115.963
15.9	115.998
16	116.033
16.1	116.068
16.2	116.104
16.3	116.139
16.4	116.175
16.5	116.211
16.6	116.247
16.7	116.283
16.8	116.32
16.9	116.357
17	116.393
17.1	116.43
17.2	116.468
17.3	116.505
17.4	116.542
17.5	116.58
17.6	116.618
17.7	116.655
17.8	116.693
17.9	116.732
18	116.77
18.1	116.808
18.2	116.847
18.3	116.885
18.4	116.924
18.5	116.963
18.6	117.002
18.7	117.041
18.8	117.08
18.9	117.12
19	117.159
19.1	117.198
19.2	117.238
19.3	117.278
19.4	117.318
19.5	117.358
19.6	117.398
19.7	117.438
19.8	117.478
19.9	117.518
20	117.559
20.1	117.599
20.2	117.64
20.3	117.68
20.4	117.721
20.5	117.762
20.6	117.802
20.7	117.843
20.8	117.884
20.9	117.925
21	117.967
21.1	118.008
21.2	118.049
21.3	118.09
21.4	118.132
21.5	118.173
21.6	118.215
21.7	118.256
21.8	118.298
21.9	118.34
22	118.382
22.1	118.423
22.2	118.465
22.3	118.507
22.4	118.549
22.5	118.591
22.6	118.633
22.7	118.675
22.8	118.718
22.9	118.76
23	118.802
23.1	118.844
23.2	118.887
23.3	118.929
23.4	118.972
23.5	119.014
23.6	119.057
23.7	119.099
23.8	119.142
23.9	119.184
24	119.227
24.1	119.27
24.2	119.312
24.3	119.355
24.4	119.398
24.5	119.441
24.6	119.484
24.7	119.527
24.8	119.57
24.9	119.612
25	119.655
25.1	119.698
25.2	119.742
25.3	119.785
25.4	119.828
25.5	119.871
25.6	119.914
25.7	119.957
25.8	120
25.9	120.043
26	120.087
26.1	120.13
26.2	120.173
26.3	120.216
26.4	120.26
26.5	120.303
26.6	120.346
26.7	120.39
26.8	120.433
26.9	120.476
27	120.52
27.1	120.563
27.2	120.607
27.3	120.65
27.4	120.694
27.5	120.737
27.6	120.781
27.7	120.824
27.8	120.868
27.9	120.911
28	120.955
28.1	120.998
28.2	121.042
28.3	121.085
28.4	121.129
28.5	121.172
28.6	121.216
28.7	121.26
28.8	121.303
28.9	121.347
29	121.39
29.1	121.434
29.2	121.478
29.3	121.521
29.4	121.565
29.5	121.608
29.6	121.652
29.7	121.696
29.8	121.739
29.9	121.783
30	121.827
30.1	121.87
30.2	121.914
30.3	121.958
30.4	122.001
30.5	122.045
30.6	122.089
30.7	122.132
30.8	122.176
30.9	122.22
31	122.263
31.1	122.307
31.2	122.351
31.3	122.394
31.4	122.438
31.5	122.482
31.6	122.525
31.7	122.569
31.8	122.612
31.9	122.656
32	122.7
32.1	122.743
32.2	122.787
32.3	122.831
32.4	122.874
32.5	122.918
32.6	122.962
32.7	123.005
32.8	123.049
32.9	123.092
33	123.136
33.1	123.18
33.2	123.223
33.3	123.267
33.4	123.31
33.5	123.354
33.6	123.397
33.7	123.441
33.8	123.484
33.9	123.528
34	123.572
34.1	123.615
34.2	123.659
34.3	123.702
34.4	123.746
34.5	123.789
34.6	123.833
34.7	123.876
34.8	123.92
34.9	123.963
35	124.006
35.1	124.05
35.2	124.093
35.3	124.137
35.4	124.18
35.5	124.224
35.6	124.267
35.7	124.31
35.8	124.354
35.9	124.397
36	124.44
36.1	124.484
36.2	124.527
36.3	124.57
36.4	124.614
36.5	124.657
36.6	124.7
36.7	124.744
36.8	124.787
36.9	124.83
37	124.873
37.1	124.917
37.2	124.96
37.3	125.003
37.4	125.046
37.5	125.089
37.6	125.133
37.7	125.176
37.8	125.219
37.9	125.262
38	125.305
38.1	125.348
38.2	125.391
38.3	125.434
38.4	125.477
38.5	125.521
38.6	125.564
38.7	125.607
38.8	125.65
38.9	125.693
39	125.736
39.1	125.779
39.2	125.822
39.3	125.864
39.4	125.907
39.5	125.95
39.6	125.993
39.7	126.036
39.8	126.079
39.9	126.122
40	126.165
40.1	126.207
40.2	126.25
40.3	126.293
40.4	126.336
40.5	126.379
40.6	126.421
40.7	126.464
40.8	126.507
40.9	126.55
41	126.592
41.1	126.635
41.2	126.678
41.3	126.72
41.4	126.763
41.5	126.806
41.6	126.848
41.7	126.891
41.8	126.933
41.9	126.976
42	127.018
42.1	127.061
42.2	127.103
42.3	127.146
42.4	127.188
42.5	127.231
42.6	127.273
42.7	127.316
42.8	127.358
42.9	127.401
43	127.443
43.1	127.485
43.2	127.528
43.3	127.57
43.4	127.612
43.5	127.655
43.6	127.697
43.7	127.739
43.8	127.781
43.9	127.824
44	127.866
44.1	127.908
44.2	127.95
44.3	127.992
44.4	128.034
44.5	128.077
44.6	128.119
44.7	128.161
44.8	128.203
44.9	128.245
45	128.287
45.1	128.329
45.2	128.371
45.3	128.413
45.4	128.455
45.5	128.497
45.6	128.539
45.7	128.581
45.8	128.623
45.9	128.665
46	128.706
46.1	128.748
46.2	128.79
46.3	128.832
46.4	128.874
46.5	128.916
46.6	128.957
46.7	128.999
46.8	129.041
46.9	129.083
47	129.124
47.1	129.166
47.2	129.208
47.3	129.249
47.4	129.291
47.5	129.332
47.6	129.374
47.7	129.416
47.8	129.457
47.9	129.499
48	129.54
48.1	129.582
48.2	129.623
48.3	129.665
48.4	129.706
48.5	129.748
48.6	129.789
48.7	129.83
48.8	129.872
48.9	129.913
49	129.955
49.1	129.996
49.2	130.037
49.3	130.078
49.4	130.12
49.5	130.161
49.6	130.202
49.7	130.243
49.8	130.285
49.9	130.326
50	130.367
50.1	130.408
50.2	130.449
50.3	130.49
50.4	130.531
50.5	130.573
50.6	130.614
50.7	130.655
50.8	130.696
50.9	130.737
51	130.778
51.1	130.819
51.2	130.86
51.3	130.9
51.4	130.941
51.5	130.982
51.6	131.023
51.7	131.064
51.8	131.105
51.9	131.146
52	131.186
52.1	131.227
52.2	131.268
52.3	131.309
52.4	131.349
52.5	131.39
52.6	131.431
52.7	131.472
52.8	131.512
52.9	131.553
53	131.593
53.1	131.634
53.2	131.675
53.3	131.715
53.4	131.756
53.5	131.796
53.6	131.837
53.7	131.877
53.8	131.918
53.9	131.958
54	131.999
54.1	132.039
54.2	132.08
54.3	132.12
54.4	132.16
54.5	132.201
54.6	132.241
54.7	132.281
54.8	132.322
54.9	132.362
55	132.402
55.1	132.442
55.2	132.483
55.3	132.523
55.4	132.563
55.5	132.603
55.6	132.643
55.7	132.683
55.8	132.724
55.9	132.764
56	132.804
56.1	132.844
56.2	132.884
56.3	132.924
56.4	132.964
56.5	133.004
56.6	133.044
56.7	133.084
56.8	133.124
56.9	133.164
57	133.203
57.1	133.243
57.2	133.283
57.3	133.323
57.4	133.363
57.5	133.403
57.6	133.442
57.7	133.482
57.8	133.522
57.9	133.562
58	133.601
58.1	133.641
58.2	133.681
58.3	133.72
58.4	133.76
58.5	133.8
58.6	133.839
58.7	133.879
58.8	133.919
58.9	133.958
59	133.998
59.1	134.037
59.2	134.077
59.3	134.116
59.4	134.156
59.5	134.195
59.6	134.234
59.7	134.274
59.8	134.313
59.9	134.353
60	134.392
60.1	134.431
60.2	134.471
60.3	134.51
60.4	134.549
60.5	134.589
60.6	134.628
60.7	134.667
60.8	134.706
60.9	134.745
61	134.785
61.1	134.824
61.2	134.863
61.3	134.902
61.4	134.941
61.5	134.98
61.6	135.019
61.7	135.058
61.8	135.097
61.9	135.136
62	135.175
62.1	135.214
62.2	135.253
62.3	135.292
62.4	135.331
62.5	135.37
62.6	135.409
62.7	135.448
62.8	135.487
62.9	135.526
63	135.565
63.1	135.603
63.2	135.642
63.3	135.681
63.4	135.72
63.5	135.758
63.6	135.797
63.7	135.836
63.8	135.875
63.9	135.913
64	135.952
64.1	135.99
64.2	136.029
64.3	136.068
64.4	136.106
64.5	136.145
64.6	136.183
64.7	136.222
64.8	136.26
64.9	136.299
65	136.337
65.1	136.376
65.2	136.414
65.3	136.453
65.4	136.491
65.5	136.53
65.6	136.568
65.7	136.606
65.8	136.645
65.9	136.683
66	136.721
66.1	136.76
66.2	136.798
66.3	136.836
66.4	136.874
66.5	136.913
66.6	136.951
66.7	136.989
66.8	137.027
66.9	137.065
67	137.103
67.1	137.142
67.2	137.18
67.3	137.218
67.4	137.256
67.5	137.294
67.6	137.332
67.7	137.37
67.8	137.408
67.9	137.446
68	137.484
68.1	137.522
68.2	137.56
68.3	137.598
68.4	137.636
68.5	137.673
68.6	137.711
68.7	137.749
68.8	137.787
68.9	137.825
69	137.863
69.1	137.9
69.2	137.938
69.3	137.976
69.4	138.014
69.5	138.051
69.6	138.089
69.7	138.127
69.8	138.164
69.9	138.202
70	138.24
70.1	138.277
70.2	138.315
70.3	138.353
70.4	138.39
70.5	138.428
70.6	138.465
70.7	138.503
70.8	138.54
70.9	138.578
71	138.615
71.1	138.653
71.2	138.69
71.3	138.727
71.4	138.765
71.5	138.802
71.6	138.84
71.7	138.877
71.8	138.914
71.9	138.952
72	138.989
72.1	139.026
72.2	139.064
72.3	139.101
72.4	139.138
72.5	139.175
72.6	139.212
72.7	139.25
72.8	139.287
72.9	139.324
73	139.361
73.1	139.398
73.2	139.435
73.3	139.472
73.4	139.51
73.5	139.547
73.6	139.584
73.7	139.621
73.8	139.658
73.9	139.695
74	139.732
74.1	139.769
74.2	139.806
74.3	139.843
74.4	139.879
74.5	139.916
74.6	139.953
74.7	139.99
74.8	140.027
74.9	140.064
75	140.101
75.1	140.137
75.2	140.174
75.3	140.211
75.4	140.248
75.5	140.284
75.6	140.321
75.7	140.358
75.8	140.395
75.9	140.431
76	140.468
76.1	140.505
76.2	140.541
76.3	140.578
76.4	140.614
76.5	140.651
76.6	140.688
76.7	140.724
76.8	140.761
76.9	140.797
77	140.834
77.1	140.87
77.2	140.907
77.3	140.943
77.4	140.98
77.5	141.016
77.6	141.052
77.7	141.089
77.8	141.125
77.9	141.162
78	141.198
78.1	141.234
78.2	141.271
78.3	141.307
78.4	141.343
78.5	141.379
78.6	141.416
78.7	141.452
78.8	141.488
78.9	141.524
79	141.561
79.1	141.597
79.2	141.633
79.3	141.669
79.4	141.705
79.5	141.741
79.6	141.778
79.7	141.814
79.8	141.85
79.9	141.886
80	141.922
80.1	141.958
80.2	141.994
80.3	142.03
80.4	142.066
80.5	142.102
80.6	142.138
80.7	142.174
80.8	142.21
80.9	142.246
81	142.281
81.1	142.317
81.2	142.353
81.3	142.389
81.4	142.425
81.5	142.461
81.6	142.496
81.7	142.532
81.8	142.568
81.9	142.604
82	142.64
82.1	142.675
82.2	142.711
82.3	142.747
82.4	142.782
82.5	142.818
82.6	142.854
82.7	142.889
82.8	142.925
82.9	142.961
83	142.996
83.1	143.032
83.2	143.067
83.3	143.103
83.4	143.138
83.5	143.174
83.6	143.209
83.7	143.245
83.8	143.28
83.9	143.316
84	143.351
84.1	143.387
84.2	143.422
84.3	143.458
84.4	143.493
84.5	143.528
84.6	143.564
84.7	143.599
84.8	143.634
84.9	143.67
85	143.705
85.1	143.74
85.2	143.776
85.3	143.811
85.4	143.846
85.5	143.881
85.6	143.917
85.7	143.952
85.8	143.987
85.9	144.022
86	144.057
86.1	144.093
86.2	144.128
86.3	144.163
86.4	144.198
86.5	144.233
86.6	144.268
86.7	144.303
86.8	144.338
86.9	144.373
87	144.408
87.1	144.443
87.2	144.478
87.3	144.513
87.4	144.548
87.5	144.583
87.6	144.618
87.7	144.653
87.8	144.688
87.9	144.723
88	144.758
88.1	144.793
88.2	144.827
88.3	144.862
88.4	144.897
88.5	144.932
88.6	144.967
88.7	145.001
88.8	145.036
88.9	145.071
89	145.106
89.1	145.14
89.2	145.175
89.3	145.21
89.4	145.244
89.5	145.279
89.6	145.314
89.7	145.348
89.8	145.383
89.9	145.418
90	145.452
90.1	145.487
90.2	145.521
90.3	145.556
90.4	145.591
90.5	145.625
90.6	145.66
90.7	145.694
90.8	145.729
90.9	145.763
91	145.798
91.1	145.832
91.2	145.866
91.3	145.901
91.4	145.935
91.5	145.97
91.6	146.004
91.7	146.038
91.8	146.073
91.9	146.107
92	146.141
92.1	146.176
92.2	146.21
92.3	146.244
92.4	146.279
92.5	146.313
92.6	146.347
92.7	146.381
92.8	146.416
92.9	146.45
93	146.484
93.1	146.518
93.2	146.552
93.3	146.587
93.4	146.621
93.5	146.655
93.6	146.689
93.7	146.723
93.8	146.757
93.9	146.791
94	146.825
94.1	146.859
94.2	146.893
94.3	146.927
94.4	146.961
94.5	146.995
94.6	147.029
94.7	147.063
94.8	147.097
94.9	147.131
95	147.165
95.1	147.199
95.2	147.233
95.3	147.267
95.4	147.301
95.5	147.335
95.6	147.368
95.7	147.402
95.8	147.436
95.9	147.47
96	147.504
96.1	147.537
96.2	147.571
96.3	147.605
96.4	147.639
96.5	147.672
96.6	147.706
96.7	147.74
96.8	147.774
96.9	147.807
97	147.841
97.1	147.875
97.2	147.908
97.3	147.942
97.4	147.976
97.5	148.009
97.6	148.043
97.7	148.076
97.8	148.11
97.9	148.143
98	148.177
98.1	148.21
98.2	148.244
98.3	148.278
98.4	148.311
98.5	148.344
98.6	148.378
98.7	148.411
98.8	148.445
98.9	148.478
99	148.512
99.1	148.545
99.2	148.578
99.3	148.612
99.4	148.645
99.5	148.679
99.6	148.712
99.7	148.745
99.8	148.779
99.9	148.812
100	148.845
100.1	148.878
100.2	148.912
100.3	148.945
100.4	148.978
100.5	149.011
100.6	149.045
100.7	149.078
100.8	149.111
100.9	149.144
101	149.177
101.1	149.21
101.2	149.244
101.3	149.277
101.4	149.31
101.5	149.343
101.6	149.376
101.7	149.409
101.8	149.442
101.9	149.475
102	149.508
102.1	149.541
102.2	149.574
102.3	149.607
102.4	149.64
102.5	149.673
102.6	149.706
102.7	149.739
102.8	149.772
102.9	149.805
103	149.838
103.1	149.871
103.2	149.904
103.3	149.937
103.4	149.97
103.5	150.002
103.6	150.035
103.7	150.068
103.8	150.101
103.9	150.134
104	150.167
104.1	150.199
104.2	150.232
104.3	150.265
104.4	150.298
104.5	150.33
104.6	150.363
104.7	150.396
104.8	150.429
104.9	150.461
105	150.494
105.1	150.527
105.2	150.559
105.3	150.592
105.4	150.625
105.5	150.657
105.6	150.69
105.7	150.722
105.8	150.755
105.9	150.787
106	150.82
106.1	150.853
106.2	150.885
106.3	150.918
106.4	150.95
106.5	150.983
106.6	151.015
106.7	151.048
106.8	151.08
106.9	151.113
107	151.145
107.1	151.177
107.2	151.21
107.3	151.242
107.4	151.275
107.5	151.307
107.6	151.339
107.7	151.372
107.8	151.404
107.9	151.436
108	151.469
108.1	151.501
108.2	151.533
108.3	151.566
108.4	151.598
108.5	151.63
108.6	151.662
108.7	151.695
108.8	151.727
108.9	151.759
109	151.791
109.1	151.824
109.2	151.856
109.3	151.888
109.4	151.92
109.5	151.952
109.6	151.984
109.7	152.017
109.8	152.049
109.9	152.081
110	152.113
110.1	152.145
110.2	152.177
110.3	152.209
110.4	152.241
110.5	152.273
110.6	152.305
110.7	152.337
110.8	152.369
110.9	152.401
111	152.433
111.1	152.465
111.2	152.497
111.3	152.529
111.4	152.561
111.5	152.593
111.6	152.625
111.7	152.657
111.8	152.689
111.9	152.721
112	152.752
112.1	152.784
112.2	152.816
112.3	152.848
112.4	152.88
112.5	152.912
112.6	152.943
112.7	152.975
112.8	153.007
112.9	153.039
113	153.071
113.1	153.102
113.2	153.134
113.3	153.166
113.4	153.197
113.5	153.229
113.6	153.261
113.7	153.293
113.8	153.324
113.9	153.356
114	153.388
114.1	153.419
114.2	153.451
114.3	153.482
114.4	153.514
114.5	153.546
114.6	153.577
114.7	153.609
114.8	153.64
114.9	153.672
115	153.703
115.1	153.735
115.2	153.766
115.3	153.798
115.4	153.829
115.5	153.861
115.6	153.892
115.7	153.924
115.8	153.955
115.9	153.987
116	154.018
116.1	154.05
116.2	154.081
116.3	154.112
116.4	154.144
116.5	154.175
116.6	154.207
116.7	154.238
116.8	154.269
116.9	154.301
117	154.332
117.1	154.363
117.2	154.395
117.3	154.426
117.4	154.457
117.5	154.488
117.6	154.52
117.7	154.551
117.8	154.582
117.9	154.613
118	154.645
118.1	154.676
118.2	154.707
118.3	154.738
118.4	154.769
118.5	154.801
118.6	154.832
118.7	154.863
118.8	154.894
118.9	154.925
119	154.956
119.1	154.987
119.2	155.018
119.3	155.049
119.4	155.081
119.5	155.112
119.6	155.143
119.7	155.174
119.8	155.205
119.9	155.236
120	155.267
120.1	155.298
120.2	155.329
120.3	155.36
120.4	155.391
120.5	155.422
120.6	155.453
120.7	155.484
120.8	155.514
120.9	155.545
121	155.576
121.1	155.607
121.2	155.638
121.3	155.669
121.4	155.7
121.5	155.731
121.6	155.761
121.7	155.792
121.8	155.823
121.9	155.854
122	155.885
122.1	155.916
122.2	155.946
122.3	155.977
122.4	156.008
122.5	156.039
122.6	156.069
122.7	156.1
122.8	156.131
122.9	156.162
123	156.192
123.1	156.223
123.2	156.254
123.3	156.284
123.4	156.315
123.5	156.346
123.6	156.376
123.7	156.407
123.8	156.437
123.9	156.468
124	156.499
124.1	156.529
124.2	156.56
124.3	156.59
124.4	156.621
124.5	156.652
124.6	156.682
124.7	156.713
124.8	156.743
124.9	156.774
125	156.804
125.1	156.835
125.2	156.865
125.3	156.896
125.4	156.926
125.5	156.956
125.6	156.987
125.7	157.017
125.8	157.048
125.9	157.078
126	157.109
126.1	157.139
126.2	157.169
126.3	157.2
126.4	157.23
126.5	157.26
126.6	157.291
126.7	157.321
126.8	157.351
126.9	157.382
127	157.412
127.1	157.442
127.2	157.473
127.3	157.503
127.4	157.533
127.5	157.563
127.6	157.594
127.7	157.624
127.8	157.654
127.9	157.684
128	157.715
128.1	157.745
128.2	157.775
128.3	157.805
128.4	157.835
128.5	157.865
128.6	157.896
128.7	157.926
128.8	157.956
128.9	157.986
129	158.016
129.1	158.046
129.2	158.076
129.3	158.106
129.4	158.136
129.5	158.166
129.6	158.197
129.7	158.227
129.8	158.257
129.9	158.287
130	158.317
130.1	158.347
130.2	158.377
130.3	158.407
130.4	158.437
130.5	158.467
130.6	158.496
130.7	158.526
130.8	158.556
130.9	158.586
131	158.616
131.1	158.646
131.2	158.676
131.3	158.706
131.4	158.736
131.5	158.766
131.6	158.796
131.7	158.825
131.8	158.855
131.9	158.885
132	158.915
132.1	158.945
132.2	158.975
132.3	159.004
132.4	159.034
132.5	159.064
132.6	159.094
132.7	159.123
132.8	159.153
132.9	159.183
133	159.213
133.1	159.242
133.2	159.272
133.3	159.302
133.4	159.331
133.5	159.361
133.6	159.391
133.7	159.42
133.8	159.45
133.9	159.48
134	159.509
134.1	159.539
134.2	159.569
134.3	159.598
134.4	159.628
134.5	159.657
134.6	159.687
134.7	159.717
134.8	159.746
134.9	159.776
135	159.805
135.1	159.835
135.2	159.864
135.3	159.894
135.4	159.923
135.5	159.953
135.6	159.982
135.7	160.012
135.8	160.041
135.9	160.071
136	160.1
136.1	160.13
136.2	160.159
136.3	160.189
136.4	160.218
136.5	160.247
136.6	160.277
136.7	160.306
136.8	160.336
136.9	160.365
137	160.394
137.1	160.424
137.2	160.453
137.3	160.482
137.4	160.512
137.5	160.541
137.6	160.57
137.7	160.6
137.8	160.629
137.9	160.658
138	160.687
138.1	160.717
138.2	160.746
138.3	160.775
138.4	160.804
138.5	160.834
138.6	160.863
138.7	160.892
138.8	160.921
138.9	160.951
139	160.98
139.1	161.009
139.2	161.038
139.3	161.067
139.4	161.096
139.5	161.126
139.6	161.155
139.7	161.184
139.8	161.213
139.9	161.242
140	161.271
140.1	161.3
140.2	161.329
140.3	161.358
140.4	161.387
140.5	161.416
140.6	161.446
140.7	161.475
140.8	161.504
140.9	161.533
141	161.562
141.1	161.591
141.2	161.62
141.3	161.649
141.4	161.678
141.5	161.707
141.6	161.736
141.7	161.764
141.8	161.793
141.9	161.822
142	161.851
142.1	161.88
142.2	161.909
142.3	161.938
142.4	161.967
142.5	161.996
142.6	162.025
142.7	162.054
142.8	162.082
142.9	162.111
143	162.14
143.1	162.169
143.2	162.198
143.3	162.227
143.4	162.255
143.5	162.284
143.6	162.313
143.7	162.342
143.8	162.37
143.9	162.399
144	162.428
144.1	162.457
144.2	162.485
144.3	162.514
144.4	162.543
144.5	162.572
144.6	162.6
144.7	162.629
144.8	162.658
144.9	162.686
145	162.715
145.1	162.744
145.2	162.772
145.3	162.801
145.4	162.83
145.5	162.858
145.6	162.887
145.7	162.915
145.8	162.944
145.9	162.973
146	163.001
146.1	163.03
146.2	163.058
146.3	163.087
146.4	163.116
146.5	163.144
146.6	163.173
146.7	163.201
146.8	163.23
146.9	163.258
147	163.287
147.1	163.315
147.2	163.344
147.3	163.372
147.4	163.401
147.5	163.429
147.6	163.458
147.7	163.486
147.8	163.514
147.9	163.543
148	163.571
148.1	163.6
148.2	163.628
148.3	163.656
148.4	163.685
148.5	163.713
148.6	163.742
148.7	163.77
148.8	163.798
148.9	163.827
149	163.855
149.1	163.883
149.2	163.912
149.3	163.94
149.4	163.968
149.5	163.997
149.6	164.025
149.7	164.053
149.8	164.081
149.9	164.11
150	164.138
150.1	164.166
150.2	164.194
150.3	164.223
150.4	164.251
150.5	164.279
150.6	164.307
150.7	164.335
150.8	164.364
150.9	164.392
151	164.42
151.1	164.448
151.2	164.476
151.3	164.504
151.4	164.533
151.5	164.561
151.6	164.589
151.7	164.617
151.8	164.645
151.9	164.673
152	164.701
152.1	164.729
152.2	164.757
152.3	164.786
152.4	164.814
152.5	164.842
152.6	164.87
152.7	164.898
152.8	164.926
152.9	164.954
153	164.982
153.1	165.01
153.2	165.038
153.3	165.066
153.4	165.094
153.5	165.122
153.6	165.15
153.7	165.178
153.8	165.206
153.9	165.234
154	165.262
154.1	165.289
154.2	165.317
154.3	165.345
154.4	165.373
154.5	165.401
154.6	165.429
154.7	165.457
154.8	165.485
154.9	165.513
155	165.541
155.1	165.568
155.2	165.596
155.3	165.624
155.4	165.652
155.5	165.68
155.6	165.707
155.7	165.735
155.8	165.763
155.9	165.791
156	165.819
156.1	165.846
156.2	165.874
156.3	165.902
156.4	165.93
156.5	165.957
156.6	165.985
156.7	166.013
156.8	166.041
156.9	166.068
157	166.096
157.1	166.124
157.2	166.151
157.3	166.179
157.4	166.207
157.5	166.234
157.6	166.262
157.7	166.29
157.8	166.317
157.9	166.345
158	166.373
158.1	166.4
158.2	166.428
158.3	166.456
158.4	166.483
158.5	166.511
158.6	166.538
158.7	166.566
158.8	166.593
158.9	166.621
159	166.649
159.1	166.676
159.2	166.704
159.3	166.731
159.4	166.759
159.5	166.786
159.6	166.814
159.7	166.841
159.8	166.869
159.9	166.896
160	166.924
160.1	166.951
160.2	166.979
160.3	167.006
160.4	167.033
160.5	167.061
160.6	167.088
160.7	167.116
160.8	167.143
160.9	167.171
161	167.198
161.1	167.225
161.2	167.253
161.3	167.28
161.4	167.308
161.5	167.335
161.6	167.362
161.7	167.39
161.8	167.417
161.9	167.444
162	167.472
162.1	167.499
162.2	167.526
162.3	167.554
162.4	167.581
162.5	167.608
162.6	167.635
162.7	167.663
162.8	167.69
162.9	167.717
163	167.744
163.1	167.772
163.2	167.799
163.3	167.826
163.4	167.853
163.5	167.881
163.6	167.908
163.7	167.935
163.8	167.962
163.9	167.989
164	168.017
164.1	168.044
164.2	168.071
164.3	168.098
164.4	168.125
164.5	168.152
164.6	168.18
164.7	168.207
164.8	168.234
164.9	168.261
165	168.288
165.1	168.315
165.2	168.342
165.3	168.369
165.4	168.396
165.5	168.423
165.6	168.45
165.7	168.478
165.8	168.505
165.9	168.532
166	168.559
166.1	168.586
166.2	168.613
166.3	168.64
166.4	168.667
166.5	168.694
166.6	168.721
166.7	168.748
166.8	168.775
166.9	168.802
167	168.829
167.1	168.856
167.2	168.883
167.3	168.909
167.4	168.936
167.5	168.963
167.6	168.99
167.7	169.017
167.8	169.044
167.9	169.071
168	169.098
168.1	169.125
168.2	169.152
168.3	169.179
168.4	169.205
168.5	169.232
168.6	169.259
168.7	169.286
168.8	169.313
168.9	169.34
169	169.366
169.1	169.393
169.2	169.42
169.3	169.447
169.4	169.474
169.5	169.5
169.6	169.527
169.7	169.554
169.8	169.581
169.9	169.608
170	169.634
170.1	169.661
170.2	169.688
170.3	169.714
170.4	169.741
170.5	169.768
170.6	169.795
170.7	169.821
170.8	169.848
170.9	169.875
171	169.901
171.1	169.928
171.2	169.955
171.3	169.981
171.4	170.008
171.5	170.035
171.6	170.061
171.7	170.088
171.8	170.115
171.9	170.141
172	170.168
172.1	170.194
172.2	170.221
172.3	170.248
172.4	170.274
172.5	170.301
172.6	170.327
172.7	170.354
172.8	170.381
172.9	170.407
173	170.434
173.1	170.46
173.2	170.487
173.3	170.513
173.4	170.54
173.5	170.566
173.6	170.593
173.7	170.619
173.8	170.646
173.9	170.672
174	170.699
174.1	170.725
174.2	170.752
174.3	170.778
174.4	170.805
174.5	170.831
174.6	170.857
174.7	170.884
174.8	170.91
174.9	170.937
175	170.963
175.1	170.989
175.2	171.016
175.3	171.042
175.4	171.069
175.5	171.095
175.6	171.121
175.7	171.148
175.8	171.174
175.9	171.2
176	171.227
176.1	171.253
176.2	171.279
176.3	171.306
176.4	171.332
176.5	171.358
176.6	171.385
176.7	171.411
176.8	171.437
176.9	171.464
177	171.49
177.1	171.516
177.2	171.542
177.3	171.569
177.4	171.595
177.5	171.621
177.6	171.647
177.7	171.674
177.8	171.7
177.9	171.726
178	171.752
178.1	171.778
178.2	171.805
178.3	171.831
178.4	171.857
178.5	171.883
178.6	171.909
178.7	171.936
178.8	171.962
178.9	171.988
179	172.014
179.1	172.04
179.2	172.066
179.3	172.092
179.4	172.118
179.5	172.145
179.6	172.171
179.7	172.197
179.8	172.223
179.9	172.249
180	172.275
180.1	172.301
180.2	172.327
180.3	172.353
180.4	172.379
180.5	172.405
180.6	172.431
180.7	172.457
180.8	172.483
180.9	172.509
181	172.535
181.1	172.561
181.2	172.587
181.3	172.613
181.4	172.639
181.5	172.665
181.6	172.691
181.7	172.717
181.8	172.743
181.9	172.769
182	172.795
182.1	172.821
182.2	172.847
182.3	172.873
182.4	172.899
182.5	172.925
182.6	172.951
182.7	172.977
182.8	173.003
182.9	173.029
183	173.054
183.1	173.08
183.2	173.106
183.3	173.132
183.4	173.158
183.5	173.184
183.6	173.21
183.7	173.235
183.8	173.261
183.9	173.287
184	173.313
184.1	173.339
184.2	173.365
184.3	173.39
184.4	173.416
184.5	173.442
184.6	173.468
184.7	173.493
184.8	173.519
184.9	173.545
185	173.571
185.1	173.597
185.2	173.622
185.3	173.648
185.4	173.674
185.5	173.699
185.6	173.725
185.7	173.751
185.8	173.777
185.9	173.802
186	173.828
186.1	173.854
186.2	173.879
186.3	173.905
186.4	173.931
186.5	173.956
186.6	173.982
186.7	174.008
186.8	174.033
186.9	174.059
187	174.085
187.1	174.11
187.2	174.136
187.3	174.161
187.4	174.187
187.5	174.213
187.6	174.238
187.7	174.264
187.8	174.289
187.9	174.315
188	174.341
188.1	174.366
188.2	174.392
188.3	174.417
188.4	174.443
188.5	174.468
188.6	174.494
188.7	174.519
188.8	174.545
188.9	174.57
189	174.596
189.1	174.621
189.2	174.647
189.3	174.672
189.4	174.698
189.5	174.723
189.6	174.749
189.7	174.774
189.8	174.8
189.9	174.825
190	174.851
190.1	174.876
190.2	174.902
190.3	174.927
190.4	174.952
190.5	174.978
190.6	175.003
190.7	175.029
190.8	175.054
190.9	175.079
191	175.105
191.1	175.13
191.2	175.156
191.3	175.181
191.4	175.206
191.5	175.232
191.6	175.257
191.7	175.282
191.8	175.308
191.9	175.333
192	175.358
192.1	175.384
192.2	175.409
192.3	175.434
192.4	175.46
192.5	175.485
192.6	175.51
192.7	175.536
192.8	175.561
192.9	175.586
193	175.611
193.1	175.637
193.2	175.662
193.3	175.687
193.4	175.712
193.5	175.738
193.6	175.763
193.7	175.788
193.8	175.813
193.9	175.839
194	175.864
194.1	175.889
194.2	175.914
194.3	175.939
194.4	175.964
194.5	175.99
194.6	176.015
194.7	176.04
194.8	176.065
194.9	176.09
195	176.115
195.1	176.141
195.2	176.166
195.3	176.191
195.4	176.216
195.5	176.241
195.6	176.266
195.7	176.291
195.8	176.316
195.9	176.342
196	176.367
196.1	176.392
196.2	176.417
196.3	176.442
196.4	176.467
196.5	176.492
196.6	176.517
196.7	176.542
196.8	176.567
196.9	176.592
197	176.617
197.1	176.642
197.2	176.667
197.3	176.692
197.4	176.717
197.5	176.742
197.6	176.767
197.7	176.792
197.8	176.817
197.9	176.842
198	176.867
198.1	176.892
198.2	176.917
198.3	176.942
198.4	176.967
198.5	176.992
198.6	177.017
198.7	177.042
198.8	177.067
198.9	177.092
199	177.117
199.1	177.142
199.2	177.166
199.3	177.191
199.4	177.216
199.5	177.241
199.6	177.266
199.7	177.291
199.8	177.316
199.9	177.341
200	177.365
200.1	177.39
200.2	177.415
200.3	177.44
200.4	177.465
200.5	177.49
200.6	177.515
200.7	177.539
200.8	177.564
200.9	177.589
201	177.614
201.1	177.639
201.2	177.663
201.3	177.688
201.4	177.713
201.5	177.738
201.6	177.762
201.7	177.787
201.8	177.812
201.9	177.837
202	177.861
202.1	177.886
202.2	177.911
202.3	177.936
202.4	177.96
202.5	177.985
202.6	178.01
202.7	178.035
202.8	178.059
202.9	178.084
203	178.109
203.1	178.133
203.2	178.158
203.3	178.183
203.4	178.207
203.5	178.232
203.6	178.257
203.7	178.281
203.8	178.306
203.9	178.331
204	178.355
204.1	178.38
204.2	178.404
204.3	178.429
204.4	178.454
204.5	178.478
204.6	178.503
204.7	178.527
204.8	178.552
204.9	178.577
205	178.601
205.1	178.626
205.2	178.65
205.3	178.675
205.4	178.699
205.5	178.724
205.6	178.749
205.7	178.773
205.8	178.798
205.9	178.822
206	178.847
206.1	178.871
206.2	178.896
206.3	178.92
206.4	178.945
206.5	178.969
206.6	178.994
206.7	179.018
206.8	179.043
206.9	179.067
207	179.092
207.1	179.116
207.2	179.141
207.3	179.165
207.4	179.189
207.5	179.214
207.6	179.238
207.7	179.263
207.8	179.287
207.9	179.312
208	179.336
208.1	179.36
208.2	179.385
208.3	179.409
208.4	179.434
208.5	179.458
208.6	179.482
208.7	179.507
208.8	179.531
208.9	179.555
209	179.58
209.1	179.604
209.2	179.629
209.3	179.653
209.4	179.677
209.5	179.702
209.6	179.726
209.7	179.75
209.8	179.775
209.9	179.799
210	179.823
210.1	179.847
210.2	179.872
210.3	179.896
210.4	179.92
210.5	179.945
210.6	179.969
210.7	179.993
210.8	180.017
210.9	180.042
211	180.066
211.1	180.09
211.2	180.114
211.3	180.139
211.4	180.163
211.5	180.187
211.6	180.211
211.7	180.235
211.8	180.26
211.9	180.284
212	180.308
212.1	180.332
212.2	180.356
212.3	180.381
212.4	180.405
212.5	180.429
212.6	180.453
212.7	180.477
212.8	180.502
212.9	180.526
213	180.55
213.1	180.574
213.2	180.598
213.3	180.622
213.4	180.646
213.5	180.67
213.6	180.695
213.7	180.719
213.8	180.743
213.9	180.767
214	180.791
214.1	180.815
214.2	180.839
214.3	180.863
214.4	180.887
214.5	180.911
214.6	180.935
214.7	180.959
214.8	180.984
214.9	181.008
215	181.032
215.1	181.056
215.2	181.08
215.3	181.104
215.4	181.128
215.5	181.152
215.6	181.176
215.7	181.2
215.8	181.224
215.9	181.248
216	181.272
216.1	181.296
216.2	181.32
216.3	181.344
216.4	181.368
216.5	181.392
216.6	181.416
216.7	181.44
216.8	181.463
216.9	181.487
217	181.511
217.1	181.535
217.2	181.559
217.3	181.583
217.4	181.607
217.5	181.631
217.6	181.655
217.7	181.679
217.8	181.703
217.9	181.727
218	181.75
218.1	181.774
218.2	181.798
218.3	181.822
218.4	181.846
218.5	181.87
218.6	181.894
218.7	181.917
218.8	181.941
218.9	181.965
219	181.989
219.1	182.013
219.2	182.037
219.3	182.06
219.4	182.084
219.5	182.108
219.6	182.132
219.7	182.156
219.8	182.179
219.9	182.203
220	182.227
220.1	182.251
220.2	182.275
220.3	182.298
220.4	182.322
220.5	182.346
220.6	182.37
220.7	182.393
220.8	182.417
220.9	182.441
221	182.465
221.1	182.488
221.2	182.512
221.3	182.536
221.4	182.56
221.5	182.583
221.6	182.607
221.7	182.631
221.8	182.654
221.9	182.678
222	182.702
222.1	182.725
222.2	182.749
222.3	182.773
222.4	182.796
222.5	182.82
222.6	182.844
222.7	182.867
222.8	182.891
222.9	182.915
223	182.938
223.1	182.962
223.2	182.985
223.3	183.009
223.4	183.033
223.5	183.056
223.6	183.08
223.7	183.104
223.8	183.127
223.9	183.151
224	183.174
224.1	183.198
224.2	183.221
224.3	183.245
224.4	183.269
224.5	183.292
224.6	183.316
224.7	183.339
224.8	183.363
224.9	183.386
225	183.41
225.1	183.433
225.2	183.457
225.3	183.48
225.4	183.504
225.5	183.527
225.6	183.551
225.7	183.574
225.8	183.598
225.9	183.621
226	183.645
226.1	183.668
226.2	183.692
226.3	183.715
226.4	183.739
226.5	183.762
226.6	183.786
226.7	183.809
226.8	183.833
226.9	183.856
227	183.88
227.1	183.903
227.2	183.926
227.3	183.95
227.4	183.973
227.5	183.997
227.6	184.02
227.7	184.043
227.8	184.067
227.9	184.09
228	184.114
228.1	184.137
228.2	184.16
228.3	184.184
228.4	184.207
228.5	184.231
228.6	184.254
228.7	184.277
228.8	184.301
228.9	184.324
229	184.347
229.1	184.371
229.2	184.394
229.3	184.417
229.4	184.441
229.5	184.464
229.6	184.487
229.7	184.511
229.8	184.534
229.9	184.557
230	184.58
230.1	184.604
230.2	184.627
230.3	184.65
230.4	184.674
230.5	184.697
230.6	184.72
230.7	184.743
230.8	184.767
230.9	184.79
231	184.813
231.1	184.836
231.2	184.86
231.3	184.883
231.4	184.906
231.5	184.929
231.6	184.952
231.7	184.976
231.8	184.999
231.9	185.022
232	185.045
232.1	185.068
232.2	185.092
232.3	185.115
232.4	185.138
232.5	185.161
232.6	185.184
232.7	185.207
232.8	185.231
232.9	185.254
233	185.277
233.1	185.3
233.2	185.323
233.3	185.346
233.4	185.37
233.5	185.393
233.6	185.416
233.7	185.439
233.8	185.462
233.9	185.485
234	185.508
234.1	185.531
234.2	185.554
234.3	185.577
234.4	185.601
234.5	185.624
234.6	185.647
234.7	185.67
234.8	185.693
234.9	185.716
235	185.739
235.1	185.762
235.2	185.785
235.3	185.808
235.4	185.831
235.5	185.854
235.6	185.877
235.7	185.9
235.8	185.923
235.9	185.946
236	185.969
236.1	185.992
236.2	186.015
236.3	186.038
236.4	186.061
236.5	186.084
236.6	186.107
236.7	186.13
236.8	186.153
236.9	186.176
237	186.199
237.1	186.222
237.2	186.245
237.3	186.268
237.4	186.291
237.5	186.314
237.6	186.337
237.7	186.36
237.8	186.383
237.9	186.406
238	186.429
238.1	186.451
238.2	186.474
238.3	186.497
238.4	186.52
238.5	186.543
238.6	186.566
238.7	186.589
238.8	186.612
238.9	186.635
239	186.657
239.1	186.68
239.2	186.703
239.3	186.726
239.4	186.749
239.5	186.772
239.6	186.795
239.7	186.817
239.8	186.84
239.9	186.863
240	186.886
240.1	186.909
240.2	186.932
240.3	186.954
240.4	186.977
240.5	187
240.6	187.023
240.7	187.046
240.8	187.068
240.9	187.091
241	187.114
241.1	187.137
241.2	187.16
241.3	187.182
241.4	187.205
241.5	187.228
241.6	187.251
241.7	187.273
241.8	187.296
241.9	187.319
242	187.342
242.1	187.364
242.2	187.387
242.3	187.41
242.4	187.432
242.5	187.455
242.6	187.478
242.7	187.501
242.8	187.523
242.9	187.546
243	187.569
243.1	187.591
243.2	187.614
243.3	187.637
243.4	187.659
243.5	187.682
243.6	187.705
243.7	187.727
243.8	187.75
243.9	187.773
244	187.795
244.1	187.818
244.2	187.841
244.3	187.863
244.4	187.886
244.5	187.909
244.6	187.931
244.7	187.954
244.8	187.976
244.9	187.999
245	188.022
245.1	188.044
245.2	188.067
245.3	188.089
245.4	188.112
245.5	188.135
245.6	188.157
245.7	188.18
245.8	188.202
245.9	188.225
246	188.247
246.1	188.27
246.2	188.293
246.3	188.315
246.4	188.338
246.5	188.36
246.6	188.383
246.7	188.405
246.8	188.428
246.9	188.45
247	188.473
247.1	188.495
247.2	188.518
247.3	188.54
247.4	188.563
247.5	188.585
247.6	188.608
247.7	188.63
247.8	188.653
247.9	188.675
248	188.698
248.1	188.72
248.2	188.743
248.3	188.765
248.4	188.788
248.5	188.81
248.6	188.832
248.7	188.855
248.8	188.877
248.9	188.9
249	188.922
249.1	188.945
249.2	188.967
249.3	188.989
249.4	189.012
249.5	189.034
249.6	189.057
249.7	189.079
249.8	189.102
249.9	189.124
250	189.146
250.1	189.169
250.2	189.191
250.3	189.213
250.4	189.236
250.5	189.258
250.6	189.281
250.7	189.303
250.8	189.325
250.9	189.348
251	189.37
251.1	189.392
251.2	189.415
251.3	189.437
251.4	189.459
251.5	189.482
251.6	189.504
251.7	189.526
251.8	189.549
251.9	189.571
252	189.593
252.1	189.615
252.2	189.638
252.3	189.66
252.4	189.682
252.5	189.705
252.6	189.727
252.7	189.749
252.8	189.771
252.9	189.794
253	189.816
253.1	189.838
253.2	189.86
253.3	189.883
253.4	189.905
253.5	189.927
253.6	189.949
253.7	189.972
253.8	189.994
253.9	190.016
254	190.038
254.1	190.061
254.2	190.083
254.3	190.105
254.4	190.127
254.5	190.149
254.6	190.172
254.7	190.194
254.8	190.216
254.9	190.238
255	190.26
255.1	190.282
255.2	190.305
255.3	190.327
255.4	190.349
255.5	190.371
255.6	190.393
255.7	190.415
255.8	190.437
255.9	190.46
256	190.482
256.1	190.504
256.2	190.526
256.3	190.548
256.4	190.57
256.5	190.592
256.6	190.614
256.7	190.637
256.8	190.659
256.9	190.681
257	190.703
257.1	190.725
257.2	190.747
257.3	190.769
257.4	190.791
257.5	190.813
257.6	190.835
257.7	190.857
257.8	190.879
257.9	190.902
258	190.924
258.1	190.946
258.2	190.968
258.3	190.99
258.4	191.012
258.5	191.034
258.6	191.056
258.7	191.078
258.8	191.1
258.9	191.122
259	191.144
259.1	191.166
259.2	191.188
259.3	191.21
259.4	191.232
259.5	191.254
259.6	191.276
259.7	191.298
259.8	191.32
259.9	191.342
260	191.364
260.1	191.386
260.2	191.408
260.3	191.43
260.4	191.452
260.5	191.474
260.6	191.495
260.7	191.517
260.8	191.539
260.9	191.561
261	191.583
261.1	191.605
261.2	191.627
261.3	191.649
261.4	191.671
261.5	191.693
261.6	191.715
261.7	191.737
261.8	191.759
261.9	191.78
262	191.802
262.1	191.824
262.2	191.846
262.3	191.868
262.4	191.89
262.5	191.912
262.6	191.934
262.7	191.955
262.8	191.977
262.9	191.999
263	192.021
263.1	192.043
263.2	192.065
263.3	192.087
263.4	192.108
263.5	192.13
263.6	192.152
263.7	192.174
263.8	192.196
263.9	192.217
264	192.239
264.1	192.261
264.2	192.283
264.3	192.305
264.4	192.326
264.5	192.348
264.6	192.37
264.7	192.392
264.8	192.414
264.9	192.435
265	192.457
265.1	192.479
265.2	192.501
265.3	192.522
265.4	192.544
265.5	192.566
265.6	192.588
265.7	192.609
265.8	192.631
265.9	192.653
266	192.675
266.1	192.696
266.2	192.718
266.3	192.74
266.4	192.761
266.5	192.783
266.6	192.805
266.7	192.827
266.8	192.848
266.9	192.87
267	192.892
267.1	192.913
267.2	192.935
267.3	192.957
267.4	192.978
267.5	193
267.6	193.022
267.7	193.043
267.8	193.065
267.9	193.087
268	193.108
268.1	193.13
268.2	193.152
268.3	193.173
268.4	193.195
268.5	193.217
268.6	193.238
268.7	193.26
268.8	193.281
268.9	193.303
269	193.325
269.1	193.346
269.2	193.368
269.3	193.389
269.4	193.411
269.5	193.433
269.6	193.454
269.7	193.476
269.8	193.497
269.9	193.519
270	193.541
270.1	193.562
270.2	193.584
270.3	193.605
270.4	193.627
270.5	193.648
270.6	193.67
270.7	193.691
270.8	193.713
270.9	193.735
271	193.756
271.1	193.778
271.2	193.799
271.3	193.821
271.4	193.842
271.5	193.864
271.6	193.885
271.7	193.907
271.8	193.928
271.9	193.95
272	193.971
272.1	193.993
272.2	194.014
272.3	194.036
272.4	194.057
272.5	194.079
272.6	194.1
272.7	194.122
272.8	194.143
272.9	194.164
273	194.186
273.1	194.207
273.2	194.229
273.3	194.25
273.4	194.272
273.5	194.293
273.6	194.315
273.7	194.336
273.8	194.357
273.9	194.379
274	194.4
274.1	194.422
274.2	194.443
274.3	194.465
274.4	194.486
274.5	194.507
274.6	194.529
274.7	194.55
274.8	194.572
274.9	194.593
275	194.614
275.1	194.636
275.2	194.657
275.3	194.678
275.4	194.7
275.5	194.721
275.6	194.743
275.7	194.764
275.8	194.785
275.9	194.807
276	194.828
276.1	194.849
276.2	194.871
276.3	194.892
276.4	194.913
276.5	194.935
276.6	194.956
276.7	194.977
276.8	194.999
276.9	195.02
277	195.041
277.1	195.062
277.2	195.084
277.3	195.105
277.4	195.126
277.5	195.148
277.6	195.169
277.7	195.19
277.8	195.211
277.9	195.233
278	195.254
278.1	195.275
278.2	195.297
278.3	195.318
278.4	195.339
278.5	195.36
278.6	195.382
278.7	195.403
278.8	195.424
278.9	195.445
279	195.466
279.1	195.488
279.2	195.509
279.3	195.53
279.4	195.551
279.5	195.573
279.6	195.594
279.7	195.615
279.8	195.636
279.9	195.657
280	195.679
280.1	195.7
280.2	195.721
280.3	195.742
280.4	195.763
280.5	195.785
280.6	195.806
280.7	195.827
280.8	195.848
280.9	195.869
281	195.89
281.1	195.912
281.2	195.933
281.3	195.954
281.4	195.975
281.5	195.996
281.6	196.017
281.7	196.038
281.8	196.059
281.9	196.081
282	196.102
282.1	196.123
282.2	196.144
282.3	196.165
282.4	196.186
282.5	196.207
282.6	196.228
282.7	196.249
282.8	196.271
282.9	196.292
283	196.313
283.1	196.334
283.2	196.355
283.3	196.376
283.4	196.397
283.5	196.418
283.6	196.439
283.7	196.46
283.8	196.481
283.9	196.502
284	196.523
284.1	196.544
284.2	196.566
284.3	196.587
284.4	196.608
284.5	196.629
284.6	196.65
284.7	196.671
284.8	196.692
284.9	196.713
285	196.734
285.1	196.755
285.2	196.776
285.3	196.797
285.4	196.818
285.5	196.839
285.6	196.86
285.7	196.881
285.8	196.902
285.9	196.923
286	196.944
286.1	196.965
286.2	196.986
286.3	197.007
286.4	197.028
286.5	197.048
286.6	197.069
286.7	197.09
286.8	197.111
286.9	197.132
287	197.153
287.1	197.174
287.2	197.195
287.3	197.216
287.4	197.237
287.5	197.258
287.6	197.279
287.7	197.3
287.8	197.321
287.9	197.342
288	197.362
288.1	197.383
288.2	197.404
288.3	197.425
288.4	197.446
288.5	197.467
288.6	197.488
288.7	197.509
288.8	197.53
288.9	197.55
289	197.571
289.1	197.592
289.2	197.613
289.3	197.634
289.4	197.655
289.5	197.676
289.6	197.696
289.7	197.717
289.8	197.738
289.9	197.759
290	197.78
290.1	197.801
290.2	197.821
290.3	197.842
290.4	197.863
290.5	197.884
290.6	197.905
290.7	197.926
290.8	197.946
290.9	197.967
291	197.988
291.1	198.009
291.2	198.03
291.3	198.05
291.4	198.071
291.5	198.092
291.6	198.113
291.7	198.133
291.8	198.154
291.9	198.175
292	198.196
292.1	198.217
292.2	198.237
292.3	198.258
292.4	198.279
292.5	198.3
292.6	198.32
292.7	198.341
292.8	198.362
292.9	198.382
293	198.403
293.1	198.424
293.2	198.445
293.3	198.465
293.4	198.486
293.5	198.507
293.6	198.528
293.7	198.548
293.8	198.569
293.9	198.59
294	198.61
294.1	198.631
294.2	198.652
294.3	198.672
294.4	198.693
294.5	198.714
294.6	198.734
294.7	198.755
294.8	198.776
294.9	198.796
295	198.817
295.1	198.838
295.2	198.858
295.3	198.879
295.4	198.9
295.5	198.92
295.6	198.941
295.7	198.962
295.8	198.982
295.9	199.003
296	199.024
296.1	199.044
296.2	199.065
296.3	199.085
296.4	199.106
296.5	199.127
296.6	199.147
296.7	199.168
296.8	199.188
296.9	199.209
297	199.23
297.1	199.25
297.2	199.271
297.3	199.291
297.4	199.312
297.5	199.333
297.6	199.353
297.7	199.374
297.8	199.394
297.9	199.415
298	199.435
298.1	199.456
298.2	199.476
298.3	199.497
298.4	199.518
298.5	199.538
298.6	199.559
298.7	199.579
298.8	199.6
298.9	199.62
299	199.641
299.1	199.661
299.2	199.682
299.3	199.702
299.4	199.723
299.5	199.743
299.6	199.764
299.7	199.784
299.8	199.805
299.9	199.825
300	199.846
