W	Pred
1.5	142.172
1.6	140.466
1.7	138.907
1.8	137.476
1.9	136.157
2	134.938
2.1	133.806
2.2	132.754
2.3	131.772
2.4	130.855
2.5	129.996
2.6	129.19
2.7	128.433
2.8	127.719
2.9	127.047
3	126.412
3.1	125.812
3.2	125.244
3.3	124.706
3.4	124.196
3.5	123.712
3.6	123.252
3.7	122.815
3.8	122.399
3.9	122.003
4	121.625
4.1	121.266
4.2	120.923
4.3	120.596
4.4	120.284
4.5	119.985
4.6	119.701
4.7	119.429
4.8	119.169
4.9	118.92
5	118.682
5.1	118.455
5.2	118.237
5.3	118.029
5.4	117.83
5.5	117.64
5.6	117.458
5.7	117.283
5.8	117.117
5.9	116.957
6	116.804
6.1	116.658
6.2	116.519
6.3	116.385
6.4	116.257
6.5	116.135
6.6	116.019
6.7	115.908
6.8	115.801
6.9	115.7
7	115.603
7.1	115.511
7.2	115.423
7.3	115.34
7.4	115.26
7.5	115.185
7.6	115.113
7.7	115.045
7.8	114.98
7.9	114.919
8	114.861
8.1	114.807
8.2	114.755
8.3	114.707
8.4	114.661
8.5	114.618
8.6	114.579
8.7	114.541
8.8	114.507
8.9	114.474
9	114.445
9.1	114.417
9.2	114.392
9.3	114.369
9.4	114.349
9.5	114.33
9.6	114.314
9.7	114.299
9.8	114.287
9.9	114.276
10	114.267
10.1	114.26
10.2	114.255
10.3	114.252
10.4	114.25
10.5	114.249
10.6	114.251
10.7	114.253
10.8	114.258
10.9	114.263
11	114.271
11.1	114.279
11.2	114.289
11.3	114.3
11.4	114.313
11.5	114.326
11.6	114.341
11.7	114.358
11.8	114.375
11.9	114.393
12	114.413
12.1	114.433
12.2	114.455
12.3	114.478
12.4	114.502
12.5	114.526
12.6	114.552
12.7	114.579
12.8	114.606
12.9	114.635
13	114.664
13.1	114.694
13.2	114.725
13.3	114.757
13.4	114.79
13.5	114.823
13.6	114.858
13.7	114.893
13.8	114.928
13.9	114.965
14	115.002
14.1	115.04
14.2	115.078
14.3	115.118
14.4	115.158
14.5	115.198
14.6	115.239
14.7	115.281
14.8	115.323
14.9	115.366
15	115.41
15.1	115.454
15.2	115.498
15.3	115.544
15.4	115.589
15.5	115.635
15.6	115.682
15.7	115.729
15.8	115.777
15.9	115.825
16	115.874
16.1	115.923
16.2	115.972
16.3	116.022
16.4	116.073
16.5	116.124
16.6	116.175
16.7	116.227
16.8	116.279
16.9	116.331
17	116.384
17.1	116.437
17.2	116.491
17.3	116.545
17.4	116.599
17.5	116.654
17.6	116.709
17.7	116.764
17.8	116.82
17.9	116.876
18	116.933
18.1	116.989
18.2	117.046
18.3	117.103
18.4	117.161
18.5	117.219
18.6	117.277
18.7	117.335
18.8	117.394
18.9	117.453
19	117.512
19.1	117.572
19.2	117.632
19.3	117.692
19.4	117.752
19.5	117.812
19.6	117.873
19.7	117.934
19.8	117.995
19.9	118.057
20	118.118
20.1	118.18
20.2	118.242
20.3	118.304
20.4	118.367
20.5	118.429
20.6	118.492
20.7	118.555
20.8	118.619
20.9	118.682
21	118.746
21.1	118.809
21.2	118.873
21.3	118.938
21.4	119.002
21.5	119.066
21.6	119.131
21.7	119.196
21.8	119.261
21.9	119.326
22	119.391
22.1	119.456
22.2	119.522
22.3	119.588
22.4	119.654
22.5	119.72
22.6	119.786
22.7	119.852
22.8	119.918
22.9	119.985
23	120.051
23.1	120.118
23.2	120.185
23.3	120.252
23.4	120.319
23.5	120.387
23.6	120.454
23.7	120.521
23.8	120.589
23.9	120.657
24	120.724
24.1	120.792
24.2	120.86
24.3	120.928
24.4	120.996
24.5	121.065
24.6	121.133
24.7	121.202
24.8	121.27
24.9	121.339
25	121.407
25.1	121.476
25.2	121.545
25.3	121.614
25.4	121.683
25.5	121.752
25.6	121.822
25.7	121.891
25.8	121.96
25.9	122.03
26	122.099
26.1	122.169
26.2	122.238
26.3	122.308
26.4	122.378
26.5	122.448
26.6	122.518
26.7	122.587
26.8	122.657
26.9	122.728
27	122.798
27.1	122.868
27.2	122.938
27.3	123.008
27.4	123.079
27.5	123.149
27.6	123.22
27.7	123.29
27.8	123.361
27.9	123.431
28	123.502
28.1	123.573
28.2	123.643
28.3	123.714
28.4	123.785
28.5	123.856
28.6	123.927
28.7	123.998
28.8	124.069
28.9	124.14
29	124.211
29.1	124.282
29.2	124.353
29.3	124.424
29.4	124.495
29.5	124.566
29.6	124.638
29.7	124.709
29.8	124.78
29.9	124.851
30	124.923
30.1	124.994
30.2	125.066
30.3	125.137
30.4	125.208
30.5	125.28
30.6	125.351
30.7	125.423
30.8	125.495
30.9	125.566
31	125.638
31.1	125.709
31.2	125.781
31.3	125.853
31.4	125.924
31.5	125.996
31.6	126.068
31.7	126.139
31.8	126.211
31.9	126.283
32	126.355
32.1	126.426
32.2	126.498
32.3	126.57
32.4	126.642
32.5	126.713
32.6	126.785
32.7	126.857
32.8	126.929
32.9	127.001
33	127.073
33.1	127.145
33.2	127.216
33.3	127.288
33.4	127.36
33.5	127.432
33.6	127.504
33.7	127.576
33.8	127.648
33.9	127.72
34	127.792
34.1	127.864
34.2	127.935
34.3	128.007
34.4	128.079
34.5	128.151
34.6	128.223
34.7	128.295
34.8	128.367
34.9	128.439
35	128.511
35.1	128.583
35.2	128.655
35.3	128.727
35.4	128.799
35.5	128.87
35.6	128.942
35.7	129.014
35.8	129.086
35.9	129.158
36	129.23
36.1	129.302
36.2	129.374
36.3	129.446
36.4	129.518
36.5	129.589
36.6	129.661
36.7	129.733
36.8	129.805
36.9	129.877
37	129.949
37.1	130.02
37.2	130.092
37.3	130.164
37.4	130.236
37.5	130.308
37.6	130.379
37.7	130.451
37.8	130.523
37.9	130.595
38	130.666
38.1	130.738
38.2	130.81
38.3	130.882
38.4	130.953
38.5	131.025
38.6	131.097
38.7	131.168
38.8	131.24
38.9	131.312
39	131.383
39.1	131.455
39.2	131.526
39.3	131.598
39.4	131.67
39.5	131.741
39.6	131.813
39.7	131.884
39.8	131.956
39.9	132.027
40	132.099
40.1	132.17
40.2	132.242
40.3	132.313
40.4	132.384
40.5	132.456
40.6	132.527
40.7	132.599
40.8	132.67
40.9	132.741
41	132.813
41.1	132.884
41.2	132.955
41.3	133.026
41.4	133.098
41.5	133.169
41.6	133.24
41.7	133.311
41.8	133.382
41.9	133.454
42	133.525
42.1	133.596
42.2	133.667
42.3	133.738
42.4	133.809
42.5	133.88
42.6	133.951
42.7	134.022
42.8	134.093
42.9	134.164
43	134.235
43.1	134.306
43.2	134.377
43.3	134.448
43.4	134.519
43.5	134.589
43.6	134.66
43.7	134.731
43.8	134.802
43.9	134.873
44	134.943
44.1	135.014
44.2	135.085
44.3	135.155
44.4	135.226
44.5	135.297
44.6	135.367
44.7	135.438
44.8	135.508
44.9	135.579
45	135.649
45.1	135.72
45.2	135.79
45.3	135.861
45.4	135.931
45.5	136.002
45.6	136.072
45.7	136.142
45.8	136.213
45.9	136.283
46	136.353
46.1	136.424
46.2	136.494
46.3	136.564
46.4	136.634
46.5	136.704
46.6	136.774
46.7	136.845
46.8	136.915
46.9	136.985
47	137.055
47.1	137.125
47.2	137.195
47.3	137.265
47.4	137.335
47.5	137.405
47.6	137.475
47.7	137.544
47.8	137.614
47.9	137.684
48	137.754
48.1	137.824
48.2	137.893
48.3	137.963
48.4	138.033
48.5	138.103
48.6	138.172
48.7	138.242
48.8	138.311
48.9	138.381
49	138.45
49.1	138.52
49.2	138.59
49.3	138.659
49.4	138.728
49.5	138.798
49.6	138.867
49.7	138.937
49.8	139.006
49.9	139.075
50	139.145
50.1	139.214
50.2	139.283
50.3	139.352
50.4	139.421
50.5	139.491
50.6	139.56
50.7	139.629
50.8	139.698
50.9	139.767
51	139.836
51.1	139.905
51.2	139.974
51.3	140.043
51.4	140.112
51.5	140.181
51.6	140.25
51.7	140.318
51.8	140.387
51.9	140.456
52	140.525
52.1	140.593
52.2	140.662
52.3	140.731
52.4	140.8
52.5	140.868
52.6	140.937
52.7	141.005
52.8	141.074
52.9	141.142
53	141.211
53.1	141.279
53.2	141.348
53.3	141.416
53.4	141.485
53.5	141.553
53.6	141.621
53.7	141.69
53.8	141.758
53.9	141.826
54	141.894
54.1	141.962
54.2	142.031
54.3	142.099
54.4	142.167
54.5	142.235
54.6	142.303
54.7	142.371
54.8	142.439
54.9	142.507
55	142.575
55.1	142.643
55.2	142.711
55.3	142.779
55.4	142.846
55.5	142.914
55.6	142.982
55.7	143.05
55.8	143.117
55.9	143.185
56	143.253
56.1	143.32
56.2	143.388
56.3	143.456
56.4	143.523
56.5	143.591
56.6	143.658
56.7	143.726
56.8	143.793
56.9	143.861
57	143.928
57.1	143.995
57.2	144.063
57.3	144.13
57.4	144.197
57.5	144.264
57.6	144.332
57.7	144.399
57.8	144.466
57.9	144.533
58	144.6
58.1	144.667
58.2	144.734
58.3	144.801
58.4	144.868
58.5	144.935
58.6	145.002
58.7	145.069
58.8	145.136
58.9	145.203
59	145.27
59.1	145.337
59.2	145.403
59.3	145.47
59.4	145.537
59.5	145.604
59.6	145.67
59.7	145.737
59.8	145.803
59.9	145.87
60	145.937
60.1	146.003
60.2	146.07
60.3	146.136
60.4	146.203
60.5	146.269
60.6	146.335
60.7	146.402
60.8	146.468
60.9	146.534
61	146.601
61.1	146.667
61.2	146.733
61.3	146.799
61.4	146.865
61.5	146.932
61.6	146.998
61.7	147.064
61.8	147.13
61.9	147.196
62	147.262
62.1	147.328
62.2	147.394
62.3	147.46
62.4	147.525
62.5	147.591
62.6	147.657
62.7	147.723
62.8	147.789
62.9	147.854
63	147.92
63.1	147.986
63.2	148.052
63.3	148.117
63.4	148.183
63.5	148.248
63.6	148.314
63.7	148.379
63.8	148.445
63.9	148.51
64	148.576
64.1	148.641
64.2	148.707
64.3	148.772
64.4	148.837
64.5	148.903
64.6	148.968
64.7	149.033
64.8	149.098
64.9	149.164
65	149.229
65.1	149.294
65.2	149.359
65.3	149.424
65.4	149.489
65.5	149.554
65.6	149.619
65.7	149.684
65.8	149.749
65.9	149.814
66	149.879
66.1	149.944
66.2	150.008
66.3	150.073
66.4	150.138
66.5	150.203
66.6	150.268
66.7	150.332
66.8	150.397
66.9	150.462
67	150.526
67.1	150.591
67.2	150.655
67.3	150.72
67.4	150.784
67.5	150.849
67.6	150.913
67.7	150.978
67.8	151.042
67.9	151.106
68	151.171
68.1	151.235
68.2	151.299
68.3	151.364
68.4	151.428
68.5	151.492
68.6	151.556
68.7	151.62
68.8	151.685
68.9	151.749
69	151.813
69.1	151.877
69.2	151.941
69.3	152.005
69.4	152.069
69.5	152.133
69.6	152.197
69.7	152.26
69.8	152.324
69.9	152.388
70	152.452
70.1	152.516
70.2	152.579
70.3	152.643
70.4	152.707
70.5	152.77
70.6	152.834
70.7	152.898
70.8	152.961
70.9	153.025
71	153.088
71.1	153.152
71.2	153.215
71.3	153.279
71.4	153.342
71.5	153.406
71.6	153.469
71.7	153.532
71.8	153.596
71.9	153.659
72	153.722
72.1	153.785
72.2	153.849
72.3	153.912
72.4	153.975
72.5	154.038
72.6	154.101
72.7	154.164
72.8	154.227
72.9	154.29
73	154.353
73.1	154.416
73.2	154.479
73.3	154.542
73.4	154.605
73.5	154.668
73.6	154.731
73.7	154.794
73.8	154.856
73.9	154.919
74	154.982
74.1	155.045
74.2	155.107
74.3	155.17
74.4	155.233
74.5	155.295
74.6	155.358
74.7	155.42
74.8	155.483
74.9	155.545
75	155.608
75.1	155.67
75.2	155.733
75.3	155.795
75.4	155.857
75.5	155.92
75.6	155.982
75.7	156.044
75.8	156.107
75.9	156.169
76	156.231
76.1	156.293
76.2	156.356
76.3	156.418
76.4	156.48
76.5	156.542
76.6	156.604
76.7	156.666
76.8	156.728
76.9	156.79
77	156.852
77.1	156.914
77.2	156.976
77.3	157.038
77.4	157.099
77.5	157.161
77.6	157.223
77.7	157.285
77.8	157.347
77.9	157.408
78	157.47
78.1	157.532
78.2	157.593
78.3	157.655
78.4	157.717
78.5	157.778
78.6	157.84
78.7	157.901
78.8	157.963
78.9	158.024
79	158.086
79.1	158.147
79.2	158.209
79.3	158.27
79.4	158.331
79.5	158.393
79.6	158.454
79.7	158.515
79.8	158.576
79.9	158.638
80	158.699
80.1	158.76
80.2	158.821
80.3	158.882
80.4	158.943
80.5	159.004
80.6	159.065
80.7	159.126
80.8	159.187
80.9	159.248
81	159.309
81.1	159.37
81.2	159.431
81.3	159.492
81.4	159.553
81.5	159.614
81.6	159.675
81.7	159.735
81.8	159.796
81.9	159.857
82	159.918
82.1	159.978
82.2	160.039
82.3	160.099
82.4	160.16
82.5	160.221
82.6	160.281
82.7	160.342
82.8	160.402
82.9	160.463
83	160.523
83.1	160.584
83.2	160.644
83.3	160.704
83.4	160.765
83.5	160.825
83.6	160.885
83.7	160.946
83.8	161.006
83.9	161.066
84	161.126
84.1	161.187
84.2	161.247
84.3	161.307
84.4	161.367
84.5	161.427
84.6	161.487
84.7	161.547
84.8	161.607
84.9	161.667
85	161.727
85.1	161.787
85.2	161.847
85.3	161.907
85.4	161.967
85.5	162.027
85.6	162.086
85.7	162.146
85.8	162.206
85.9	162.266
86	162.326
86.1	162.385
86.2	162.445
86.3	162.505
86.4	162.564
86.5	162.624
86.6	162.683
86.7	162.743
86.8	162.803
86.9	162.862
87	162.922
87.1	162.981
87.2	163.04
87.3	163.1
87.4	163.159
87.5	163.219
87.6	163.278
87.7	163.337
87.8	163.397
87.9	163.456
88	163.515
88.1	163.574
88.2	163.634
88.3	163.693
88.4	163.752
88.5	163.811
88.6	163.87
88.7	163.929
88.8	163.988
88.9	164.047
89	164.106
89.1	164.165
89.2	164.224
89.3	164.283
89.4	164.342
89.5	164.401
89.6	164.46
89.7	164.519
89.8	164.578
89.9	164.637
90	164.695
90.1	164.754
90.2	164.813
90.3	164.872
90.4	164.93
90.5	164.989
90.6	165.048
90.7	165.106
90.8	165.165
90.9	165.224
91	165.282
91.1	165.341
91.2	165.399
91.3	165.458
91.4	165.516
91.5	165.575
91.6	165.633
91.7	165.691
91.8	165.75
91.9	165.808
92	165.866
92.1	165.925
92.2	165.983
92.3	166.041
92.4	166.1
92.5	166.158
92.6	166.216
92.7	166.274
92.8	166.332
92.9	166.391
93	166.449
93.1	166.507
93.2	166.565
93.3	166.623
93.4	166.681
93.5	166.739
93.6	166.797
93.7	166.855
93.8	166.913
93.9	166.971
94	167.029
94.1	167.086
94.2	167.144
94.3	167.202
94.4	167.26
94.5	167.318
94.6	167.375
94.7	167.433
94.8	167.491
94.9	167.549
95	167.606
95.1	167.664
95.2	167.721
95.3	167.779
95.4	167.837
95.5	167.894
95.6	167.952
95.7	168.009
95.8	168.067
95.9	168.124
96	168.182
96.1	168.239
96.2	168.296
96.3	168.354
96.4	168.411
96.5	168.469
96.6	168.526
96.7	168.583
96.8	168.64
96.9	168.698
97	168.755
97.1	168.812
97.2	168.869
97.3	168.926
97.4	168.984
97.5	169.041
97.6	169.098
97.7	169.155
97.8	169.212
97.9	169.269
98	169.326
98.1	169.383
98.2	169.44
98.3	169.497
98.4	169.554
98.5	169.611
98.6	169.668
98.7	169.725
98.8	169.781
98.9	169.838
99	169.895
99.1	169.952
99.2	170.009
99.3	170.065
99.4	170.122
99.5	170.179
99.6	170.235
99.7	170.292
99.8	170.349
99.9	170.405
100	170.462
100.1	170.518
100.2	170.575
100.3	170.632
100.4	170.688
100.5	170.745
100.6	170.801
100.7	170.857
100.8	170.914
100.9	170.97
101	171.027
101.1	171.083
101.2	171.139
101.3	171.196
101.4	171.252
101.5	171.308
101.6	171.364
101.7	171.421
101.8	171.477
101.9	171.533
102	171.589
102.1	171.645
102.2	171.702
102.3	171.758
102.4	171.814
102.5	171.87
102.6	171.926
102.7	171.982
102.8	172.038
102.9	172.094
103	172.15
103.1	172.206
103.2	172.262
103.3	172.318
103.4	172.374
103.5	172.429
103.6	172.485
103.7	172.541
103.8	172.597
103.9	172.653
104	172.708
104.1	172.764
104.2	172.82
104.3	172.876
104.4	172.931
104.5	172.987
104.6	173.043
104.7	173.098
104.8	173.154
104.9	173.209
105	173.265
105.1	173.32
105.2	173.376
105.3	173.432
105.4	173.487
105.5	173.542
105.6	173.598
105.7	173.653
105.8	173.709
105.9	173.764
106	173.819
106.1	173.875
106.2	173.93
106.3	173.985
106.4	174.041
106.5	174.096
106.6	174.151
106.7	174.206
106.8	174.262
106.9	174.317
107	174.372
107.1	174.427
107.2	174.482
107.3	174.537
107.4	174.592
107.5	174.647
107.6	174.702
107.7	174.758
107.8	174.813
107.9	174.868
108	174.922
108.1	174.977
108.2	175.032
108.3	175.087
108.4	175.142
108.5	175.197
108.6	175.252
108.7	175.307
108.8	175.361
108.9	175.416
109	175.471
109.1	175.526
109.2	175.581
109.3	175.635
109.4	175.69
109.5	175.745
109.6	175.799
109.7	175.854
109.8	175.908
109.9	175.963
110	176.018
110.1	176.072
110.2	176.127
110.3	176.181
110.4	176.236
110.5	176.29
110.6	176.345
110.7	176.399
110.8	176.454
110.9	176.508
111	176.562
111.1	176.617
111.2	176.671
111.3	176.725
111.4	176.78
111.5	176.834
111.6	176.888
111.7	176.942
111.8	176.997
111.9	177.051
112	177.105
112.1	177.159
112.2	177.213
112.3	177.268
112.4	177.322
112.5	177.376
112.6	177.43
112.7	177.484
112.8	177.538
112.9	177.592
113	177.646
113.1	177.7
113.2	177.754
113.3	177.808
113.4	177.862
113.5	177.916
113.6	177.97
113.7	178.024
113.8	178.077
113.9	178.131
114	178.185
114.1	178.239
114.2	178.293
114.3	178.346
114.4	178.4
114.5	178.454
114.6	178.508
114.7	178.561
114.8	178.615
114.9	178.669
115	178.722
115.1	178.776
115.2	178.829
115.3	178.883
115.4	178.937
115.5	178.99
115.6	179.044
115.7	179.097
115.8	179.151
115.9	179.204
116	179.257
116.1	179.311
116.2	179.364
116.3	179.418
116.4	179.471
116.5	179.524
116.6	179.578
116.7	179.631
116.8	179.684
116.9	179.738
117	179.791
117.1	179.844
117.2	179.897
117.3	179.951
117.4	180.004
117.5	180.057
117.6	180.11
117.7	180.163
117.8	180.216
117.9	180.27
118	180.323
118.1	180.376
118.2	180.429
118.3	180.482
118.4	180.535
118.5	180.588
118.6	180.641
118.7	180.694
118.8	180.747
118.9	180.8
119	180.852
119.1	180.905
119.2	180.958
119.3	181.011
119.4	181.064
119.5	181.117
119.6	181.17
119.7	181.222
119.8	181.275
119.9	181.328
120	181.381
120.1	181.433
120.2	181.486
120.3	181.539
120.4	181.591
120.5	181.644
120.6	181.697
120.7	181.749
120.8	181.802
120.9	181.854
121	181.907
121.1	181.959
121.2	182.012
121.3	182.064
121.4	182.117
121.5	182.169
121.6	182.222
121.7	182.274
121.8	182.327
121.9	182.379
122	182.431
122.1	182.484
122.2	182.536
122.3	182.588
122.4	182.641
122.5	182.693
122.6	182.745
122.7	182.798
122.8	182.85
122.9	182.902
123	182.954
123.1	183.006
123.2	183.059
123.3	183.111
123.4	183.163
123.5	183.215
123.6	183.267
123.7	183.319
123.8	183.371
123.9	183.423
124	183.475
124.1	183.527
124.2	183.579
124.3	183.631
124.4	183.683
124.5	183.735
124.6	183.787
124.7	183.839
124.8	183.891
124.9	183.943
125	183.995
125.1	184.047
125.2	184.098
125.3	184.15
125.4	184.202
125.5	184.254
125.6	184.306
125.7	184.357
125.8	184.409
125.9	184.461
126	184.512
126.1	184.564
126.2	184.616
126.3	184.667
126.4	184.719
126.5	184.771
126.6	184.822
126.7	184.874
126.8	184.925
126.9	184.977
127	185.028
127.1	185.08
127.2	185.131
127.3	185.183
127.4	185.234
127.5	185.286
127.6	185.337
127.7	185.389
127.8	185.44
127.9	185.491
128	185.543
128.1	185.594
128.2	185.646
128.3	185.697
128.4	185.748
128.5	185.799
128.6	185.851
128.7	185.902
128.8	185.953
128.9	186.004
129	186.056
129.1	186.107
129.2	186.158
129.3	186.209
129.4	186.26
129.5	186.311
129.6	186.362
129.7	186.413
129.8	186.465
129.9	186.516
130	186.567
130.1	186.618
130.2	186.669
130.3	186.72
130.4	186.771
130.5	186.822
130.6	186.872
130.7	186.923
130.8	186.974
130.9	187.025
131	187.076
131.1	187.127
131.2	187.178
131.3	187.229
131.4	187.279
131.5	187.33
131.6	187.381
131.7	187.432
131.8	187.482
131.9	187.533
132	187.584
132.1	187.635
132.2	187.685
132.3	187.736
132.4	187.787
132.5	187.837
132.6	187.888
132.7	187.938
132.8	187.989
132.9	188.04
133	188.09
133.1	188.141
133.2	188.191
133.3	188.242
133.4	188.292
133.5	188.343
133.6	188.393
133.7	188.444
133.8	188.494
133.9	188.544
134	188.595
134.1	188.645
134.2	188.696
134.3	188.746
134.4	188.796
134.5	188.847
134.6	188.897
134.7	188.947
134.8	188.997
134.9	189.048
135	189.098
135.1	189.148
135.2	189.198
135.3	189.248
135.4	189.299
135.5	189.349
135.6	189.399
135.7	189.449
135.8	189.499
135.9	189.549
136	189.599
136.1	189.649
136.2	189.7
136.3	189.75
136.4	189.8
136.5	189.85
136.6	189.9
136.7	189.95
136.8	189.999
136.9	190.049
137	190.099
137.1	190.149
137.2	190.199
137.3	190.249
137.4	190.299
137.5	190.349
137.6	190.399
137.7	190.448
137.8	190.498
137.9	190.548
138	190.598
138.1	190.648
138.2	190.697
138.3	190.747
138.4	190.797
138.5	190.846
138.6	190.896
138.7	190.946
138.8	190.995
138.9	191.045
139	191.095
139.1	191.144
139.2	191.194
139.3	191.243
139.4	191.293
139.5	191.343
139.6	191.392
139.7	191.442
139.8	191.491
139.9	191.541
140	191.59
140.1	191.64
140.2	191.689
140.3	191.738
140.4	191.788
140.5	191.837
140.6	191.887
140.7	191.936
140.8	191.985
140.9	192.035
141	192.084
141.1	192.133
141.2	192.183
141.3	192.232
141.4	192.281
141.5	192.33
141.6	192.38
141.7	192.429
141.8	192.478
141.9	192.527
142	192.576
142.1	192.626
142.2	192.675
142.3	192.724
142.4	192.773
142.5	192.822
142.6	192.871
142.7	192.92
142.8	192.969
142.9	193.018
143	193.067
143.1	193.116
143.2	193.165
143.3	193.214
143.4	193.263
143.5	193.312
143.6	193.361
143.7	193.41
143.8	193.459
143.9	193.508
144	193.557
144.1	193.606
144.2	193.655
144.3	193.703
144.4	193.752
144.5	193.801
144.6	193.85
144.7	193.899
144.8	193.947
144.9	193.996
145	194.045
145.1	194.094
145.2	194.142
145.3	194.191
145.4	194.24
145.5	194.288
145.6	194.337
145.7	194.386
145.8	194.434
145.9	194.483
146	194.532
146.1	194.58
146.2	194.629
146.3	194.677
146.4	194.726
146.5	194.774
146.6	194.823
146.7	194.871
146.8	194.92
146.9	194.968
147	195.017
147.1	195.065
147.2	195.114
147.3	195.162
147.4	195.21
147.5	195.259
147.6	195.307
147.7	195.355
147.8	195.404
147.9	195.452
148	195.5
148.1	195.549
148.2	195.597
148.3	195.645
148.4	195.694
148.5	195.742
148.6	195.79
148.7	195.838
148.8	195.886
148.9	195.935
149	195.983
149.1	196.031
149.2	196.079
149.3	196.127
149.4	196.175
149.5	196.223
149.6	196.271
149.7	196.32
149.8	196.368
149.9	196.416
150	196.464
150.1	196.512
150.2	196.56
150.3	196.608
150.4	196.656
150.5	196.704
150.6	196.752
150.7	196.8
150.8	196.847
150.9	196.895
151	196.943
151.1	196.991
151.2	197.039
151.3	197.087
151.4	197.135
151.5	197.183
151.6	197.23
151.7	197.278
151.8	197.326
151.9	197.374
152	197.421
152.1	197.469
152.2	197.517
152.3	197.565
152.4	197.612
152.5	197.66
152.6	197.708
152.7	197.755
152.8	197.803
152.9	197.851
153	197.898
153.1	197.946
153.2	197.993
153.3	198.041
153.4	198.089
153.5	198.136
153.6	198.184
153.7	198.231
153.8	198.279
153.9	198.326
154	198.374
154.1	198.421
154.2	198.469
154.3	198.516
154.4	198.564
154.5	198.611
154.6	198.658
154.7	198.706
154.8	198.753
154.9	198.8
155	198.848
155.1	198.895
155.2	198.942
155.3	198.99
155.4	199.037
155.5	199.084
155.6	199.132
155.7	199.179
155.8	199.226
155.9	199.273
156	199.321
156.1	199.368
156.2	199.415
156.3	199.462
156.4	199.509
156.5	199.556
156.6	199.604
156.7	199.651
156.8	199.698
156.9	199.745
157	199.792
157.1	199.839
157.2	199.886
157.3	199.933
157.4	199.98
157.5	200.027
157.6	200.074
157.7	200.121
157.8	200.168
157.9	200.215
158	200.262
158.1	200.309
158.2	200.356
158.3	200.403
158.4	200.45
158.5	200.497
158.6	200.544
158.7	200.591
158.8	200.637
158.9	200.684
159	200.731
159.1	200.778
159.2	200.825
159.3	200.871
159.4	200.918
159.5	200.965
159.6	201.012
159.7	201.058
159.8	201.105
159.9	201.152
160	201.199
160.1	201.245
160.2	201.292
160.3	201.339
160.4	201.385
160.5	201.432
160.6	201.478
160.7	201.525
160.8	201.572
160.9	201.618
161	201.665
161.1	201.711
161.2	201.758
161.3	201.804
161.4	201.851
161.5	201.897
161.6	201.944
161.7	201.99
161.8	202.037
161.9	202.083
162	202.13
162.1	202.176
162.2	202.223
162.3	202.269
162.4	202.315
162.5	202.362
162.6	202.408
162.7	202.455
162.8	202.501
162.9	202.547
163	202.594
163.1	202.64
163.2	202.686
163.3	202.732
163.4	202.779
163.5	202.825
163.6	202.871
163.7	202.917
163.8	202.964
163.9	203.01
164	203.056
164.1	203.102
164.2	203.148
164.3	203.194
164.4	203.241
164.5	203.287
164.6	203.333
164.7	203.379
164.8	203.425
164.9	203.471
165	203.517
165.1	203.563
165.2	203.609
165.3	203.655
165.4	203.701
165.5	203.747
165.6	203.793
165.7	203.839
165.8	203.885
165.9	203.931
166	203.977
166.1	204.023
166.2	204.069
166.3	204.115
166.4	204.161
166.5	204.207
166.6	204.253
166.7	204.298
166.8	204.344
166.9	204.39
167	204.436
167.1	204.482
167.2	204.527
167.3	204.573
167.4	204.619
167.5	204.665
167.6	204.711
167.7	204.756
167.8	204.802
167.9	204.848
168	204.893
168.1	204.939
168.2	204.985
168.3	205.03
168.4	205.076
168.5	205.122
168.6	205.167
168.7	205.213
168.8	205.259
168.9	205.304
169	205.35
169.1	205.395
169.2	205.441
169.3	205.486
169.4	205.532
169.5	205.577
169.6	205.623
169.7	205.668
169.8	205.714
169.9	205.759
170	205.805
170.1	205.85
170.2	205.896
170.3	205.941
170.4	205.986
170.5	206.032
170.6	206.077
170.7	206.123
170.8	206.168
170.9	206.213
171	206.259
171.1	206.304
171.2	206.349
171.3	206.395
171.4	206.44
171.5	206.485
171.6	206.53
171.7	206.576
171.8	206.621
171.9	206.666
172	206.711
172.1	206.757
172.2	206.802
172.3	206.847
172.4	206.892
172.5	206.937
172.6	206.982
172.7	207.028
172.8	207.073
172.9	207.118
173	207.163
173.1	207.208
173.2	207.253
173.3	207.298
173.4	207.343
173.5	207.388
173.6	207.433
173.7	207.478
173.8	207.523
173.9	207.568
174	207.613
174.1	207.658
174.2	207.703
174.3	207.748
174.4	207.793
174.5	207.838
174.6	207.883
174.7	207.928
174.8	207.973
174.9	208.018
175	208.062
175.1	208.107
175.2	208.152
175.3	208.197
175.4	208.242
175.5	208.287
175.6	208.331
175.7	208.376
175.8	208.421
175.9	208.466
176	208.51
176.1	208.555
176.2	208.6
176.3	208.645
176.4	208.689
176.5	208.734
176.6	208.779
176.7	208.823
176.8	208.868
176.9	208.913
177	208.957
177.1	209.002
177.2	209.047
177.3	209.091
177.4	209.136
177.5	209.18
177.6	209.225
177.7	209.269
177.8	209.314
177.9	209.359
178	209.403
178.1	209.448
178.2	209.492
178.3	209.537
178.4	209.581
178.5	209.626
178.6	209.67
178.7	209.714
178.8	209.759
178.9	209.803
179	209.848
179.1	209.892
179.2	209.937
179.3	209.981
179.4	210.025
179.5	210.07
179.6	210.114
179.7	210.158
179.8	210.203
179.9	210.247
180	210.291
180.1	210.335
180.2	210.38
180.3	210.424
180.4	210.468
180.5	210.513
180.6	210.557
180.7	210.601
180.8	210.645
180.9	210.689
181	210.734
181.1	210.778
181.2	210.822
181.3	210.866
181.4	210.91
181.5	210.954
181.6	210.998
181.7	211.043
181.8	211.087
181.9	211.131
182	211.175
182.1	211.219
182.2	211.263
182.3	211.307
182.4	211.351
182.5	211.395
182.6	211.439
182.7	211.483
182.8	211.527
182.9	211.571
183	211.615
183.1	211.659
183.2	211.703
183.3	211.747
183.4	211.791
183.5	211.835
183.6	211.879
183.7	211.922
183.8	211.966
183.9	212.01
184	212.054
184.1	212.098
184.2	212.142
184.3	212.186
184.4	212.229
184.5	212.273
184.6	212.317
184.7	212.361
184.8	212.405
184.9	212.448
185	212.492
185.1	212.536
185.2	212.58
185.3	212.623
185.4	212.667
185.5	212.711
185.6	212.754
185.7	212.798
185.8	212.842
185.9	212.885
186	212.929
186.1	212.973
186.2	213.016
186.3	213.06
186.4	213.103
186.5	213.147
186.6	213.191
186.7	213.234
186.8	213.278
186.9	213.321
187	213.365
187.1	213.408
187.2	213.452
187.3	213.495
187.4	213.539
187.5	213.582
187.6	213.626
187.7	213.669
187.8	213.713
187.9	213.756
188	213.8
188.1	213.843
188.2	213.886
188.3	213.93
188.4	213.973
188.5	214.016
188.6	214.06
188.7	214.103
188.8	214.147
188.9	214.19
189	214.233
189.1	214.277
189.2	214.32
189.3	214.363
189.4	214.406
189.5	214.45
189.6	214.493
189.7	214.536
189.8	214.579
189.9	214.623
190	214.666
190.1	214.709
190.2	214.752
190.3	214.795
190.4	214.839
190.5	214.882
190.6	214.925
190.7	214.968
190.8	215.011
190.9	215.054
191	215.097
191.1	215.141
191.2	215.184
191.3	215.227
191.4	215.27
191.5	215.313
191.6	215.356
191.7	215.399
191.8	215.442
191.9	215.485
192	215.528
192.1	215.571
192.2	215.614
192.3	215.657
192.4	215.7
192.5	215.743
192.6	215.786
192.7	215.829
192.8	215.872
192.9	215.915
193	215.958
193.1	216
193.2	216.043
193.3	216.086
193.4	216.129
193.5	216.172
193.6	216.215
193.7	216.258
193.8	216.3
193.9	216.343
194	216.386
194.1	216.429
194.2	216.472
194.3	216.514
194.4	216.557
194.5	216.6
194.6	216.643
194.7	216.685
194.8	216.728
194.9	216.771
195	216.814
195.1	216.856
195.2	216.899
195.3	216.942
195.4	216.984
195.5	217.027
195.6	217.07
195.7	217.112
195.8	217.155
195.9	217.197
196	217.24
196.1	217.283
196.2	217.325
196.3	217.368
196.4	217.41
196.5	217.453
196.6	217.495
196.7	217.538
196.8	217.58
196.9	217.623
197	217.665
197.1	217.708
197.2	217.75
197.3	217.793
197.4	217.835
197.5	217.878
197.6	217.92
197.7	217.963
197.8	218.005
197.9	218.048
198	218.09
198.1	218.132
198.2	218.175
198.3	218.217
198.4	218.259
198.5	218.302
198.6	218.344
198.7	218.386
198.8	218.429
198.9	218.471
199	218.513
199.1	218.556
199.2	218.598
199.3	218.64
199.4	218.683
199.5	218.725
199.6	218.767
199.7	218.809
199.8	218.851
199.9	218.894
200	218.936
200.1	218.978
200.2	219.02
200.3	219.062
200.4	219.105
200.5	219.147
200.6	219.189
200.7	219.231
200.8	219.273
200.9	219.315
201	219.357
201.1	219.399
201.2	219.442
201.3	219.484
201.4	219.526
201.5	219.568
201.6	219.61
201.7	219.652
201.8	219.694
201.9	219.736
202	219.778
202.1	219.82
202.2	219.862
202.3	219.904
202.4	219.946
202.5	219.988
202.6	220.03
202.7	220.072
202.8	220.114
202.9	220.156
203	220.197
203.1	220.239
203.2	220.281
203.3	220.323
203.4	220.365
203.5	220.407
203.6	220.449
203.7	220.491
203.8	220.532
203.9	220.574
204	220.616
204.1	220.658
204.2	220.7
204.3	220.741
204.4	220.783
204.5	220.825
204.6	220.867
204.7	220.909
204.8	220.95
204.9	220.992
205	221.034
205.1	221.075
205.2	221.117
205.3	221.159
205.4	221.201
205.5	221.242
205.6	221.284
205.7	221.326
205.8	221.367
205.9	221.409
206	221.45
206.1	221.492
206.2	221.534
206.3	221.575
206.4	221.617
206.5	221.658
206.6	221.7
206.7	221.742
206.8	221.783
206.9	221.825
207	221.866
207.1	221.908
207.2	221.949
207.3	221.991
207.4	222.032
207.5	222.074
207.6	222.115
207.7	222.157
207.8	222.198
207.9	222.24
208	222.281
208.1	222.322
208.2	222.364
208.3	222.405
208.4	222.447
208.5	222.488
208.6	222.529
208.7	222.571
208.8	222.612
208.9	222.654
209	222.695
209.1	222.736
209.2	222.778
209.3	222.819
209.4	222.86
209.5	222.901
209.6	222.943
209.7	222.984
209.8	223.025
209.9	223.067
210	223.108
210.1	223.149
210.2	223.19
210.3	223.232
210.4	223.273
210.5	223.314
210.6	223.355
210.7	223.396
210.8	223.437
210.9	223.479
211	223.52
211.1	223.561
211.2	223.602
211.3	223.643
211.4	223.684
211.5	223.725
211.6	223.767
211.7	223.808
211.8	223.849
211.9	223.89
212	223.931
212.1	223.972
212.2	224.013
212.3	224.054
212.4	224.095
212.5	224.136
212.6	224.177
212.7	224.218
212.8	224.259
212.9	224.3
213	224.341
213.1	224.382
213.2	224.423
213.3	224.464
213.4	224.505
213.5	224.546
213.6	224.587
213.7	224.628
213.8	224.669
213.9	224.71
214	224.75
214.1	224.791
214.2	224.832
214.3	224.873
214.4	224.914
214.5	224.955
214.6	224.996
214.7	225.036
214.8	225.077
214.9	225.118
215	225.159
215.1	225.2
215.2	225.24
215.3	225.281
215.4	225.322
215.5	225.363
215.6	225.403
215.7	225.444
215.8	225.485
215.9	225.526
216	225.566
216.1	225.607
216.2	225.648
216.3	225.688
216.4	225.729
216.5	225.77
216.6	225.81
216.7	225.851
216.8	225.892
216.9	225.932
217	225.973
217.1	226.014
217.2	226.054
217.3	226.095
217.4	226.135
217.5	226.176
217.6	226.216
217.7	226.257
217.8	226.298
217.9	226.338
218	226.379
218.1	226.419
218.2	226.46
218.3	226.5
218.4	226.541
218.5	226.581
218.6	226.622
218.7	226.662
218.8	226.703
218.9	226.743
219	226.783
219.1	226.824
219.2	226.864
219.3	226.905
219.4	226.945
219.5	226.986
219.6	227.026
219.7	227.066
219.8	227.107
219.9	227.147
220	227.187
220.1	227.228
220.2	227.268
220.3	227.308
220.4	227.349
220.5	227.389
220.6	227.429
220.7	227.47
220.8	227.51
220.9	227.55
221	227.591
221.1	227.631
221.2	227.671
221.3	227.711
221.4	227.751
221.5	227.792
221.6	227.832
221.7	227.872
221.8	227.912
221.9	227.953
222	227.993
222.1	228.033
222.2	228.073
222.3	228.113
222.4	228.153
222.5	228.194
222.6	228.234
222.7	228.274
222.8	228.314
222.9	228.354
223	228.394
223.1	228.434
223.2	228.474
223.3	228.514
223.4	228.554
223.5	228.594
223.6	228.635
223.7	228.675
223.8	228.715
223.9	228.755
224	228.795
224.1	228.835
224.2	228.875
224.3	228.915
224.4	228.955
224.5	228.995
224.6	229.035
224.7	229.074
224.8	229.114
224.9	229.154
225	229.194
225.1	229.234
225.2	229.274
225.3	229.314
225.4	229.354
225.5	229.394
225.6	229.434
225.7	229.474
225.8	229.513
225.9	229.553
226	229.593
226.1	229.633
226.2	229.673
226.3	229.713
226.4	229.752
226.5	229.792
226.6	229.832
226.7	229.872
226.8	229.912
226.9	229.951
227	229.991
227.1	230.031
227.2	230.071
227.3	230.11
227.4	230.15
227.5	230.19
227.6	230.229
227.7	230.269
227.8	230.309
227.9	230.349
228	230.388
228.1	230.428
228.2	230.468
228.3	230.507
228.4	230.547
228.5	230.586
228.6	230.626
228.7	230.666
228.8	230.705
228.9	230.745
229	230.785
229.1	230.824
229.2	230.864
229.3	230.903
229.4	230.943
229.5	230.982
229.6	231.022
229.7	231.061
229.8	231.101
229.9	231.141
230	231.18
230.1	231.22
230.2	231.259
230.3	231.299
230.4	231.338
230.5	231.377
230.6	231.417
230.7	231.456
230.8	231.496
230.9	231.535
231	231.575
231.1	231.614
231.2	231.654
231.3	231.693
231.4	231.732
231.5	231.772
231.6	231.811
231.7	231.85
231.8	231.89
231.9	231.929
232	231.969
232.1	232.008
232.2	232.047
232.3	232.087
232.4	232.126
232.5	232.165
232.6	232.204
232.7	232.244
232.8	232.283
232.9	232.322
233	232.362
233.1	232.401
233.2	232.44
233.3	232.479
233.4	232.519
233.5	232.558
233.6	232.597
233.7	232.636
233.8	232.675
233.9	232.715
234	232.754
234.1	232.793
234.2	232.832
234.3	232.871
234.4	232.91
234.5	232.95
234.6	232.989
234.7	233.028
234.8	233.067
234.9	233.106
235	233.145
235.1	233.184
235.2	233.223
235.3	233.263
235.4	233.302
235.5	233.341
235.6	233.38
235.7	233.419
235.8	233.458
235.9	233.497
236	233.536
236.1	233.575
236.2	233.614
236.3	233.653
236.4	233.692
236.5	233.731
236.6	233.77
236.7	233.809
236.8	233.848
236.9	233.887
237	233.926
237.1	233.965
237.2	234.004
237.3	234.043
237.4	234.081
237.5	234.12
237.6	234.159
237.7	234.198
237.8	234.237
237.9	234.276
238	234.315
238.1	234.354
238.2	234.392
238.3	234.431
238.4	234.47
238.5	234.509
238.6	234.548
238.7	234.587
238.8	234.625
238.9	234.664
239	234.703
239.1	234.742
239.2	234.781
239.3	234.819
239.4	234.858
239.5	234.897
239.6	234.936
239.7	234.974
239.8	235.013
239.9	235.052
240	235.091
240.1	235.129
240.2	235.168
240.3	235.207
240.4	235.245
240.5	235.284
240.6	235.323
240.7	235.361
240.8	235.4
240.9	235.439
241	235.477
241.1	235.516
241.2	235.554
241.3	235.593
241.4	235.632
241.5	235.67
241.6	235.709
241.7	235.747
241.8	235.786
241.9	235.825
242	235.863
242.1	235.902
242.2	235.94
242.3	235.979
242.4	236.017
242.5	236.056
242.6	236.094
242.7	236.133
242.8	236.171
242.9	236.21
243	236.248
243.1	236.287
243.2	236.325
243.3	236.364
243.4	236.402
243.5	236.441
243.6	236.479
243.7	236.517
243.8	236.556
243.9	236.594
244	236.633
244.1	236.671
244.2	236.709
244.3	236.748
244.4	236.786
244.5	236.825
244.6	236.863
244.7	236.901
244.8	236.94
244.9	236.978
245	237.016
245.1	237.055
245.2	237.093
245.3	237.131
245.4	237.17
245.5	237.208
245.6	237.246
245.7	237.284
245.8	237.323
245.9	237.361
246	237.399
246.1	237.437
246.2	237.476
246.3	237.514
246.4	237.552
246.5	237.59
246.6	237.629
246.7	237.667
246.8	237.705
246.9	237.743
247	237.781
247.1	237.82
247.2	237.858
247.3	237.896
247.4	237.934
247.5	237.972
247.6	238.01
247.7	238.048
247.8	238.087
247.9	238.125
248	238.163
248.1	238.201
248.2	238.239
248.3	238.277
248.4	238.315
248.5	238.353
248.6	238.391
248.7	238.429
248.8	238.467
248.9	238.505
249	238.543
249.1	238.581
249.2	238.619
249.3	238.657
249.4	238.695
249.5	238.733
249.6	238.771
249.7	238.809
249.8	238.847
249.9	238.885
250	238.923
250.1	238.961
250.2	238.999
250.3	239.037
250.4	239.075
250.5	239.113
250.6	239.151
250.7	239.189
250.8	239.227
250.9	239.265
251	239.302
251.1	239.34
251.2	239.378
251.3	239.416
251.4	239.454
251.5	239.492
251.6	239.53
251.7	239.567
251.8	239.605
251.9	239.643
252	239.681
252.1	239.719
252.2	239.756
252.3	239.794
252.4	239.832
252.5	239.87
252.6	239.908
252.7	239.945
252.8	239.983
252.9	240.021
253	240.059
253.1	240.096
253.2	240.134
253.3	240.172
253.4	240.209
253.5	240.247
253.6	240.285
253.7	240.322
253.8	240.36
253.9	240.398
254	240.435
254.1	240.473
254.2	240.511
254.3	240.548
254.4	240.586
254.5	240.624
254.6	240.661
254.7	240.699
254.8	240.737
254.9	240.774
255	240.812
255.1	240.849
255.2	240.887
255.3	240.924
255.4	240.962
255.5	241
255.6	241.037
255.7	241.075
255.8	241.112
255.9	241.15
256	241.187
256.1	241.225
256.2	241.262
256.3	241.3
256.4	241.337
256.5	241.375
256.6	241.412
256.7	241.45
256.8	241.487
256.9	241.525
257	241.562
257.1	241.6
257.2	241.637
257.3	241.674
257.4	241.712
257.5	241.749
257.6	241.787
257.7	241.824
257.8	241.861
257.9	241.899
258	241.936
258.1	241.974
258.2	242.011
258.3	242.048
258.4	242.086
258.5	242.123
258.6	242.16
258.7	242.198
258.8	242.235
258.9	242.272
259	242.31
259.1	242.347
259.2	242.384
259.3	242.421
259.4	242.459
259.5	242.496
259.6	242.533
259.7	242.571
259.8	242.608
259.9	242.645
260	242.682
260.1	242.72
260.2	242.757
260.3	242.794
260.4	242.831
260.5	242.868
260.6	242.906
260.7	242.943
260.8	242.98
260.9	243.017
261	243.054
261.1	243.091
261.2	243.129
261.3	243.166
261.4	243.203
261.5	243.24
261.6	243.277
261.7	243.314
261.8	243.351
261.9	243.388
262	243.426
262.1	243.463
262.2	243.5
262.3	243.537
262.4	243.574
262.5	243.611
262.6	243.648
262.7	243.685
262.8	243.722
262.9	243.759
263	243.796
263.1	243.833
263.2	243.87
263.3	243.907
263.4	243.944
263.5	243.981
263.6	244.018
263.7	244.055
263.8	244.092
263.9	244.129
264	244.166
264.1	244.203
264.2	244.24
264.3	244.277
264.4	244.314
264.5	244.351
264.6	244.388
264.7	244.425
264.8	244.462
264.9	244.498
265	244.535
265.1	244.572
265.2	244.609
265.3	244.646
265.4	244.683
265.5	244.72
265.6	244.757
265.7	244.793
265.8	244.83
265.9	244.867
266	244.904
266.1	244.941
266.2	244.978
266.3	245.014
266.4	245.051
266.5	245.088
266.6	245.125
266.7	245.161
266.8	245.198
266.9	245.235
267	245.272
267.1	245.309
267.2	245.345
267.3	245.382
267.4	245.419
267.5	245.455
267.6	245.492
267.7	245.529
267.8	245.566
267.9	245.602
268	245.639
268.1	245.676
268.2	245.712
268.3	245.749
268.4	245.786
268.5	245.822
268.6	245.859
268.7	245.896
268.8	245.932
268.9	245.969
269	246.005
269.1	246.042
269.2	246.079
269.3	246.115
269.4	246.152
269.5	246.188
269.6	246.225
269.7	246.262
269.8	246.298
269.9	246.335
270	246.371
270.1	246.408
270.2	246.444
270.3	246.481
270.4	246.517
270.5	246.554
270.6	246.591
270.7	246.627
270.8	246.664
270.9	246.7
271	246.737
271.1	246.773
271.2	246.809
271.3	246.846
271.4	246.882
271.5	246.919
271.6	246.955
271.7	246.992
271.8	247.028
271.9	247.065
272	247.101
272.1	247.137
272.2	247.174
272.3	247.21
272.4	247.247
272.5	247.283
272.6	247.319
272.7	247.356
272.8	247.392
272.9	247.429
273	247.465
273.1	247.501
273.2	247.538
273.3	247.574
273.4	247.61
273.5	247.647
273.6	247.683
273.7	247.719
273.8	247.756
273.9	247.792
274	247.828
274.1	247.864
274.2	247.901
274.3	247.937
274.4	247.973
274.5	248.009
274.6	248.046
274.7	248.082
274.8	248.118
274.9	248.154
275	248.191
275.1	248.227
275.2	248.263
275.3	248.299
275.4	248.336
275.5	248.372
275.6	248.408
275.7	248.444
275.8	248.48
275.9	248.516
276	248.553
276.1	248.589
276.2	248.625
276.3	248.661
276.4	248.697
276.5	248.733
276.6	248.769
276.7	248.806
276.8	248.842
276.9	248.878
277	248.914
277.1	248.95
277.2	248.986
277.3	249.022
277.4	249.058
277.5	249.094
277.6	249.13
277.7	249.166
277.8	249.202
277.9	249.238
278	249.274
278.1	249.311
278.2	249.347
278.3	249.383
278.4	249.419
278.5	249.455
278.6	249.491
278.7	249.527
278.8	249.563
278.9	249.599
279	249.634
279.1	249.67
279.2	249.706
279.3	249.742
279.4	249.778
279.5	249.814
279.6	249.85
279.7	249.886
279.8	249.922
279.9	249.958
280	249.994
280.1	250.03
280.2	250.066
280.3	250.101
280.4	250.137
280.5	250.173
280.6	250.209
280.7	250.245
280.8	250.281
280.9	250.317
281	250.353
281.1	250.388
281.2	250.424
281.3	250.46
281.4	250.496
281.5	250.532
281.6	250.567
281.7	250.603
281.8	250.639
281.9	250.675
282	250.711
282.1	250.746
282.2	250.782
282.3	250.818
282.4	250.854
282.5	250.889
282.6	250.925
282.7	250.961
282.8	250.997
282.9	251.032
283	251.068
283.1	251.104
283.2	251.139
283.3	251.175
283.4	251.211
283.5	251.247
283.6	251.282
283.7	251.318
283.8	251.354
283.9	251.389
284	251.425
284.1	251.461
284.2	251.496
284.3	251.532
284.4	251.567
284.5	251.603
284.6	251.639
284.7	251.674
284.8	251.71
284.9	251.745
285	251.781
285.1	251.817
285.2	251.852
285.3	251.888
285.4	251.923
285.5	251.959
285.6	251.995
285.7	252.03
285.8	252.066
285.9	252.101
286	252.137
286.1	252.172
286.2	252.208
286.3	252.243
286.4	252.279
286.5	252.314
286.6	252.35
286.7	252.385
286.8	252.421
286.9	252.456
287	252.492
287.1	252.527
287.2	252.563
287.3	252.598
287.4	252.633
287.5	252.669
287.6	252.704
287.7	252.74
287.8	252.775
287.9	252.811
288	252.846
288.1	252.881
288.2	252.917
288.3	252.952
288.4	252.988
288.5	253.023
288.6	253.058
288.7	253.094
288.8	253.129
288.9	253.164
289	253.2
289.1	253.235
289.2	253.27
289.3	253.306
289.4	253.341
289.5	253.376
289.6	253.412
289.7	253.447
289.8	253.482
289.9	253.518
290	253.553
290.1	253.588
290.2	253.623
290.3	253.659
290.4	253.694
290.5	253.729
290.6	253.764
290.7	253.8
290.8	253.835
290.9	253.87
291	253.905
291.1	253.941
291.2	253.976
291.3	254.011
291.4	254.046
291.5	254.081
291.6	254.117
291.7	254.152
291.8	254.187
291.9	254.222
292	254.257
292.1	254.292
292.2	254.328
292.3	254.363
292.4	254.398
292.5	254.433
292.6	254.468
292.7	254.503
292.8	254.538
292.9	254.574
293	254.609
293.1	254.644
293.2	254.679
293.3	254.714
293.4	254.749
293.5	254.784
293.6	254.819
293.7	254.854
293.8	254.889
293.9	254.924
294	254.959
294.1	254.994
294.2	255.029
294.3	255.065
294.4	255.1
294.5	255.135
294.6	255.17
294.7	255.205
294.8	255.24
294.9	255.275
295	255.31
295.1	255.345
295.2	255.379
295.3	255.414
295.4	255.449
295.5	255.484
295.6	255.519
295.7	255.554
295.8	255.589
295.9	255.624
296	255.659
296.1	255.694
296.2	255.729
296.3	255.764
296.4	255.799
296.5	255.834
296.6	255.869
296.7	255.903
296.8	255.938
296.9	255.973
297	256.008
297.1	256.043
297.2	256.078
297.3	256.113
297.4	256.147
297.5	256.182
297.6	256.217
297.7	256.252
297.8	256.287
297.9	256.322
298	256.356
298.1	256.391
298.2	256.426
298.3	256.461
298.4	256.496
298.5	256.53
298.6	256.565
298.7	256.6
298.8	256.635
298.9	256.669
299	256.704
299.1	256.739
299.2	256.774
299.3	256.808
299.4	256.843
299.5	256.878
299.6	256.913
299.7	256.947
299.8	256.982
299.9	257.017
300	257.051
