POINT_NUMBER ECM(GEV)    ECM_MIN  ECM_MAX  SIG(MB) STA_ERR+ STA_ERR- SY_ER+(PCT) SY_ER-(PCT) REFERENCE FLAG
1    1.50000    1.50000    1.50000    6.0600E-04 1.0E-04 1.0E-04    10.  10.  BARU 92          ZP C53, 219
2    1.75000    1.50000    2.00000    6.2700E-04 1.6E-04 1.6E-04    0.0  0.0  BERGER 84K       PL 149B, 421
3    2.00000    2.00000    2.00000    3.5200E-04 4.9E-05 4.9E-05    9.9  9.9  BARU 92          ZP C53, 219
4    2.50000    2.00000    3.00000    3.5500E-04 4.1E-05 4.1E-05    0.0  0.0  BINTINGER 85     PRL 54, 763
5    2.50000    2.00000    3.00000    4.7100E-04 1.2E-05 1.2E-05    23.  23.  AIHARA 90        PR D41, 2667
6    2.50000    2.50000    2.50000    3.5600E-04 4.2E-05 4.2E-05    9.3  9.3  BARU 92          ZP C53, 219
7    2.50000    2.00000    3.00000    4.8900E-04 5.4E-05 5.4E-05    0.0  0.0  BERGER 84K       PL 149B, 421
8    3.00000    3.00000    3.00000    2.6000E-04 3.7E-05 3.7E-05    8.5  8.5  BARU 92          ZP C53, 219
9    3.50000    3.50000    3.50000    3.5200E-04 5.9E-05 5.9E-05    12.  12.  BARU 92          ZP C53, 219
10   3.50000    3.00000    4.00000    3.1200E-04 4.3E-05 4.3E-05    0.0  0.0  BINTINGER 85     PRL 54, 763
11   3.50000    3.00000    4.00000    4.7900E-04 1.6E-05 1.6E-05    21.  21.  AIHARA 90        PR D41, 2667
12   3.50000    3.00000    4.00000    3.6900E-04 6.2E-05 6.2E-05    0.0  0.0  BERGER 84K       PL 149B, 421
13   4.00000    4.00000    4.00000    2.1400E-04 6.4E-05 6.4E-05    13.  13.  BARU 92          ZP C53, 219
14   4.50000    4.00000    5.00000    4.1500E-04 5.6E-05 5.6E-05    17.  17.  BINTINGER 85     PRL 54, 763
15   5.00000    4.00000    6.00000    4.0800E-04 1.6E-05 1.6E-05    21.  21.  AIHARA 90        PR D41, 2667
16   5.00000    4.00000    6.00000    2.9300E-04 5.6E-05 5.6E-05    0.0  0.0  BERGER 84K       PL 149B, 421
17   5.50000    5.00000    6.00000    4.4500E-04 6.5E-05 6.5E-05    17.  17.  BINTINGER 85     PRL 54, 763
18   6.00000    5.00000    7.00000    3.4000E-04 4.6E-06 4.6E-06    12.  12.  ACCIARRI 97E     PL 408B, 450
19   6.50000    6.00000    7.00000    3.5200E-04 6.7E-05 6.7E-05    17.  17.  BINTINGER 85     PRL 54, 763
20   6.70000    5.00000    9.00000    3.9720E-04 5.0E-07 5.0E-07    11.  11.  ACCIARRI 01C     PL 519B, 33
21   7.00000    6.00000    8.00000    2.1800E-04 6.6E-05 6.6E-05    0.0  0.0  BERGER 84K       PL 149B, 421
22   7.00000    6.00000    8.00000    3.3100E-04 2.4E-05 2.4E-05    21.  21.  AIHARA 90        PR D41, 2667
23   7.50000    7.00000    8.00000    3.9800E-04 8.3E-05 8.3E-05    17.  17.  BINTINGER 85     PRL 54, 763
24   8.00000    7.00000    9.00000    3.2700E-04 4.4E-06 4.4E-06    11.  11.  ACCIARRI 97E     PL 408B, 450
25   8.50000    8.00000    9.00000    3.2000E-04 7.7E-05 7.7E-05    17.  17.  BINTINGER 85     PRL 54, 763
26   9.00000    8.00000    10.00000   2.5400E-04 1.0E-04 1.0E-04    0.0  0.0  BERGER 84K       PL 149B, 421
27   9.00000    8.00000    10.00000   3.9100E-04 2.4E-05 2.4E-05    21.  21.  AIHARA 90        PR D41, 2667
28   9.50000    9.00000    10.00000   5.4400E-04 1.1E-04 1.1E-04    17.  17.  BINTINGER 85     PRL 54, 763
29   10.50000   10.00000   11.00000   2.6400E-04 8.8E-05 8.8E-05    17.  17.  BINTINGER 85     PRL 54, 763
30   11.00000   9.00000    13.00000   3.1000E-04 3.3E-06 3.3E-06    8.5  8.5  ACCIARRI 97E     PL 408B, 450
31   12.00000   11.00000   13.00000   3.4900E-04 1.0E-04 1.0E-04    23.  23.  BINTINGER 85     PRL 54, 763
32   12.30000   9.00000    17.00000   3.6520E-04 4.0E-07 4.0E-07    7.3  7.3  ACCIARRI 01C     PL 519B, 33
33   14.00000   13.00000   15.00000   3.2200E-04 9.7E-05 9.7E-05    23.  23.  BINTINGER 85     PRL 54, 763
34   15.00000   13.00000   17.00000   3.0300E-04 3.8E-06 3.8E-06    28.  28.  ACCIARRI 97E     PL 408B, 450
35   15.00000   10.00000   20.00000   3.6200E-04 3.0E-06 3.0E-06    12.  12.  ABBIENDI 99E     EPJ C14, 199
36   17.50000   15.00000   20.00000   3.1000E-04 9.5E-05 9.5E-05    23.  23.  BINTINGER 85     PRL 54, 763
37   20.00000   17.00000   23.00000   3.0300E-04 3.8E-06 3.8E-06    8.6  8.6  ACCIARRI 97E     PL 408B, 450
38   22.70000   17.00000   31.00000   3.5440E-04 5.0E-07 5.0E-07    7.2  7.2  ACCIARRI 01C     PL 519B, 33
39   27.00000   23.00000   31.00000   3.1000E-04 4.4E-06 4.4E-06    9.5  9.5  ACCIARRI 97E     PL 408B, 450
40   27.50000   20.00000   35.00000   3.7200E-04 3.0E-06 3.0E-06    13.  13.  ABBIENDI 99E     EPJ C14, 199
41   35.00000   31.00000   39.00000   3.2900E-04 6.0E-06 6.0E-06    9.7  9.7  ACCIARRI 97E     PL 408B, 450
42   37.80000   31.00000   47.00000   3.7480E-04 8.0E-07 8.0E-07    8.8  8.8  ACCIARRI 01C     PL 519B, 33
43   43.00000   39.00000   47.00000   3.4500E-04 7.9E-06 7.9E-06    11.  11.  ACCIARRI 97E     PL 408B, 450
44   45.00000   35.00000   55.00000   4.1400E-04 4.0E-06 4.0E-06    12.  12.  ABBIENDI 99E     EPJ C14, 199
45   51.00000   47.00000   55.00000   3.6400E-04 1.0E-05 1.0E-05    12.  12.  ACCIARRI 97E     PL 408B, 450
46   54.80000   47.00000   65.00000   4.1150E-04 1.1E-06 1.1E-06    10.  10.  ACCIARRI 01C     PL 519B, 33
47   65.00000   55.00000   75.00000   3.7300E-04 9.5E-06 9.5E-06    13.  13.  ACCIARRI 97E     PL 408B, 450
48   67.50000   55.00000   80.00000   4.3900E-04 5.0E-06 5.0E-06    12.  12.  ABBIENDI 99E     EPJ C14, 199
49   80.20000   65.00000   105.00000  4.7030E-04 1.4E-06 1.4E-06    12.  12.  ACCIARRI 01C     PL 519B, 33
50   95.00000   80.00000   110.00000  4.6400E-04 7.0E-06 7.0E-06    18.  15.  ABBIENDI 99E     EPJ C14, 199
51   120.40000  105.00000  145.00000  5.7200E-04 3.3E-06 3.3E-06    19.  19.  ACCIARRI 01C     PL 519B, 33
52   158.69999  145.00000  185.00000  7.3410E-04 8.7E-06 8.7E-06    31.  31.  ACCIARRI 01C     PL 519B, 33